    # time       flux      error   full_mod    gp*base    transit   det_flux
8209.555598   1.007264   0.000705   1.007697   1.007697   1.000000   0.999571
8209.556263   1.006767   0.000704   1.007357   1.007357   1.000000   0.999414
8209.556931   1.007128   0.000704   1.007666   1.007666   1.000000   0.999466
8209.557602   1.007728   0.000705   1.007412   1.007412   1.000000   1.000313
8209.558277   1.005616   0.000697   1.007134   1.007134   1.000000   0.998493
8209.558947   1.006977   0.000698   1.007331   1.007331   1.000000   0.999649
8209.559617   1.006313   0.000697   1.007291   1.007291   1.000000   0.999029
8209.560289   1.006909   0.000697   1.007309   1.007309   1.000000   0.999603
8209.560961   1.006984   0.000698   1.007529   1.007529   1.000000   0.999459
8209.561633   1.007273   0.000691   1.007317   1.007317   1.000000   0.999956
8209.562304   1.006937   0.000691   1.007146   1.007146   1.000000   0.999792
8209.562976   1.007632   0.000692   1.007474   1.007474   1.000000   1.000157
8209.563645   1.008532   0.000692   1.006920   1.006920   1.000000   1.001601
8209.564316   1.005976   0.000690   1.006726   1.006726   1.000000   0.999255
8209.564987   1.006963   0.000691   1.006983   1.006983   1.000000   0.999980
8209.565658   1.006085   0.000684   1.006885   1.006885   1.000000   0.999206
8209.566330   1.006458   0.000684   1.007043   1.007043   1.000000   0.999419
8209.567000   1.007194   0.000685   1.006813   1.006813   1.000000   1.000378
8209.567674   1.008580   0.000686   1.007487   1.007487   1.000000   1.001085
8209.568345   1.008403   0.000686   1.007661   1.007661   1.000000   1.000737
8209.569015   1.006670   0.000678   1.007467   1.007467   1.000000   0.999209
8209.569689   1.007301   0.000678   1.007610   1.007610   1.000000   0.999694
8209.570358   1.006980   0.000678   1.007510   1.007510   1.000000   0.999474
8209.571030   1.007620   0.000678   1.007426   1.007426   1.000000   1.000192
8209.571701   1.006361   0.000678   1.007077   1.007077   1.000000   0.999289
8209.572374   1.007428   0.000678   1.007689   1.007689   1.000000   0.999741
8209.573047   1.006022   0.000671   1.006862   1.006862   1.000000   0.999166
8209.573721   1.006175   0.000672   1.007123   1.007123   1.000000   0.999059
8209.574394   1.007220   0.000673   1.007158   1.007158   1.000000   1.000061
8209.575072   1.007781   0.000673   1.007720   1.007720   1.000000   1.000060
8209.575749   1.006533   0.000672   1.007212   1.007212   1.000000   0.999326
8209.576407   1.008181   0.000673   1.006966   1.006966   1.000000   1.001207
8209.577080   1.007724   0.000672   1.006876   1.006876   1.000000   1.000843
8209.577751   1.007394   0.000666   1.007791   1.007791   1.000000   0.999606
8209.578426   1.007778   0.000666   1.007846   1.007846   1.000000   0.999933
8209.579102   1.008065   0.000666   1.007295   1.007295   1.000000   1.000765
8209.579775   1.006749   0.000665   1.007748   1.007748   1.000000   0.999009
8209.580446   1.008161   0.000666   1.007982   1.007982   1.000000   1.000178
8209.581107   1.007758   0.000666   1.007251   1.007251   1.000000   1.000504
8209.581777   1.007888   0.000666   1.007447   1.007447   1.000000   1.000438
8209.582456   1.007936   0.000666   1.007714   1.007714   1.000000   1.000220
8209.583132   1.006894   0.000659   1.007588   1.007588   1.000000   0.999312
8209.583906   1.008765   0.000661   1.007534   1.007534   1.000000   1.001222
8209.584580   1.006713   0.000660   1.006950   1.006950   1.000000   0.999765
8209.585259   1.005062   0.000659   1.006787   1.006787   1.000000   0.998286
8209.585934   1.006784   0.000660   1.007245   1.007245   1.000000   0.999543
8209.586604   1.007314   0.000660   1.007132   1.007132   1.000000   1.000181
8209.587264   1.006081   0.000659   1.007342   1.007342   1.000000   0.998748
8209.587935   1.006796   0.000659   1.007459   1.007459   1.000000   0.999342
8209.588605   1.006478   0.000659   1.007235   1.007235   1.000000   0.999249
8209.589280   1.005981   0.000653   1.006958   1.006958   1.000000   0.999030
8209.589949   1.007376   0.000654   1.007366   1.007366   1.000000   1.000010
8209.590608   1.006501   0.000653   1.007418   1.007418   1.000000   0.999090
8209.591283   1.007983   0.000654   1.007124   1.007124   1.000000   1.000853
8209.591958   1.007447   0.000654   1.007527   1.007527   1.000000   0.999920
8209.592634   1.008403   0.000654   1.007850   1.007850   1.000000   1.000549
8209.593311   1.007691   0.000654   1.007664   1.007664   1.000000   1.000026
8209.594021   1.008001   0.000654   1.008240   1.008240   1.000000   0.999763
8209.594694   1.008245   0.000654   1.008596   1.008596   1.000000   0.999652
8209.595369   1.008173   0.000654   1.008475   1.008475   1.000000   0.999700
8209.596042   1.009648   0.000655   1.008586   1.008586   1.000000   1.001053
8209.596715   1.008038   0.000648   1.008465   1.008465   1.000000   0.999577
8209.597387   1.007594   0.000648   1.008344   1.008344   1.000000   0.999256
8209.598065   1.008785   0.000648   1.008513   1.008513   1.000000   1.000270
8209.598736   1.008909   0.000648   1.008598   1.008598   1.000000   1.000308
8209.599408   1.009442   0.000649   1.008383   1.008383   1.000000   1.001051
8209.600078   1.008337   0.000648   1.008323   1.008323   1.000000   1.000014
8209.600748   1.007315   0.000647   1.008220   1.008220   1.000000   0.999103
8209.601427   1.007651   0.000647   1.008175   1.008175   1.000000   0.999481
8209.602103   1.007260   0.000647   1.007403   1.007403   1.000000   0.999858
8209.602773   1.009765   0.000649   1.007866   1.007866   1.000000   1.001884
8209.603447   1.007708   0.000648   1.007314   1.007314   1.000000   1.000391
8209.604121   1.008580   0.000649   1.007616   1.007616   1.000000   1.000957
8209.604792   1.006455   0.000647   1.007606   1.007606   1.000000   0.998858
8209.605465   1.004894   0.000647   1.007321   1.007321   1.000000   0.997591
8209.606142   1.006431   0.000647   1.007396   1.007403   0.999993   0.999035
8209.606813   1.006135   0.000647   1.007222   1.007308   0.999915   0.998835
8209.607484   1.005797   0.000647   1.006805   1.007022   0.999785   0.998784
8209.608157   1.007971   0.000642   1.006924   1.007313   0.999615   1.000654
8209.608828   1.006057   0.000640   1.007222   1.007815   0.999412   0.998256
8209.609499   1.007774   0.000642   1.006469   1.007296   0.999179   1.000475
8209.610169   1.006086   0.000641   1.005995   1.007081   0.998921   0.999012
8209.610841   1.004661   0.000640   1.005581   1.006951   0.998639   0.997725
8209.611511   1.003181   0.000640   1.004959   1.006634   0.998336   0.996570
8209.612187   1.003662   0.000640   1.004061   1.006063   0.998011   0.997614
8209.612864   1.004222   0.000640   1.004509   1.006858   0.997668   0.997382
8209.613540   1.004996   0.000640   1.004003   1.006711   0.997310   0.998297
8209.614210   1.003417   0.000640   1.003439   1.006517   0.996942   0.996920
8209.614886   1.004251   0.000640   1.003707   1.007173   0.996559   0.997099
8209.615563   1.002238   0.000639   1.002757   1.006617   0.996165   0.995650
8209.616244   1.002531   0.000639   1.002731   1.007000   0.995761   0.995562
8209.616906   1.001590   0.000639   1.001810   1.006478   0.995362   0.995143
8209.617577   1.000511   0.000638   1.001433   1.006512   0.994954   0.994038
8209.618251   1.001855   0.000638   1.001099   1.006593   0.994542   0.995293
8209.618919   0.998958   0.000637   1.000269   1.006172   0.994134   0.992830
8209.619588   1.000610   0.000638   1.000362   1.006676   0.993727   0.993974
8209.620263   0.999384   0.000637   0.999598   1.006318   0.993322   0.993109
8209.620933   0.998895   0.000637   0.999347   1.006464   0.992928   0.992480
8209.621605   0.997847   0.000636   0.998519   1.006020   0.992545   0.991876
8209.622283   0.998237   0.000636   0.998408   1.006284   0.992173   0.992003
8209.622960   0.999710   0.000637   0.998226   1.006457   0.991822   0.993296
8209.623633   0.997469   0.000636   0.997824   1.006378   0.991500   0.991147
8209.624305   0.997052   0.000636   0.996817   1.005650   0.991217   0.991450
8209.624974   0.997445   0.000636   0.996927   1.005977   0.991004   0.991519
8209.625648   0.996629   0.000635   0.997136   1.006343   0.990851   0.990347
8209.626319   0.996836   0.000635   0.997012   1.006358   0.990712   0.990538
8209.626989   0.996046   0.000635   0.996558   1.006032   0.990583   0.990074
8209.627662   0.996063   0.000635   0.996979   1.006580   0.990462   0.989551
8209.628335   0.995479   0.000635   0.996702   1.006417   0.990347   0.989132
8209.629012   0.995385   0.000635   0.996210   1.006032   0.990237   0.989417
8209.629683   0.997284   0.000636   0.996544   1.006474   0.990134   0.990869
8209.630360   0.995041   0.000635   0.995976   1.006001   0.990035   0.989105
8209.631037   0.996808   0.000636   0.996363   1.006489   0.989939   0.990382
8209.631710   0.994930   0.000634   0.996001   1.006216   0.989849   0.988784
8209.632383   0.994166   0.000634   0.995184   1.005478   0.989762   0.988750
8209.633056   0.995818   0.000635   0.995861   1.006247   0.989678   0.989636
8209.633731   0.994996   0.000635   0.995672   1.006138   0.989597   0.988926
8209.634406   0.994819   0.000635   0.995503   1.006047   0.989519   0.988840
8209.635084   0.995493   0.000635   0.995495   1.006115   0.989444   0.989442
8209.635758   0.995778   0.000635   0.995841   1.006539   0.989372   0.989309
8209.636431   0.995280   0.000634   0.995426   1.006191   0.989302   0.989156
8209.637107   0.995214   0.000634   0.995183   1.006014   0.989234   0.989265
8209.637777   0.997270   0.000635   0.995659   1.006562   0.989169   0.990769
8209.638447   0.994106   0.000639   0.995074   1.006034   0.989105   0.988143
8209.639121   0.996236   0.000640   0.995601   1.006630   0.989044   0.989675
8209.639798   0.995613   0.000640   0.995596   1.006686   0.988984   0.989001
8209.640469   0.997116   0.000641   0.996153   1.007308   0.988926   0.989882
8209.641141   0.994628   0.000640   0.995810   1.007018   0.988870   0.987697
8209.641812   0.993579   0.000639   0.996051   1.007317   0.988816   0.986362
8209.642488   0.994992   0.000640   0.995167   1.006477   0.988763   0.988589
8209.643167   0.995137   0.000640   0.995659   1.007028   0.988711   0.988192
8209.643835   0.996789   0.000642   0.996047   1.007470   0.988661   0.989398
8209.644510   0.995197   0.000641   0.995458   1.006925   0.988612   0.988353
8209.645185   0.995700   0.000641   0.996316   1.007841   0.988565   0.987954
8209.645857   0.996669   0.000642   0.995605   1.007168   0.988519   0.989575
8209.646526   0.995552   0.000641   0.995811   1.007422   0.988474   0.988217
8209.647198   0.996846   0.000642   0.995550   1.007202   0.988431   0.989718
8209.647872   0.996070   0.000641   0.995421   1.007115   0.988388   0.989033
8209.648555   0.995256   0.000641   0.995445   1.007182   0.988346   0.988159
8209.649230   0.995855   0.000641   0.995553   1.007333   0.988306   0.988606
8209.649903   0.995286   0.000646   0.995712   1.007534   0.988267   0.987844
8209.650574   0.994514   0.000646   0.995354   1.007210   0.988229   0.987395
8209.651360   0.996432   0.000647   0.995628   1.007531   0.988186   0.988984
8209.652033   0.992725   0.000645   0.995308   1.007244   0.988150   0.985585
8209.652703   0.995687   0.000647   0.995346   1.007318   0.988115   0.988453
8209.653373   0.995767   0.000647   0.995496   1.007505   0.988081   0.988349
8209.654047   0.995554   0.000647   0.995703   1.007748   0.988047   0.987899
8209.654716   0.994301   0.000646   0.994964   1.007033   0.988015   0.987357
8209.655389   0.995820   0.000647   0.995182   1.007286   0.987983   0.988617
8209.656059   0.993975   0.000646   0.995159   1.007295   0.987952   0.986777
8209.656731   0.996613   0.000648   0.995929   1.008104   0.987922   0.988601
8209.657402   0.994353   0.000652   0.995197   1.007393   0.987893   0.987056
8209.658072   0.995596   0.000653   0.995405   1.007633   0.987865   0.988054
8209.658742   0.995172   0.000653   0.995029   1.007281   0.987837   0.987979
8209.659416   0.994982   0.000653   0.995293   1.007575   0.987810   0.987501
8209.660087   0.995078   0.000653   0.995095   1.007402   0.987784   0.987767
8209.660758   0.995016   0.000653   0.995146   1.007480   0.987758   0.987629
8209.661431   0.995176   0.000653   0.995530   1.007894   0.987733   0.987382
8209.662103   0.994017   0.000652   0.994988   1.007369   0.987709   0.986745
8209.662774   0.994355   0.000653   0.994730   1.007132   0.987685   0.987313
8209.663449   0.995317   0.000659   0.995173   1.007605   0.987662   0.987805
8209.664131   0.993666   0.000658   0.994988   1.007441   0.987639   0.986327
8209.664807   0.994657   0.000659   0.994678   1.007149   0.987617   0.987597
8209.665479   0.994692   0.000659   0.994637   1.007129   0.987596   0.987651
8209.666152   0.993630   0.000659   0.994722   1.007236   0.987575   0.986491
8209.666822   0.995690   0.000659   0.995100   1.007639   0.987555   0.988141
8209.667494   0.995684   0.000659   0.995210   1.007771   0.987536   0.988007
8209.668162   0.995074   0.000659   0.994985   1.007562   0.987517   0.987606
8209.668836   0.994007   0.000665   0.995205   1.007804   0.987499   0.986310
8209.669506   0.994733   0.000665   0.994512   1.007120   0.987481   0.987701
8209.670178   0.994006   0.000665   0.994617   1.007244   0.987464   0.986857
8209.670850   0.995177   0.000665   0.995104   1.007754   0.987447   0.987519
8209.671521   0.995077   0.000665   0.994917   1.007582   0.987430   0.987589
8209.672192   0.993724   0.000664   0.995115   1.007798   0.987415   0.986035
8209.672864   0.995859   0.000666   0.995118   1.007817   0.987399   0.988135
8209.673536   0.994627   0.000672   0.995024   1.007737   0.987385   0.986990
8209.674207   0.996060   0.000672   0.994996   1.007723   0.987370   0.988426
8209.674880   0.995049   0.000672   0.994940   1.007681   0.987356   0.987464
8209.675556   0.995210   0.000672   0.994686   1.007438   0.987343   0.987862
8209.676230   0.993220   0.000671   0.993970   1.006725   0.987330   0.986585
8209.676892   0.994204   0.000671   0.994719   1.007497   0.987318   0.986806
8209.677563   0.994978   0.000678   0.995307   1.008104   0.987306   0.986979
8209.678233   0.994991   0.000678   0.994787   1.007589   0.987294   0.987497
8209.678905   0.994920   0.000678   0.995105   1.007923   0.987283   0.987100
8209.679578   0.993569   0.000678   0.993685   1.006495   0.987272   0.987157
8209.680253   0.994491   0.000678   0.994571   1.007404   0.987262   0.987182
8209.680933   0.995083   0.000679   0.994848   1.007694   0.987252   0.987485
8209.681606   0.993623   0.000685   0.994278   1.007127   0.987242   0.986592
8209.682283   0.993802   0.000685   0.994226   1.007083   0.987233   0.986813
8209.682957   0.992565   0.000684   0.993756   1.006615   0.987225   0.986042
8209.683627   0.992930   0.000684   0.993513   1.006378   0.987217   0.986637
8209.684298   0.993529   0.000685   0.994328   1.007211   0.987209   0.986416
8209.684972   0.993832   0.000691   0.994664   1.007559   0.987202   0.986376
8209.685735   0.995073   0.000692   0.994842   1.007748   0.987194   0.987422
8209.686405   0.994670   0.000692   0.994631   1.007540   0.987187   0.987226
8209.687077   0.994123   0.000691   0.993882   1.006788   0.987181   0.987420
8209.687748   0.994397   0.000691   0.994120   1.007035   0.987175   0.987450
8209.688420   0.993400   0.000697   0.993978   1.006896   0.987170   0.986596
8209.689100   0.992926   0.000697   0.994016   1.006940   0.987165   0.986083
8209.689785   0.993874   0.000698   0.993853   1.006779   0.987161   0.987182
8209.690456   0.995374   0.000698   0.994765   1.007708   0.987156   0.987760
8209.691128   0.994772   0.000705   0.994200   1.007139   0.987153   0.987720
8209.691799   0.995139   0.000705   0.994479   1.007425   0.987149   0.987804
8209.692469   0.994642   0.000705   0.994796   1.007749   0.987146   0.986994
8209.693140   0.993942   0.000704   0.994217   1.007165   0.987144   0.986871
8209.693812   0.994113   0.000705   0.994249   1.007200   0.987142   0.987007
8209.694581   0.994124   0.000711   0.994283   1.007237   0.987140   0.986981
8209.695251   0.994289   0.000711   0.994038   1.006989   0.987138   0.987388
8209.695922   0.994062   0.000711   0.994086   1.007040   0.987137   0.987113
8209.696592   0.992778   0.000711   0.994494   1.007454   0.987136   0.985433
8209.697264   0.995473   0.000719   0.994234   1.007190   0.987136   0.988367
8209.697935   0.992840   0.000717   0.993833   1.006784   0.987136   0.986150
8209.698607   0.994624   0.000719   0.994332   1.007289   0.987137   0.987426
8209.699277   0.994421   0.000718   0.994927   1.007891   0.987138   0.986636
8209.699945   0.995642   0.000726   0.994301   1.007256   0.987139   0.988470
8209.700617   0.994174   0.000725   0.994456   1.007411   0.987140   0.986860
8209.701289   0.993934   0.000725   0.994931   1.007890   0.987142   0.986154
8209.701958   0.993113   0.000731   0.994877   1.007833   0.987145   0.985394
8209.702631   0.994486   0.000732   0.994609   1.007559   0.987148   0.987026
8209.703302   0.994361   0.000732   0.994482   1.007427   0.987151   0.987030
8209.703974   0.993525   0.000732   0.994778   1.007723   0.987154   0.985911
8209.704643   0.993884   0.000739   0.994439   1.007376   0.987158   0.986607
8209.705314   0.996364   0.000741   0.994657   1.007593   0.987162   0.988856
8209.705987   0.993851   0.000739   0.994703   1.007634   0.987167   0.986322
8209.706664   0.995228   0.000747   0.994492   1.007415   0.987172   0.987903
8209.707334   0.994008   0.000746   0.994511   1.007429   0.987178   0.986678
8209.708006   0.994564   0.000747   0.994532   1.007444   0.987183   0.987215
8209.708674   0.993299   0.000746   0.994660   1.007567   0.987190   0.985839
8209.709448   0.994827   0.000754   0.994704   1.007604   0.987197   0.987320
8209.710119   0.995448   0.000755   0.994854   1.007749   0.987204   0.987794
8209.710797   0.995566   0.000755   0.995770   1.008669   0.987212   0.987009
8209.711471   0.996316   0.000762   0.995570   1.008458   0.987220   0.987960
8209.712144   0.995614   0.000762   0.995257   1.008133   0.987228   0.987582
8209.712816   0.995165   0.000762   0.995395   1.008264   0.987237   0.987008
8209.713489   0.994731   0.000768   0.995795   1.008659   0.987246   0.986192
8209.714158   0.996357   0.000770   0.996005   1.008862   0.987256   0.987605
8209.714829   0.994713   0.000769   0.995070   1.007906   0.987266   0.986911
8209.715501   0.995002   0.000777   0.994876   1.007698   0.987276   0.987401
8209.716183   0.996954   0.000778   0.995450   1.008268   0.987287   0.988779
8209.716860   0.992971   0.000775   0.995313   1.008118   0.987298   0.984975
8209.717536   0.994187   0.000784   0.995044   1.007833   0.987310   0.986460
8209.718209   0.995283   0.000785   0.994979   1.007754   0.987322   0.987624
8209.718881   0.995359   0.000792   0.994988   1.007751   0.987335   0.987703
8209.719551   0.995359   0.000792   0.996094   1.008858   0.987348   0.986619
8209.720222   0.994714   0.000792   0.995247   1.007986   0.987362   0.986833
8209.720893   0.995471   0.000800   0.995073   1.007795   0.987376   0.987771
8209.721564   0.994493   0.000799   0.995356   1.008067   0.987390   0.986534
8209.722238   0.996641   0.000801   0.995502   1.008199   0.987405   0.988536
8209.722912   0.995901   0.000808   0.995041   1.007717   0.987421   0.988274
8209.723582   0.993016   0.000806   0.994690   1.007345   0.987437   0.985775
8209.724255   0.996152   0.000816   0.994846   1.007487   0.987453   0.988749
8209.724926   0.993986   0.000814   0.995351   1.007980   0.987470   0.986117
8209.725596   0.995540   0.000816   0.995153   1.007762   0.987488   0.987872
8209.726268   0.993120   0.000822   0.994893   1.007480   0.987506   0.985746
8209.726938   0.993700   0.000822   0.995188   1.007760   0.987525   0.986048
8209.727609   0.995136   0.000831   0.995267   1.007820   0.987544   0.987414
8209.728394   0.995761   0.000831   0.995093   1.007621   0.987567   0.988230
8209.729068   0.996627   0.000840   0.995334   1.007844   0.987587   0.988870
8209.729741   0.993893   0.000838   0.995777   1.008272   0.987608   0.985739
8209.730412   0.995247   0.000847   0.995358   1.007825   0.987630   0.987520
8209.731082   0.997432   0.000849   0.995341   1.007785   0.987652   0.989727
8209.731758   0.993852   0.000854   0.995287   1.007708   0.987675   0.986250
8209.732433   0.996509   0.000856   0.995700   1.008102   0.987698   0.988500
8209.733105   0.996928   0.000856   0.995584   1.007959   0.987722   0.989056
8209.733774   0.997837   0.000865   0.995490   1.007839   0.987747   0.990075
8209.734446   0.994260   0.000862   0.995492   1.007816   0.987772   0.986549
8209.735119   0.995732   0.000872   0.995262   1.007556   0.987798   0.988265
8209.735790   0.995723   0.000872   0.995670   1.007942   0.987825   0.987878
8209.736467   0.992301   0.000877   0.994971   1.007206   0.987852   0.985201
8209.737144   0.996368   0.000881   0.995309   1.007519   0.987881   0.988932
8209.737819   0.994605   0.000888   0.995086   1.007264   0.987910   0.987432
8209.738491   0.993490   0.000887   0.995148   1.007296   0.987940   0.986294
8209.739162   0.994429   0.000896   0.995317   1.007436   0.987970   0.987089
8209.739841   0.995296   0.000897   0.995524   1.007613   0.988002   0.987776
8209.740517   0.993715   0.000903   0.995336   1.007391   0.988034   0.986425
8209.741194   0.997110   0.000915   0.995367   1.007388   0.988067   0.989797
8209.741868   0.994450   0.000913   0.995704   1.007695   0.988101   0.986856
8209.742541   0.995631   0.000923   0.995412   1.007364   0.988136   0.988353
8209.743211   0.995570   0.000923   0.995441   1.007357   0.988171   0.988299
8209.743883   0.993705   0.000930   0.995488   1.007367   0.988208   0.986438
8209.744557   0.996279   0.000932   0.995350   1.007189   0.988245   0.989168
8209.745227   0.994531   0.000939   0.995125   1.006923   0.988284   0.987694
8209.745999   0.994274   0.000948   0.995702   1.007459   0.988329   0.986912
8209.746675   0.993219   0.000947   0.995658   1.007373   0.988370   0.985949
8209.747350   0.993691   0.000957   0.995694   1.007367   0.988412   0.986424
8209.748023   0.992837   0.000955   0.996152   1.007786   0.988456   0.985166
8209.748692   0.994444   0.000966   0.996286   1.007877   0.988500   0.986672
8209.749366   0.996707   0.000977   0.996280   1.007825   0.988545   0.988969
8209.750038   0.996826   0.000978   0.996193   1.007689   0.988592   0.989220
8209.750710   0.996615   0.000986   0.996974   1.008430   0.988640   0.988284
8209.751382   0.998236   0.000997   0.997040   1.008446   0.988689   0.989875
8209.752056   0.997604   0.000996   0.996537   1.007885   0.988740   0.989799
8209.752728   0.996690   0.001005   0.996764   1.008062   0.988792   0.988719
8209.753398   0.999239   0.001016   0.996626   1.007868   0.988846   0.991438
8209.754068   0.997575   0.001015   0.997075   1.008265   0.988901   0.989397
8209.754739   0.994239   0.001021   0.996979   1.008111   0.988958   0.986240
8209.755411   0.997209   0.001033   0.997049   1.008122   0.989017   0.989175
8209.756096   0.996617   0.001032   0.997274   1.008286   0.989078   0.988427
8209.756773   0.999816   0.001045   0.997841   1.008795   0.989141   0.991099
8209.757453   0.995943   0.001051   0.997484   1.008368   0.989207   0.987679
8209.758132   0.996999   0.001061   0.997583   1.008400   0.989274   0.988694
8209.758800   1.000057   0.001065   0.997814   1.008563   0.989342   0.991566
8209.759472   0.996946   0.001071   0.997565   1.008239   0.989413   0.988799
8209.760145   0.997604   0.001081   0.997547   1.008146   0.989487   0.989544
8209.760822   0.998019   0.001091   0.998206   1.008733   0.989564   0.989379
8209.761494   0.997837   0.001091   0.997963   1.008407   0.989643   0.989518
8209.762166   0.997380   0.001101   0.997828   1.008187   0.989726   0.989281
8209.762844   0.996647   0.001109   0.997978   1.008250   0.989812   0.988492
8209.763522   0.999672   0.001123   0.998009   1.008190   0.989902   0.991551
8209.764191   0.997870   0.001131   0.998298   1.008388   0.989994   0.989569
8209.764862   0.993825   0.001136   0.997966   1.007954   0.990091   0.985983
8209.765534   0.999469   0.001143   0.998724   1.008617   0.990192   0.990930
8209.766205   0.999387   0.001152   0.998965   1.008752   0.990298   0.990717
8209.766878   0.996785   0.001159   0.999154   1.008828   0.990410   0.988062
8209.767553   0.999630   0.001173   0.999103   1.008656   0.990529   0.991051
8209.768228   0.996346   0.001179   0.999171   1.008596   0.990655   0.987855
8209.768902   1.003372   0.001198   0.999255   1.008543   0.990791   0.994873
8209.769580   1.001285   0.001206   0.999361   1.008501   0.990938   0.992845
8209.770256   0.999030   0.001213   0.999591   1.008550   0.991117   0.990560
8209.770928   0.995505   0.001219   0.999867   1.008563   0.991379   0.987053
8209.771598   1.001611   0.001238   1.000153   1.008540   0.991685   0.993130
8209.772274   1.000663   0.001247   1.000293   1.008335   0.992025   0.992392
8209.772951   1.002928   0.001260   1.000808   1.008484   0.992388   0.994491
8209.773624   1.001221   0.001269   1.001225   1.008520   0.992767   0.992763
8209.774295   1.002694   0.001281   1.001699   1.008601   0.993157   0.994144
8209.774974   1.000262   0.001289   1.001992   1.008485   0.993562   0.991846
8209.775651   1.003141   0.001304   1.002156   1.008234   0.993971   0.994948
8209.776321   0.999534   0.001310   1.002531   1.008197   0.994380   0.991408
8209.776993   1.002867   0.001325   1.003153   1.008405   0.994791   0.994508
8209.777662   1.004321   0.001338   1.003592   1.008433   0.995199   0.995922
8209.778336   1.004848   0.001350   1.003711   1.008140   0.995607   0.996734
8209.779006   1.003747   0.001360   1.004209   1.008235   0.996007   0.995549
8209.779675   1.000837   0.001367   1.004662   1.008293   0.996399   0.992606
8209.780352   1.001728   0.001391   1.004918   1.008157   0.996787   0.993623
8209.781027   1.006763   0.001409   1.005342   1.008202   0.997163   0.998573
8209.781711   1.004147   0.001417   1.005582   1.008071   0.997531   0.996108
8209.782374   1.008349   0.001434   1.005811   1.007955   0.997873   1.000391
8209.783051   1.006421   0.001443   1.006086   1.007894   0.998206   0.998539
8209.783728   1.000325   0.001457   1.006563   1.008055   0.998520   0.992332
8209.784398   1.006091   0.001478   1.006667   1.007866   0.998810   0.998239
8209.785070   1.006331   0.001489   1.007037   1.007965   0.999079   0.998379
8209.785743   1.007197   0.001503   1.007158   1.007840   0.999323   0.999362
8209.786505   1.011186   0.001533   1.007547   1.007986   0.999565   1.003175
8209.787176   1.007114   0.001538   1.007814   1.008072   0.999744   0.999050
8209.787846   1.007491   0.001563   1.007713   1.007829   0.999885   0.999664
8209.788518   1.007271   0.001575   1.007804   1.007825   0.999979   0.999450
8209.789204   1.006584   0.001586   1.007675   1.007675   1.000000   0.998917
8209.789868   1.006551   0.001610   1.007768   1.007768   1.000000   0.998792
8209.790546   1.007899   0.001625   1.008088   1.008088   1.000000   0.999812
8209.791215   1.007102   0.001648   1.007833   1.007833   1.000000   0.999275
8209.791887   1.007258   0.001661   1.007779   1.007779   1.000000   0.999483
8209.792559   1.005987   0.001684   1.007502   1.007502   1.000000   0.998496
8209.793239   1.008684   0.001701   1.007375   1.007375   1.000000   1.001299
8209.793913   1.006575   0.001722   1.007763   1.007763   1.000000   0.998821
8209.794586   1.006454   0.001748   1.007495   1.007495   1.000000   0.998966
8209.795255   1.008380   0.001764   1.007547   1.007547   1.000000   1.000827
8209.795928   1.008327   0.001790   1.007437   1.007437   1.000000   1.000883
8209.796599   1.005409   0.001811   1.007401   1.007401   1.000000   0.998023
8209.797272   1.007640   0.001828   1.007303   1.007303   1.000000   1.000334
8209.797944   1.003665   0.001847   1.007515   1.007515   1.000000   0.996179
8209.798631   1.007131   0.001880   1.007192   1.007192   1.000000   0.999939
8209.799305   1.007197   0.001906   1.006972   1.006972   1.000000   1.000224
8209.799979   1.002812   0.001925   1.006646   1.006646   1.000000   0.996191
8209.800650   1.006508   0.001959   1.006579   1.006579   1.000000   0.999929
8209.801322   1.003821   0.001967   1.006879   1.006879   1.000000   0.996963
8209.801994   1.004195   0.001995   1.006801   1.006801   1.000000   0.997411
8209.802765   1.011259   0.002051   1.006880   1.006880   1.000000   1.004349
8209.803437   1.009119   0.002075   1.006426   1.006426   1.000000   1.002676
8209.804118   1.003623   0.002091   1.006292   1.006292   1.000000   0.997348
8209.804794   1.005150   0.002122   1.006419   1.006419   1.000000   0.998739
8209.805465   1.009207   0.002159   1.006700   1.006700   1.000000   1.002490
8209.806138   1.005909   0.002181   1.006667   1.006667   1.000000   0.999247
8209.806808   1.000199   0.002197   1.006180   1.006180   1.000000   0.994056
8209.807482   1.006465   0.002254   1.006011   1.006011   1.000000   1.000451
8209.808166   1.004537   0.002279   1.006233   1.006233   1.000000   0.998315
8209.808844   1.001930   0.002302   1.006104   1.006104   1.000000   0.995851
8209.809516   1.006089   0.002356   1.006002   1.006002   1.000000   1.000086
8209.810192   1.000808   0.002373   1.005569   1.005569   1.000000   0.995265
8209.810875   1.002028   0.002421   1.005551   1.005551   1.000000   0.996496
8209.811548   1.009661   0.002469   1.005570   1.005570   1.000000   1.004068
8209.812221   1.004756   0.002503   1.005409   1.005409   1.000000   0.999350
8209.812894   1.002098   0.002542   1.005307   1.005307   1.000000   0.996808
8209.813568   1.003419   0.002576   1.004880   1.004880   1.000000   0.998546
8209.814243   1.003192   0.002623   1.004843   1.004843   1.000000   0.998357
8209.814929   1.002781   0.002668   1.004815   1.004815   1.000000   0.997976
8209.815925   1.004265   0.002736   1.004209   1.004209   1.000000   1.000056
8209.816599   1.004768   0.002785   1.004207   1.004207   1.000000   1.000559
8209.817272   1.004966   0.002834   1.003780   1.003780   1.000000   1.001181
8209.817946   1.002822   0.002876   1.003976   1.003976   1.000000   0.998850
8209.818622   1.003577   0.002944   1.003665   1.003665   1.000000   0.999912
8209.819305   1.001185   0.002986   1.003652   1.003652   1.000000   0.997542
8209.819976   1.006335   0.003051   1.003679   1.003679   1.000000   1.002646
