6776.486157  1.001222  0.000663   2.50   0.26  1.18 15.63    63.72    50.00
6776.487011  0.999493  0.000655   2.04   0.28  1.17 15.82    63.12    50.00
6776.487935  0.998149  0.000654  -0.63   1.70  1.17 16.07    63.02    50.00
6776.488783  1.001023  0.000656  -0.51   1.40  1.17 16.12    62.60    50.00
6776.489610  1.000118  0.000656   2.40   0.16  1.17 15.93    62.13    50.00
6776.490464  1.000184  0.000656   2.15   0.43  1.17 15.74    62.16    50.00
6776.491370  0.999507  0.000649   0.37   0.69  1.16 15.66    61.63    50.00
6776.492210  0.999382  0.000649   0.35   0.81  1.16 16.00    61.52    50.00
6776.493051  1.000138  0.000650   0.94   0.16  1.16 16.01    61.20    50.00
6776.493892  1.000226  0.000649   0.40   0.55  1.16 15.47    61.01    50.00
6776.494741  0.999878  0.000649  -0.01   0.58  1.16 16.06    59.91    50.00
6776.495661  1.000602  0.000644   0.66   0.42  1.15 15.90    59.28    50.00
6776.496571  1.000827  0.000644   1.23   0.11  1.15 15.90    58.84    50.00
6776.497431  1.001453  0.000644   0.77  -0.07  1.15 16.12    58.54    50.00
6776.498261  1.001466  0.000644   0.84  -0.05  1.15 15.87    58.22    50.00
6776.499117  1.001531  0.000644   0.11   0.17  1.15 16.16    57.77    50.00
6776.499967  1.000949  0.000638  -0.06   0.16  1.14 15.70    57.60    50.00
6776.500909  0.999225  0.000637   0.01   0.60  1.14 16.17    57.36    50.00
6776.501734  0.999598  0.000637   0.33   0.50  1.14 15.94    57.10    50.00
6776.502523  0.999277  0.000637   0.32   0.73  1.14 16.60    57.17    50.00
6776.503350  1.000457  0.000638   0.87   0.31  1.14 16.10    57.04    50.00
6776.504187  1.000243  0.000638   1.81   0.40  1.14 16.04    57.17    50.00
6776.505049  1.000753  0.000632   0.36  -0.26  1.13 16.23    56.73    50.00
6776.505905  1.000536  0.000632   0.20  -0.24  1.13 16.82    56.68    50.00
6776.506786  1.000554  0.000632   0.12  -0.28  1.13 16.12    57.12    50.00
6776.507735  1.000334  0.000632   0.78  -0.25  1.13 16.02    56.71    50.00
6776.508569  1.001127  0.000632   0.43  -0.21  1.13 16.39    56.81    50.00
6776.509380  0.999706  0.000631   0.30   0.55  1.13 16.36    57.01    50.00
6776.510209  1.000568  0.000632   0.23   0.92  1.13 16.60    56.84    50.00
6776.511054  1.000183  0.000626   0.65   1.12  1.12 16.27    57.06    50.00
6776.511851  1.001697  0.000627   0.70   0.14  1.12 16.84    56.73    50.00
6776.512698  1.000254  0.000626   0.98   0.40  1.12 16.71    56.70    50.00
6776.513541  0.999292  0.000625   0.35  -0.11  1.12 16.72    56.43    50.00
6776.514459  0.998738  0.000625   1.05   0.93  1.12 16.45    56.06    50.00
6776.515380  1.000359  0.000626   0.24   0.71  1.12 16.33    55.85    50.00
6776.516227  0.998990  0.000625   0.98   1.28  1.12 16.44    56.25    50.00
6776.517038  1.000395  0.000626   0.01   0.07  1.12 16.62    55.85    50.00
6776.517872  0.998368  0.000625   0.21   0.51  1.12 17.03    54.82    50.00
6776.518786  0.999334  0.000620   0.02  -0.14  1.11 16.89    54.87    50.00
6776.519721  0.999261  0.000620  -0.16   0.93  1.11 16.88    54.99    50.00
6776.520581  1.000645  0.000620   0.16  -0.29  1.11 16.45    54.93    50.00
6776.521431  0.999387  0.000619   0.82   0.62  1.11 16.48    55.06    50.00
6776.522304  0.997447  0.000619   0.72   0.34  1.11 17.31    54.99    50.00
6776.523192  0.999403  0.000620   1.66   1.01  1.11 16.51    54.65    50.00
6776.524077  1.000999  0.000621   0.70  -0.57  1.11 16.82    54.83    50.00
6776.524955  1.000415  0.000620   1.13   0.28  1.11 16.47    54.36    50.00
6776.525795  0.999094  0.000619  -1.14   0.03  1.11 16.89    54.42    50.00
6776.526677  0.999464  0.000620  -0.41   1.10  1.11 16.46    54.72    50.00
6776.527535  0.998639  0.000620   0.99   0.43  1.11 17.26    54.49    50.00
6776.528470  0.999034  0.000619   0.80   0.81  1.11 16.67    54.36    50.00
6776.529440  1.000806  0.000620   0.18  -1.00  1.11 16.76    54.04    50.00
6776.530258  0.999540  0.000614   0.21   0.27  1.10 16.33    54.05    50.00
6776.531099  0.999748  0.000614   0.62   1.03  1.10 16.11    54.23    50.00
6776.531955  0.999982  0.000614   0.33   1.13  1.10 16.81    53.98    50.00
6776.532876  0.998042  0.000613   0.45   1.93  1.10 16.54    53.50    50.00
6776.533774  0.997677  0.000613   0.28   0.53  1.10 16.77    53.76    50.00
6776.534609  0.997807  0.000614   0.33   0.77  1.10 16.73    54.22    50.00
6776.535400  0.998682  0.000614  -0.03  -1.16  1.10 16.24    54.28    50.00
6776.536238  0.997811  0.000613  -0.10  -0.90  1.10 16.20    54.48    50.00
6776.537092  0.997787  0.000613  -0.40  -0.24  1.10 16.61    54.47    50.00
6776.538022  0.996367  0.000613   0.20   0.21  1.10 16.69    54.76    50.00
6776.538952  0.995552  0.000612  -0.05   0.04  1.10 16.44    54.73    50.00
6776.539764  0.995963  0.000612   0.47   0.63  1.10 16.60    54.78    50.00
6776.540621  0.994292  0.000612   0.83  -0.11  1.10 16.68    54.85    50.00
6776.541490  0.993771  0.000617   0.62   0.36  1.10 16.66    54.20    50.00
6776.542352  0.995395  0.000613   1.00  -0.90  1.10 16.25    54.03    50.00
6776.543289  0.993985  0.000611   0.27  -0.71  1.10 16.27    54.16    50.00
6776.544173  0.993366  0.000611  -1.08   0.11  1.10 15.94    54.69    50.00
6776.545001  0.993550  0.000611  -0.58  -0.33  1.10 15.63    55.29    50.00
6776.545835  0.991094  0.000610   0.39   1.05  1.10 16.09    55.56    50.00
6776.546654  0.991554  0.000611   0.26   0.55  1.10 16.08    55.13    50.00
6776.547490  0.992192  0.000613   0.66  -1.79  1.10 15.74    55.19    50.00
6776.548305  0.992476  0.000611   0.32  -1.07  1.10 16.08    55.28    50.00
6776.549229  0.990810  0.000612  -0.28   0.33  1.10 15.76    55.92    50.00
6776.550063  0.991951  0.000615  -0.46   0.57  1.10 15.68    55.57    50.00
6776.551014  0.992367  0.000618  -0.32   0.17  1.10 16.05    55.00    50.00
6776.551860  0.989863  0.000617   0.04   0.08  1.10 16.20    54.69    50.00
6776.552636  0.989681  0.000614   0.97  -0.39  1.10 16.39    54.97    50.00
6776.553518  0.989249  0.000612   0.99  -0.24  1.10 16.28    54.91    50.00
6776.554342  0.990554  0.000617   1.26   0.34  1.10 15.66    54.29    50.00
6776.555201  0.990026  0.000618   0.34   0.10  1.10 15.93    54.64    50.00
6776.556131  0.989364  0.000613   0.83   0.27  1.10 15.76    54.15    50.00
6776.556968  0.990315  0.000614   0.79  -0.87  1.10 15.86    53.73    50.00
6776.557847  0.989476  0.000615   0.64  -0.40  1.10 16.33    54.12    50.00
6776.558740  0.990118  0.000612  -0.50   0.13  1.10 16.27    53.95    50.00
6776.559550  0.988728  0.000615  -0.72   0.60  1.10 16.15    53.64    50.00
6776.560403  0.988772  0.000618  -0.69   0.46  1.11 16.51    53.72    50.00
6776.561310  0.989212  0.000621  -0.88   1.08  1.11 16.08    54.41    50.00
6776.562243  0.988390  0.000620  -0.13   0.72  1.11 16.11    54.27    50.00
6776.563075  0.987870  0.000618  -0.28   1.22  1.11 16.38    54.33    50.00
6776.563902  0.988495  0.000619  -0.32  -0.15  1.11 16.58    54.09    50.00
6776.564803  0.988774  0.000618  -0.11   0.16  1.11 16.73    53.81    50.00
6776.565646  0.988256  0.000616   0.87  -0.11  1.11 16.58    54.21    50.00
6776.566538  0.988238  0.000615   0.50   0.02  1.11 16.14    54.28    50.00
6776.567338  0.988821  0.000621  -0.72  -0.31  1.11 16.34    54.00    50.00
6776.568197  0.988793  0.000621  -0.51  -0.11  1.11 16.52    54.29    50.00
6776.569027  0.987792  0.000622   0.04   0.54  1.11 16.41    54.28    50.00
6776.569863  0.988713  0.000621  -0.25   0.99  1.11 16.28    54.36    50.00
6776.570687  0.989919  0.000619  -0.38   0.46  1.11 15.67    54.73    50.00
6776.571566  0.987445  0.000621  -0.82   0.83  1.12 16.20    54.61    50.00
6776.572478  0.987484  0.000625  -0.18   0.15  1.12 15.53    54.45    50.00
6776.573331  0.988351  0.000630  -0.43   0.79  1.12 15.89    54.49    50.00
6776.574212  0.988082  0.000636   0.18   0.84  1.12 15.42    54.71    50.00
6776.575129  0.988999  0.000634   0.20   1.43  1.12 15.64    54.79    50.00
6776.575969  0.987790  0.000626  -0.59   0.63  1.12 16.07    54.54    50.00
6776.576799  0.988054  0.000629  -0.66   0.71  1.12 15.98    54.35    50.00
6776.577626  0.988489  0.000633   0.04  -0.14  1.12 15.39    54.40    50.00
6776.578525  0.987236  0.000635  -0.21   0.43  1.12 15.48    54.43    50.00
6776.579362  0.988836  0.000639  -0.33   0.53  1.13 15.28    54.49    50.00
6776.580232  0.988310  0.000639  -0.68   1.28  1.13 15.44    54.44    50.00
6776.581029  0.987947  0.000648  -0.68   0.38  1.13 15.59    54.59    50.00
6776.581907  0.988948  0.000651  -0.56   1.09  1.13 15.23    54.61    50.00
6776.582784  0.987763  0.000642   0.52   0.31  1.13 15.20    54.13    50.00
6776.583669  0.988948  0.000654   0.30   1.03  1.13 14.86    54.17    50.00
6776.584579  0.989414  0.000658   0.24   0.79  1.13 14.79    54.84    50.00
6776.585432  0.987836  0.000641  -0.13   1.23  1.14 14.80    55.12    50.00
6776.586254  0.988269  0.000640  -0.76   0.19  1.14 15.13    54.53    50.00
6776.587071  0.988923  0.000644  -0.83   0.63  1.14 14.88    54.59    50.00
6776.587876  0.988961  0.000642   0.02  -0.42  1.14 15.03    54.05    50.00
6776.588718  0.988107  0.000641   0.11  -0.06  1.14 15.12    54.43    50.00
6776.589522  0.989211  0.000650   0.10  -0.03  1.14 15.01    54.42    50.00
6776.590347  0.987944  0.000662  -0.28   0.53  1.15 14.79    54.58    50.00
6776.591294  0.990674  0.000652  -0.43   1.15  1.15 14.45    54.64    50.00
6776.592154  0.988676  0.000665  -0.19  -0.03  1.15 14.47    54.49    50.00
6776.592959  0.988481  0.000657  -0.59   0.65  1.15 14.57    54.72    50.00
6776.593894  0.988684  0.000665  -0.57  -0.03  1.15 13.92    54.55    50.00
6776.594717  0.988276  0.000700  -1.03   0.84  1.15 14.49    54.88    50.00
6776.595537  0.987656  0.000669  -1.05  -0.18  1.16 14.50    54.50    50.00
6776.596366  0.987756  0.000672  -1.46   0.10  1.16 14.49    54.27    50.00
6776.597179  0.989000  0.000671  -0.03  -0.35  1.16 14.63    54.10    50.00
6776.597974  0.987498  0.000669   0.12   0.08  1.16 14.41    54.00    50.00
6776.598780  0.988931  0.000674  -0.06  -0.04  1.16 13.91    53.81    50.00
6776.599623  0.988039  0.000677  -0.09   0.06  1.17 14.37    53.61    50.00
6776.600461  0.987993  0.000678   0.07   0.01  1.17 14.49    54.32    50.00
6776.601323  0.988449  0.000683  -0.02   0.19  1.17 14.65    54.30    50.00
6776.602149  0.988980  0.000695  -0.71  -0.62  1.17 14.35    54.43    50.00
6776.603001  0.986864  0.000724  -0.87  -0.29  1.18 14.32    53.52    50.00
6776.603930  0.987168  0.000688  -0.24  -0.04  1.18 14.47    53.66    50.00
6776.604772  0.989479  0.000692  -0.20   0.20  1.18 14.46    53.43    50.00
6776.605697  0.989741  0.000691  -0.13  -0.09  1.18 14.17    53.61    50.00
6776.606515  0.989276  0.000696  -0.56   0.17  1.19 14.52    53.41    50.00
6776.607318  0.987762  0.000700  -1.05   0.02  1.19 14.84    53.62    50.00
6776.608221  0.988617  0.000700  -0.76   0.32  1.19 13.89    53.11    50.00
6776.609061  0.987294  0.000699  -0.09   0.32  1.19 14.27    53.00    50.00
6776.609901  0.988231  0.000717  -0.26   0.74  1.20 14.03    52.97    50.00
6776.610806  0.989695  0.000686  -0.32  -0.30  1.20 13.67    51.85    50.00
6776.611714  0.989594  0.000683  -0.80  -0.25  1.20 13.69    51.53    50.00
6776.612540  0.989394  0.000682  -0.23   0.01  1.20 13.85    51.72    50.00
6776.613353  0.989264  0.000694  -0.05   0.21  1.21 14.13    51.77    50.00
6776.614180  0.988443  0.000699   0.54  -0.73  1.21 14.22    51.53    50.00
6776.615020  0.988966  0.000700   0.83  -0.67  1.21 13.80    51.22    50.00
6776.615849  0.988108  0.000717   0.05  -0.02  1.22 14.28    50.82    50.00
6776.616650  0.989201  0.000698  -1.04   0.36  1.22 14.18    50.22    50.00
6776.617466  0.988328  0.000707  -1.72   0.54  1.22 14.11    49.65    50.00
6776.618302  0.988599  0.000698  -1.94   0.42  1.22 13.58    49.98    50.00
6776.619185  0.988187  0.000706   0.16  -0.30  1.23 13.96    49.76    50.00
6776.620111  0.989069  0.000707  -0.29   0.18  1.23 13.98    48.90    50.00
6776.620987  0.989681  0.000695  -0.88   0.13  1.23 14.10    48.70    50.00
6776.621852  0.988348  0.000710  -0.73   0.27  1.24 14.54    48.81    50.00
6776.622818  0.988179  0.000718  -0.37  -0.41  1.24 13.90    48.18    50.00
6776.623655  0.987921  0.000730   0.00  -0.08  1.25 14.73    48.29    50.00
6776.624494  0.987523  0.000736  -0.16   0.00  1.25 14.26    48.07    50.00
6776.625347  0.988586  0.000733  -0.03  -0.06  1.25 13.67    48.63    50.00
6776.626192  0.990923  0.000741   0.46  -0.23  1.26 14.00    48.30    50.00
6776.627132  0.990456  0.000738   0.35  -0.44  1.26 13.76    48.23    50.00
6776.628036  0.988329  0.000731  -0.43  -0.32  1.26 13.78    47.98    50.00
6776.628859  0.987940  0.000733  -0.88   0.02  1.27 15.02    48.45    50.00
6776.629676  0.988981  0.000739  -0.29   0.32  1.27 13.93    48.46    50.00
6776.630520  0.989952  0.000734  -0.37  -0.06  1.27 14.14    48.72    50.00
6776.631323  0.989318  0.000749  -0.29  -0.36  1.28 13.86    49.23    50.00
6776.632171  0.989402  0.000742  -0.44  -0.43  1.28 14.27    49.67    50.00
6776.633026  0.989048  0.000755  -0.02  -0.13  1.29 15.16    49.92    50.00
6776.633872  0.989022  0.000751  -0.49  -0.05  1.29 14.25    50.30    50.00
6776.634715  0.987950  0.000748  -0.56   0.65  1.29 14.43    50.87    50.00
6776.635649  0.988737  0.000758  -0.57   0.34  1.30 13.96    50.80    50.00
6776.636540  0.989769  0.000752  -0.21  -0.26  1.30 13.64    49.92    50.00
6776.637420  0.988065  0.000769  -0.71  -0.49  1.31 13.63    49.79    50.00
6776.638219  0.986095  0.000780  -0.48   0.04  1.31 14.29    50.39    50.00
6776.639060  0.989235  0.000755  -1.21  -0.10  1.32 14.48    50.43    50.00
6776.639908  0.988576  0.000755  -0.30  -0.30  1.32 14.85    49.78    50.00
6776.640839  0.989776  0.000768  -0.02  -0.65  1.33 13.78    49.81    50.00
6776.641643  0.988274  0.000764  -0.14  -0.03  1.33 14.63    49.26    50.00
6776.642496  0.989618  0.000774  -0.36  -0.25  1.34 14.56    48.84    50.00
6776.643421  0.988341  0.000767  -0.84  -0.71  1.34 14.80    48.70    50.00
6776.644269  0.989650  0.000777  -0.85  -0.82  1.35 14.69    48.74    50.00
6776.645115  0.988885  0.000779  -0.57  -0.31  1.35 14.64    48.60    50.00
6776.645947  0.988609  0.000789  -0.22  -0.49  1.36 14.42    49.14    50.00
6776.646787  0.988164  0.000786   0.23  -0.06  1.36 15.00    49.44    50.00
6776.647731  0.989867  0.000791   0.32   0.12  1.37 14.33    48.94    50.00
6776.648529  0.988955  0.000790  -0.62  -0.09  1.37 14.73    48.73    50.00
6776.649456  0.988478  0.000799  -0.17  -0.43  1.38 14.09    49.62    50.00
6776.650376  0.989376  0.000798   0.85  -0.31  1.38 14.47    49.30    50.00
6776.651216  0.988751  0.000809   0.31  -0.45  1.39 14.83    49.48    50.00
6776.652127  0.988573  0.000818  -1.38  -0.31  1.40 14.63    49.05    50.00
6776.653027  0.987465  0.000824  -2.13  -0.24  1.40 14.82    48.85    50.00
6776.653874  0.989132  0.000837  -0.36   0.08  1.41 14.73    49.16    50.00
6776.654713  0.988176  0.000834  -0.67  -0.33  1.41 14.72    49.23    50.00
6776.655629  0.990069  0.000835  -0.47  -0.41  1.42 14.67    49.18    50.00
6776.656481  0.989640  0.000852   0.52   0.09  1.43 14.27    48.87    50.00
6776.657332  0.989853  0.000844   0.55  -0.27  1.43 14.76    48.88    50.00
6776.658160  0.989689  0.000852   0.35  -0.45  1.44 14.59    48.48    50.00
6776.659002  0.990097  0.000851   0.05  -0.39  1.44 14.52    48.09    50.00
6776.659844  0.988939  0.000874  -0.47  -0.50  1.45 14.46    47.90    50.00
6776.660769  0.988824  0.000873  -0.76  -0.77  1.46 14.89    47.76    50.00
6776.661611  0.987596  0.000895  -0.60  -0.49  1.47 14.13    48.13    50.00
6776.662546  0.988710  0.000881  -0.33  -1.10  1.47 15.08    47.75    50.00
6776.663385  0.990078  0.000901   0.70  -0.61  1.48 13.88    48.00    50.00
6776.664252  0.988304  0.000890   0.67  -0.55  1.49 14.67    48.34    50.00
6776.665059  0.989029  0.000888  -1.03   0.40  1.49 14.57    48.57    50.00
6776.665912  0.990803  0.000899  -0.63   0.27  1.50 14.72    48.38    50.00
6776.666727  0.988901  0.000907  -0.23  -0.16  1.51 14.84    48.71    50.00
6776.667573  0.988905  0.000915   0.16  -0.44  1.51 14.80    48.54    50.00
6776.668527  0.987969  0.000911   0.12  -0.82  1.52 14.76    48.40    50.00
6776.669356  0.991927  0.000924   0.32  -1.42  1.53 14.05    47.84    50.00
6776.670198  0.991071  0.000926  -1.32  -0.29  1.54 14.74    47.89    50.00
6776.671245  0.988529  0.000936   0.37  -1.47  1.55 14.71    47.74    50.00
6776.672082  0.989801  0.000944   0.62  -0.25  1.56 14.29    47.82    50.00
6776.672934  0.992123  0.000948   0.93  -0.48  1.56 14.37    48.51    50.00
6776.673770  0.991062  0.000953  -0.74  -0.76  1.57 14.25    48.61    50.00
6776.674616  0.990302  0.000963  -0.44  -1.13  1.58 14.41    49.65    50.00
6776.675479  0.989306  0.000970  -0.79   0.19  1.59 14.02    49.65    50.00
6776.676330  0.990511  0.000981   0.14  -0.85  1.60 14.15    50.08    50.00
6776.677185  0.991073  0.000986  -0.03  -0.60  1.61 14.96    50.36    50.00
6776.678111  0.989862  0.000994   1.29  -1.76  1.62 14.59    50.87    50.00
6776.678941  0.991476  0.001005   0.20  -0.99  1.63 14.53    50.84    50.00
6776.679810  0.991340  0.001011   1.01  -1.36  1.64 14.41    51.11    50.00
6776.680621  0.989185  0.001019  -0.53   0.69  1.65 14.38    51.49    50.00
6776.681574  0.990398  0.001033   0.32  -0.35  1.66 14.32    51.17    50.00
6776.682426  0.988869  0.001040  -0.12  -0.62  1.67 14.29    52.38    50.00
6776.683355  0.994733  0.001061   1.03  -2.10  1.68 14.62    52.10    50.00
6776.684147  0.989205  0.001067  -0.34  -1.28  1.69 14.88    52.60    50.00
6776.685099  0.987185  0.001083   0.62  -2.09  1.70 14.68    52.51    50.00
6776.686037  0.989704  0.001093  -0.35   0.18  1.71 15.06    53.34    50.00
6776.686872  0.990450  0.001100   1.15  -0.84  1.72 14.83    53.32    50.00
6776.687667  0.990293  0.001105   0.82  -0.24  1.73 14.97    53.10    50.00
6776.688520  0.989993  0.001110   2.14  -1.43  1.74 15.01    53.60    50.00
6776.689498  0.989292  0.001120  -1.15  -0.53  1.75 15.00    54.09    50.00
6776.690422  0.990072  0.001139   0.99  -1.66  1.77 14.82    54.04    50.00
6776.691245  0.992133  0.001157   0.42   0.20  1.78 15.35    53.34    50.00
6776.692068  0.992549  0.001171   1.43  -1.28  1.79 15.26    52.57    50.00
6776.692929  0.992225  0.001182  -1.16  -0.70  1.80 14.27    52.57    50.00
6776.693790  0.989501  0.001207   1.21  -1.90  1.81 15.17    53.13    50.00
6776.695577  0.992162  0.001231   2.22  -1.35  1.84 14.51    54.12    50.00
6776.696426  0.992817  0.001240  -0.00  -0.36  1.85 14.40    54.02    50.00
6776.697255  0.989998  0.001267   1.59  -1.84  1.87 14.64    53.82    50.00
6776.698139  0.991196  0.001271  -0.35  -0.56  1.88 15.01    54.06    50.00
6776.698967  0.994418  0.001274   1.71  -2.17  1.89 14.69    54.63    50.00
6776.699811  0.994040  0.001288  -0.94  -0.28  1.91 14.81    55.48    50.00
6776.700654  0.992130  0.001306   2.13  -2.78  1.92 15.11    55.35    50.00
6776.701507  0.991572  0.001336   0.01  -0.66  1.94 15.10    55.52    50.00
6776.702369  0.996032  0.001342   1.94  -2.29  1.95 14.94    56.36    50.00
6776.703221  0.995383  0.001373  -0.44   0.08  1.97 15.64    55.97    50.00
6776.704161  0.994600  0.001405   2.92  -1.50  1.98 15.22    55.71    50.00
6776.705009  0.993181  0.001424  -0.18  -0.05  2.00 15.45    55.73    50.00
6776.705968  0.996580  0.001457   3.09  -2.00  2.01 15.07    55.13    50.00
6776.706758  0.995437  0.001449  -0.29   0.03  2.03 15.63    55.92    50.00
6776.707608  0.996417  0.001475   2.87  -2.34  2.05 14.73    55.35    50.00
6776.708463  0.994040  0.001480  -0.32   0.11  2.06 15.32    55.43    50.00
6776.709272  0.997277  0.001507   3.19  -2.32  2.08 15.49    55.60    50.00
