7812.668975  1.000108  0.000795   0.05   0.16  1.14 14.36    24.89    30.00
7812.669475  0.999019  0.000794  -1.00  -1.40  1.14 14.15    25.04    30.00
7812.669971  1.001633  0.000796   0.41  -1.49  1.14 11.28    25.23    30.00
7812.670471  1.001373  0.000788   1.30   1.56  1.13 12.93    24.96    30.00
7812.670967  0.999340  0.000786   1.72   0.73  1.13 13.63    24.81    30.00
7812.671466  1.000095  0.000787  -1.71  -1.63  1.13 13.30    24.69    30.00
7812.671969  1.001150  0.000788  -0.62  -2.33  1.13 12.36    25.12    30.00
7812.672463  0.999952  0.000787  -0.81  -1.64  1.13 13.25    25.12    30.00
7812.672964  0.999037  0.000786   0.49  -1.84  1.13 11.04    25.09    30.00
7812.673456  1.000733  0.000788   0.98   1.31  1.13 12.86    24.99    30.00
7812.673954  1.001794  0.000788   1.45   1.57  1.13 12.55    25.20    30.00
7812.674455  1.001219  0.000788  -0.66   0.00  1.13 12.72    25.16    30.00
7812.674956  0.999215  0.000786  -0.82  -0.19  1.13 13.87    25.06    30.00
7812.675447  1.001426  0.000788  -1.47   0.59  1.13 13.59    24.91    30.00
7812.675952  1.000220  0.000787   0.66   0.44  1.13 12.37    24.90    30.00
7812.676446  1.001019  0.000780   2.29   1.04  1.12 12.94    24.69    30.00
7812.676936  0.998273  0.000778   3.28   0.06  1.12 12.80    24.78    30.00
7812.677426  0.997916  0.000777  -1.09  -1.04  1.12 13.42    24.88    30.00
7812.677931  0.999855  0.000779   0.09  -1.73  1.12 11.78    24.47    30.00
7812.678419  0.999579  0.000779   0.33  -0.61  1.12 12.17    24.49    30.00
7812.678919  1.001652  0.000781   1.20  -1.08  1.12 12.99    24.83    30.00
7812.679425  0.998368  0.000778  -0.25  -1.42  1.12 12.93    24.63    30.00
7812.680024  1.000857  0.000780  -0.77   0.44  1.12 12.09    24.58    30.00
7812.680514  0.998893  0.000778   0.31  -0.55  1.12 13.56    24.88    30.00
7812.681016  1.000588  0.000779   0.47  -2.64  1.12 11.80    24.92    30.00
7812.681514  0.998345  0.000778  -0.22  -1.73  1.12 13.33    24.80    30.00
7812.682009  1.000390  0.000779  -0.87   0.74  1.12 12.30    24.80    30.00
7812.682508  0.999762  0.000779  -0.45   2.67  1.12 12.90    25.17    30.00
7812.683009  1.001178  0.000780  -1.10   2.96  1.12 12.74    24.66    30.00
7812.683514  0.998969  0.000778  -1.08   2.75  1.12 13.82    25.05    30.00
7812.684013  0.998044  0.000769   0.58  -1.02  1.11 12.67    24.80    30.00
7812.684523  1.000204  0.000771  -0.52  -2.55  1.11 11.70    24.49    30.00
7812.685026  1.000209  0.000772  -2.16  -1.11  1.11 11.57    24.81    30.00
7812.685517  1.002098  0.000773  -2.68  -1.36  1.11 12.46    24.57    30.00
7812.686022  0.999900  0.000771  -1.55   0.37  1.11 13.50    24.73    30.00
7812.686513  0.999742  0.000771  -1.71  -0.78  1.11 14.26    24.81    30.00
7812.687018  1.000614  0.000772   0.63  -1.73  1.11 12.74    25.00    30.00
7812.687509  1.000099  0.000771   1.05  -1.14  1.11 13.85    24.71    30.00
7812.688012  1.001241  0.000773   1.05   0.98  1.11 12.72    24.69    30.00
7812.688503  1.000566  0.000772   0.22   0.74  1.11 13.15    24.73    30.00
7812.689007  1.000658  0.000772  -0.78  -0.02  1.11 13.58    24.96    30.00
7812.689501  0.998790  0.000771  -0.81   0.07  1.11 13.30    25.22    30.00
7812.690002  1.000577  0.000772   0.00   0.39  1.11 14.44    25.07    30.00
7812.690493  1.001512  0.000773   0.58  -0.23  1.11 13.74    24.96    30.00
7812.690987  1.000220  0.000772   1.18  -0.55  1.11 12.61    24.80    30.00
7812.691475  0.997400  0.000770   1.35  -0.34  1.11 15.28    24.80    30.00
7812.691974  1.000291  0.000772   0.17   0.29  1.11 14.17    24.92    30.00
7812.692478  1.001533  0.000773   0.70   0.12  1.11 12.57    24.68    30.00
7812.692969  0.997896  0.000770   0.94  -0.03  1.11 14.08    24.73    30.00
7812.693474  1.001057  0.000773   0.80  -0.03  1.11 14.35    24.72    30.00
7812.693966  0.998714  0.000771  -0.93   0.59  1.11 14.25    24.77    30.00
7812.694471  0.999517  0.000771  -1.17   0.10  1.11 13.51    24.79    30.00
7812.694962  0.996710  0.000769   0.42  -1.04  1.11 14.56    24.53    30.00
7812.695464  0.998369  0.000763   0.60  -1.94  1.10 14.50    24.78    30.00
7812.695956  1.000303  0.000764  -1.36  -1.18  1.10 14.10    24.49    30.00
7812.696455  1.000784  0.000765  -0.84  -1.03  1.10 13.29    24.55    30.00
7812.696963  0.996712  0.000762   0.11  -0.22  1.10 14.90    24.44    30.00
7812.697464  0.998827  0.000763  -0.56   0.38  1.10 12.88    24.58    30.00
7812.697968  0.998767  0.000763   0.29   0.51  1.10 12.37    24.52    30.00
7812.698467  0.996373  0.000762   0.14   0.82  1.10 14.41    24.69    30.00
7812.698968  0.996636  0.000762   0.59   0.22  1.10 13.63    24.76    30.00
7812.699545  0.996308  0.000761   1.31   0.52  1.10 13.47    24.78    30.00
7812.700052  0.995946  0.000761   0.28  -0.32  1.10 13.55    25.20    30.00
7812.700558  0.995370  0.000761  -0.69  -1.27  1.10 14.43    25.17    30.00
7812.701050  0.996738  0.000762  -2.00  -1.65  1.10 12.79    25.18    30.00
7812.701554  0.996467  0.000762  -1.22  -1.86  1.10 13.55    25.14    30.00
7812.702044  0.995012  0.000761   0.26   3.94  1.10 13.03    25.15    30.00
7812.702549  0.997082  0.000762  -1.27   3.24  1.10 12.39    25.13    30.00
7812.703042  0.994771  0.000760  -1.27  -0.19  1.10 13.12    25.15    30.00
7812.703546  0.993012  0.000759  -0.54  -1.28  1.10 13.85    24.95    30.00
7812.704049  0.993111  0.000759  -0.06  -0.79  1.10 13.98    25.34    30.00
7812.704555  0.993805  0.000760   0.75  -0.55  1.10 14.26    25.21    30.00
7812.705055  0.993135  0.000759   1.87  -0.10  1.10 13.13    25.10    30.00
7812.705559  0.994456  0.000760   1.56  -0.03  1.10 13.12    25.30    30.00
7812.706049  0.992600  0.000759  -1.51   0.24  1.10 13.70    24.96    30.00
7812.706554  0.992339  0.000758  -1.42   0.56  1.10 13.06    24.91    30.00
7812.707044  0.992899  0.000759  -0.40   0.83  1.10 13.40    24.77    30.00
7812.707548  0.992417  0.000759   0.51   2.00  1.10 12.74    25.18    30.00
7812.708040  0.991955  0.000758   0.32  -1.70  1.10 13.87    24.97    30.00
7812.708545  0.991456  0.000757  -0.28  -2.55  1.10 11.44    25.15    30.00
7812.709036  0.991608  0.000758  -0.32   0.13  1.10 11.94    25.17    30.00
7812.709539  0.993637  0.000759   0.07   2.84  1.10 11.01    25.28    30.00
7812.710030  0.990643  0.000757  -0.79   0.65  1.10 14.10    25.05    30.00
7812.710535  0.990160  0.000757  -0.49   0.35  1.10 13.63    25.19    30.00
7812.711026  0.990345  0.000757   1.69   1.43  1.10 13.80    25.18    30.00
7812.711523  0.991063  0.000757   1.27  -2.39  1.10 12.79    25.09    30.00
7812.712023  0.991504  0.000758  -0.51  -4.49  1.10 13.14    25.26    30.00
7812.712527  0.990751  0.000757  -0.45  -4.82  1.10 14.86    25.18    30.00
7812.713018  0.990387  0.000757  -0.64   2.36  1.10 14.05    25.50    30.00
7812.713522  0.989175  0.000756  -0.03   1.96  1.10 13.97    25.53    30.00
7812.714013  0.990886  0.000757  -1.13  -0.09  1.10 12.39    25.36    30.00
7812.714518  0.989388  0.000757  -0.71   0.22  1.10 15.90    25.26    30.00
7812.715102  0.990403  0.000757  -0.04  -0.18  1.10 12.01    25.38    30.00
7812.715606  0.989968  0.000757  -0.04  -1.03  1.10 11.83    25.50    30.00
7812.716108  0.991119  0.000757  -0.62  -1.80  1.10 11.51    25.68    30.00
7812.716609  0.993254  0.000759   0.00  -0.44  1.10 12.26    25.42    30.00
7812.717101  0.990151  0.000757   0.88   3.71  1.10 12.10    25.52    30.00
7812.717600  0.989662  0.000756   0.66   3.97  1.10 12.35    25.46    30.00
7812.718104  0.989841  0.000756   0.87  -1.67  1.10 12.55    25.28    30.00
7812.718594  0.991401  0.000758   0.95  -2.92  1.10 12.76    25.16    30.00
7812.719101  0.988728  0.000756  -1.39   0.83  1.10 12.83    25.45    30.00
7812.719590  0.990203  0.000757  -2.13   0.13  1.10 11.86    25.57    30.00
7812.720091  0.987846  0.000755  -0.21  -1.87  1.10 13.65    25.60    30.00
7812.720596  0.989499  0.000756  -0.59  -2.09  1.10 12.05    25.78    30.00
7812.721098  0.989419  0.000756  -2.00   0.52  1.10 12.91    25.90    30.00
7812.721593  0.989471  0.000756  -1.76   1.14  1.10 12.32    26.08    30.00
7812.722095  0.989383  0.000757   0.24   1.52  1.10 12.95    25.93    30.00
7812.722589  0.990695  0.000758   0.04   1.50  1.10 12.94    26.23    30.00
7812.723091  0.991050  0.000758   0.85  -0.45  1.10 12.26    26.03    30.00
7812.723584  0.988413  0.000756   1.05  -0.37  1.10 13.18    26.01    30.00
7812.724086  0.991521  0.000758  -0.04   1.90  1.10 11.18    25.75    30.00
7812.724581  0.989253  0.000757   0.24   1.54  1.10 12.06    25.78    30.00
7812.725089  0.990911  0.000758   0.06  -0.85  1.10 11.78    25.91    30.00
7812.725590  0.987769  0.000763  -0.65  -0.44  1.11 14.77    25.87    30.00
7812.726099  0.989022  0.000764  -0.31   0.84  1.11 11.78    26.23    30.00
7812.726606  0.990320  0.000765  -0.86   1.28  1.11 11.69    26.38    30.00
7812.727110  0.989978  0.000765  -2.68   0.11  1.11 12.25    26.34    30.00
7812.727619  0.990495  0.000765  -2.70  -0.01  1.11 12.81    26.37    30.00
7812.728108  0.989915  0.000764   1.79  -0.09  1.11 11.36    26.44    30.00
7812.728614  0.990679  0.000765   1.53  -0.15  1.11 13.87    26.51    30.00
7812.729106  0.988097  0.000763  -0.86  -0.63  1.11 14.20    26.48    30.00
7812.729610  0.990465  0.000765  -1.08  -1.08  1.11 13.73    26.14    30.00
7812.730099  0.989178  0.000764   1.21  -0.36  1.11 13.43    26.56    30.00
7812.730597  0.988686  0.000764   1.02  -0.43  1.11 11.51    26.66    30.00
7812.731101  0.989496  0.000764  -1.24  -0.29  1.11 13.14    26.46    30.00
7812.731595  0.988144  0.000763  -1.30  -0.25  1.11 12.53    26.37    30.00
7812.732097  0.988164  0.000764   0.07   0.18  1.11 13.41    26.46    30.00
7812.732595  0.987738  0.000763   0.84  -0.80  1.11 13.52    26.47    30.00
7812.733089  0.990313  0.000765  -0.81  -0.10  1.11 12.68    26.55    30.00
7812.733594  0.988703  0.000764  -1.22  -0.99  1.11 14.28    26.64    30.00
7812.734095  0.987114  0.000763  -0.44  -1.84  1.11 12.17    26.64    30.00
7812.734596  0.990878  0.000765  -1.13  -1.04  1.11 11.72    26.70    30.00
7812.735090  0.988685  0.000764  -1.46   1.08  1.11 12.85    26.61    30.00
7812.735590  0.987605  0.000764  -1.50   1.57  1.11 13.03    26.73    30.00
7812.736084  0.987000  0.000763   0.13   0.26  1.11 12.85    26.94    30.00
7812.736584  0.989246  0.000764   0.76  -0.30  1.11 13.80    26.51    30.00
7812.737079  0.988166  0.000771   1.03  -0.23  1.12 14.16    26.65    30.00
7812.737577  0.987980  0.000771   1.85   0.15  1.12 12.52    26.79    30.00
7812.738082  0.987410  0.000771   0.87  -0.95  1.12 12.78    26.81    30.00
7812.738572  0.991476  0.000774   0.74  -0.22  1.12 11.52    27.22    30.00
7812.739077  0.990395  0.000773  -1.09  -0.24  1.12 12.43    27.48    30.00
7812.739568  0.988137  0.000771  -0.20  -0.47  1.12 13.11    27.67    30.00
7812.740073  0.989280  0.000772  -0.58  -0.30  1.12 12.00    27.60    30.00
7812.740573  0.990460  0.000773  -0.21  -1.07  1.12 12.68    27.33    30.00
7812.741077  0.988596  0.000772   0.28  -0.06  1.12 13.15    27.09    30.00
7812.741577  0.989176  0.000772   0.30  -0.54  1.12 13.66    27.09    30.00
7812.742068  0.989800  0.000773   0.28   0.36  1.12 13.38    27.21    30.00
7812.742572  0.990203  0.000773  -1.12  -0.40  1.12 13.72    27.37    30.00
7812.743064  0.989015  0.000772  -1.57  -1.75  1.12 13.20    27.37    30.00
7812.743568  0.990109  0.000773  -2.05  -2.17  1.12 13.75    27.70    30.00
7812.744059  0.987901  0.000772  -0.04   0.25  1.12 14.03    27.71    30.00
7812.744665  0.988739  0.000780  -0.58   1.11  1.13 13.17    27.62    30.00
7812.745166  0.988040  0.000779  -0.60   1.58  1.13 14.03    27.57    30.00
7812.745657  0.988001  0.000779  -1.51   0.42  1.13 13.40    27.65    30.00
7812.746163  0.989080  0.000780  -2.17   0.83  1.13 13.65    27.46    30.00
7812.746668  0.988478  0.000780  -0.77  -0.52  1.13 13.71    27.46    30.00
7812.747160  0.987818  0.000779  -1.39  -0.70  1.13 13.80    27.69    30.00
7812.747665  0.988171  0.000780   0.39   0.53  1.13 13.18    27.92    30.00
7812.748157  0.988664  0.000780   0.42   0.92  1.13 13.70    27.61    30.00
7812.748659  0.988812  0.000780   1.39   0.71  1.13 12.78    27.83    30.00
7812.749150  0.988757  0.000780   1.05   0.44  1.13 13.19    27.60    30.00
7812.749654  0.991049  0.000781   1.27  -0.77  1.13 12.36    27.35    30.00
7812.750146  0.988774  0.000780   0.65  -0.63  1.13 12.54    27.40    30.00
7812.750653  0.990186  0.000788  -1.69   0.18  1.14 12.13    27.39    30.00
7812.751141  0.988125  0.000787  -1.53   0.40  1.14 12.98    27.23    30.00
7812.751645  0.989865  0.000788   0.72   1.28  1.14 12.56    27.42    30.00
7812.752136  0.988160  0.000787   1.20   0.88  1.14 12.48    27.54    30.00
7812.752641  0.989564  0.000788   0.55  -1.01  1.14 12.60    27.47    30.00
7812.753132  0.988612  0.000787   0.50  -1.21  1.14 13.09    27.84    30.00
7812.753637  0.988370  0.000787   0.09   0.04  1.14 13.12    27.36    30.00
7812.754127  0.988124  0.000787   0.09  -0.42  1.14 13.43    27.89    30.00
7812.754633  0.987892  0.000787  -0.10  -0.19  1.14 13.10    27.87    30.00
7812.755122  0.989137  0.000788  -0.04   0.47  1.14 13.51    27.60    30.00
7812.755629  0.988775  0.000787   0.41  -0.24  1.14 12.58    27.86    30.00
7812.756119  0.989193  0.000795   0.49   0.70  1.15 12.33    27.92    30.00
7812.756623  0.989362  0.000795  -1.36   0.75  1.15 12.00    27.90    30.00
7812.757115  0.989135  0.000796  -2.23   0.25  1.15 12.72    27.72    30.00
7812.757620  0.989214  0.000796  -1.04  -0.28  1.15 13.14    27.76    30.00
7812.758127  0.989133  0.000795  -0.63  -0.27  1.15 13.12    27.45    30.00
7812.758619  0.988729  0.000795   0.94  -0.30  1.15 13.05    27.90    30.00
7812.759125  0.990541  0.000797   0.30   0.31  1.15 12.29    27.58    30.00
7812.759616  0.987676  0.000794  -0.49   0.38  1.15 13.27    27.65    30.00
7812.760123  0.988253  0.000795  -0.45  -0.09  1.15 13.13    27.80    30.00
7812.760628  0.989049  0.000803  -0.29  -0.95  1.16 13.25    27.83    30.00
7812.761120  0.984644  0.000800  -0.09  -0.50  1.16 14.24    27.83    30.00
7812.761627  0.989180  0.000803   0.41  -0.16  1.16 12.22    27.96    30.00
7812.762133  0.988028  0.000803  -0.62   0.24  1.16 12.70    27.81    30.00
7812.762626  0.987367  0.000802  -0.74   1.80  1.16 12.83    27.58    30.00
7812.763133  0.987997  0.000803  -1.13   1.42  1.16 13.53    27.51    30.00
7812.763638  0.988722  0.000803  -0.92   0.52  1.16 12.90    27.51    30.00
7812.764145  0.989525  0.000804  -1.30  -0.23  1.16 12.67    27.44    30.00
7812.764636  0.988028  0.000810   1.34  -0.17  1.17 12.84    27.51    30.00
7812.765143  0.987516  0.000810   0.88   0.16  1.17 11.85    27.99    30.00
7812.765634  0.990034  0.000812  -0.00  -0.83  1.17 12.50    27.78    30.00
7812.766138  0.988372  0.000811  -0.27  -0.50  1.17 12.53    27.87    30.00
7812.766626  0.989524  0.000812  -1.42   0.67  1.17 11.85    28.06    30.00
7812.767133  0.987895  0.000810  -1.33   0.68  1.17 11.96    27.94    30.00
7812.767622  0.988694  0.000811   1.81   0.95  1.17 12.34    27.92    30.00
7812.768127  0.987370  0.000810   1.30   1.32  1.17 12.62    28.10    30.00
7812.768617  0.988212  0.000819  -1.27  -0.50  1.18 12.30    28.01    30.00
7812.769123  0.987970  0.000818  -1.60  -0.33  1.18 11.63    27.87    30.00
7812.769616  0.988517  0.000819   2.37   0.99  1.18 12.70    27.92    30.00
7812.770119  0.989216  0.000820   1.96   0.33  1.18 11.97    27.83    30.00
7812.770609  0.987968  0.000819   0.05  -1.35  1.18 12.33    27.87    30.00
7812.771114  0.987526  0.000818  -0.11  -0.98  1.18 12.84    28.28    30.00
7812.771606  0.987820  0.000819  -0.67   0.05  1.18 12.47    28.17    30.00
7812.772109  0.988451  0.000827  -0.52   0.15  1.19 12.53    28.20    30.00
7812.772603  0.988224  0.000827   0.30  -0.58  1.19 13.47    28.07    30.00
7812.773110  0.988123  0.000827  -0.34  -0.90  1.19 12.62    28.50    30.00
7812.773614  0.988384  0.000827  -0.46   0.47  1.19 12.59    28.15    30.00
7812.774103  0.989545  0.000828  -0.43   0.18  1.19 12.78    28.09    30.00
7812.774610  0.988995  0.000828   0.38   0.52  1.19 13.54    28.51    30.00
7812.775101  0.988395  0.000827  -0.14   0.52  1.19 12.63    28.24    30.00
7812.775606  0.988112  0.000835  -0.96  -0.09  1.20 13.14    28.21    30.00
7812.776097  0.986759  0.000834  -1.18   0.35  1.20 12.86    28.28    30.00
7812.776600  0.988951  0.000836   0.05   0.42  1.20 12.78    28.03    30.00
7812.777090  0.989623  0.000837   0.20   0.72  1.20 12.07    28.35    30.00
7812.777704  0.988660  0.000836   0.31   0.38  1.20 12.47    28.42    30.00
7812.778204  0.989245  0.000836  -0.01  -0.43  1.20 11.66    27.88    30.00
7812.778711  0.988074  0.000844  -0.73  -0.96  1.21 12.52    28.41    30.00
7812.779210  0.989989  0.000845  -0.58  -1.21  1.21 12.31    28.37    30.00
7812.779709  0.988888  0.000844   1.05  -0.94  1.21 11.95    28.46    30.00
7812.780216  0.988044  0.000844   0.97  -0.64  1.21 12.45    28.67    30.00
7812.780726  0.989523  0.000845  -0.25   1.03  1.21 12.55    28.51    30.00
7812.781234  0.990137  0.000854  -0.23   0.92  1.22 12.34    28.99    30.00
7812.781742  0.988256  0.000852   0.88   0.56  1.22 12.02    29.05    30.00
7812.782242  0.989180  0.000853   0.63   0.91  1.22 11.92    29.12    30.00
7812.782744  0.989654  0.000853  -0.10   0.13  1.22 12.66    29.12    30.00
7812.783237  0.989463  0.000853   0.09   0.15  1.22 12.90    28.97    30.00
7812.783737  0.989860  0.000853  -1.40  -0.75  1.22 11.99    28.82    30.00
7812.784245  0.990324  0.000862  -0.41  -0.42  1.23 11.72    28.82    30.00
7812.784754  0.990024  0.000862   1.69   0.55  1.23 12.78    29.00    30.00
7812.785262  0.987467  0.000860   1.61   0.57  1.23 12.65    28.88    30.00
7812.785772  0.989104  0.000862  -0.14   0.79  1.23 12.53    29.33    30.00
7812.786281  0.989922  0.000862  -1.32   0.85  1.23 11.79    29.37    30.00
7812.786792  0.988508  0.000870  -1.09  -0.24  1.24 13.17    29.27    30.00
7812.787299  0.988573  0.000870  -0.97  -0.08  1.24 13.01    29.28    30.00
7812.787810  0.986957  0.000869   0.66   0.10  1.24 13.01    29.70    30.00
7812.788317  0.988218  0.000870   0.56  -0.09  1.24 12.45    29.69    30.00
7812.788824  0.988567  0.000870   0.27  -0.31  1.24 13.00    29.74    30.00
7812.789331  0.989080  0.000879   0.42  -0.51  1.25 12.54    29.76    30.00
7812.789823  0.988813  0.000879   0.13   1.05  1.25 13.30    29.52    30.00
7812.790328  0.989211  0.000879   0.11   0.60  1.25 12.19    29.38    30.00
7812.790818  0.987250  0.000878   0.10  -0.12  1.25 12.55    29.72    30.00
7812.791324  0.987389  0.000878   0.04  -0.35  1.25 13.21    29.76    30.00
7812.791825  0.990485  0.000889  -0.41  -0.73  1.26 11.07    29.88    30.00
7812.792323  0.988436  0.000887   0.17  -0.42  1.26 12.33    29.91    30.00
7812.792833  0.989174  0.000888   0.52   0.56  1.26 11.55    30.20    30.00
7812.793344  0.988950  0.000888   0.87   0.63  1.26 12.73    30.28    30.00
7812.793851  0.988395  0.000896   1.35   0.82  1.27 12.68    30.43    30.00
7812.794355  0.988930  0.000897   1.84   1.08  1.27 12.86    30.17    30.00
7812.794851  0.988385  0.000896   2.06   1.11  1.27 13.03    30.14    30.00
7812.795343  0.988106  0.000896   2.36   1.24  1.27 12.67    30.25    30.00
7812.795957  0.990134  0.000898  -0.57  -0.08  1.27 12.60    30.48    30.00
7812.796462  0.989378  0.000906  -0.66  -0.26  1.28 12.48    30.28    30.00
7812.796954  0.989919  0.000907  -0.27   0.18  1.28 12.06    30.57    30.00
7812.797458  0.991705  0.000908  -0.23  -0.38  1.28 11.71    30.52    30.00
7812.797949  0.989218  0.000906  -0.36  -0.49  1.28 12.30    30.45    30.00
7812.798452  0.990873  0.000917  -0.08   0.02  1.29 11.16    30.49    30.00
7812.798943  0.989035  0.000915  -0.29   0.45  1.29 12.05    30.38    30.00
7812.799447  0.988297  0.000914  -0.58   0.34  1.29 12.43    30.03    30.00
7812.799943  0.988687  0.000915  -0.53  -0.81  1.29 12.41    29.98    30.00
7812.800435  0.989836  0.000925  -0.16  -0.16  1.30 11.41    30.06    30.00
7812.800937  0.989043  0.000924   1.13   0.96  1.30 11.29    30.04    30.00
7812.801442  0.989513  0.000925   1.17   0.89  1.30 12.49    30.11    30.00
7812.801947  0.989311  0.000924   1.32   0.60  1.30 12.32    30.18    30.00
7812.802438  0.991341  0.000936   1.58   0.84  1.31 12.04    30.50    30.00
7812.802945  0.989575  0.000934   1.43   1.95  1.31 11.88    30.50    30.00
7812.803439  0.991244  0.000935   1.20   2.08  1.31 11.80    30.54    30.00
7812.803933  0.990079  0.000934   0.03   0.61  1.31 11.33    30.60    30.00
7812.804435  0.988365  0.000942   0.54   0.63  1.32 11.92    30.99    30.00
7812.804927  0.990070  0.000944  -0.39   0.38  1.32 12.11    31.03    30.00
7812.805428  0.990857  0.000945  -0.26  -0.41  1.32 11.86    31.27    30.00
7812.805923  0.989660  0.000943   0.36  -0.71  1.32 11.88    31.28    30.00
7812.806424  0.990442  0.000953   0.07  -0.42  1.33 11.20    31.52    30.00
7812.806920  0.988802  0.000952  -1.05  -0.13  1.33 11.46    31.40    30.00
7812.807419  0.992538  0.000956  -0.80  -0.18  1.33 11.20    31.77    30.00
7812.807921  0.989041  0.000962   0.11  -0.03  1.34 11.32    31.70    30.00
7812.808412  0.991399  0.000964   0.93  -0.28  1.34 11.42    31.67    30.00
7812.808915  0.988177  0.000961   0.98   0.95  1.34 11.88    31.55    30.00
7812.809407  0.990470  0.000963   1.63   0.99  1.34 11.20    31.69    30.00
7812.809911  0.988565  0.000971   1.47   1.00  1.35 11.79    31.23    30.00
7812.810403  0.990890  0.000973   2.17   1.21  1.35 11.55    31.60    30.00
7812.810906  0.990659  0.000973   1.04   1.60  1.35 11.05    31.47    30.00
7812.811396  0.990879  0.000983   1.53   1.14  1.36 11.59    31.82    30.00
7812.811902  0.989603  0.000981   0.93   0.92  1.36 10.86    31.91    30.00
7812.812392  0.991817  0.000984   1.13   0.24  1.36 12.21    31.78    30.00
7812.812899  0.989447  0.000991   1.03  -0.17  1.37 11.89    31.73    30.00
7812.813390  0.990910  0.000992   1.35  -0.29  1.37 11.80    31.61    30.00
7812.813893  0.990142  0.000992  -1.06  -0.22  1.37 11.27    31.77    30.00
7812.814384  0.988797  0.000990  -0.44   0.66  1.37 11.03    31.86    30.00
7812.814889  0.988711  0.001000   1.53   1.23  1.38 11.84    31.50    30.00
7812.815390  0.989914  0.001001   1.76   1.78  1.38 11.04    31.75    30.00
7812.815891  0.991621  0.001003  -0.44  -0.63  1.38 11.60    31.73    30.00
7812.816385  0.988258  0.001009  -0.35  -0.27  1.39 11.41    31.72    30.00
7812.816887  0.989025  0.001010  -0.22  -0.50  1.39 11.96    31.39    30.00
7812.817381  0.989909  0.001011  -0.16  -0.38  1.39 11.46    31.24    30.00
7812.817880  0.992555  0.001023  -0.50   1.31  1.40 11.27    31.13    30.00
7812.818388  0.989985  0.001021  -0.12   1.02  1.40 11.28    30.95    30.00
7812.818892  0.989188  0.001020   0.10  -0.24  1.40 11.58    31.10    30.00
7812.819383  0.987485  0.001028   0.27  -0.18  1.41 11.03    31.10    30.00
7812.819889  0.986987  0.001028   0.25   0.55  1.41 11.82    30.86    30.00
7812.820391  0.989372  0.001031   0.49   0.32  1.41 12.09    31.24    30.00
7812.820893  0.985993  0.001037  -0.86  -0.42  1.42 12.05    31.13    30.00
7812.821385  0.990401  0.001042  -1.39   0.87  1.42 10.41    31.16    30.00
7812.821887  0.989023  0.001050   0.74   0.26  1.43 11.23    31.04    30.00
7812.822380  0.987808  0.001049   0.75   0.59  1.43 11.57    30.88    30.00
7812.822883  0.991494  0.001053   0.38   0.63  1.43 11.51    30.71    30.00
7812.823375  0.991254  0.001063   0.34  -0.01  1.44 11.01    30.54    30.00
7812.823877  0.991902  0.001064  -0.81   0.14  1.44 11.31    30.94    30.00
7812.824380  0.988492  0.001060  -0.48   0.12  1.44 10.71    30.64    30.00
7812.824882  0.990929  0.001073  -0.54   0.26  1.45 10.40    30.82    30.00
7812.825382  0.989678  0.001072  -0.27  -0.51  1.45 11.06    30.72    30.00
7812.825879  0.990156  0.001082  -0.36  -0.62  1.46 11.21    30.37    30.00
7812.826383  0.990318  0.001083   0.17  -0.82  1.46 11.31    30.43    30.00
7812.826889  0.992994  0.001085   0.46  -0.68  1.46 11.72    30.29    30.00
7812.827380  0.991518  0.001095   0.64  -0.34  1.47 11.13    30.24    30.00
7812.827884  0.988421  0.001091   0.49   0.24  1.47 12.02    29.95    30.00
7812.828445  0.990984  0.001105   0.17  -0.35  1.48 11.51    29.95    30.00
7812.828945  0.991467  0.001105  -1.42   0.48  1.48 10.66    29.98    30.00
7812.829448  0.986901  0.001100  -1.77  -0.10  1.48 11.14    29.88    30.00
7812.829940  0.990764  0.001115  -0.19   0.12  1.49 11.30    29.71    30.00
7812.830444  0.990509  0.001115  -0.10  -0.65  1.49 11.94    29.48    30.00
7812.830937  0.988952  0.001124   0.91   0.03  1.50 11.43    29.49    30.00
7812.831442  0.988889  0.001124   0.97   0.19  1.50 11.61    29.60    30.00
7812.831947  0.991520  0.001137   0.81  -0.81  1.51 11.19    29.71    30.00
7812.832439  0.992038  0.001138   1.54  -1.17  1.51 11.70    29.69    30.00
7812.832944  0.993136  0.001139  -1.00   0.65  1.51 11.34    29.88    30.00
7812.833435  0.988910  0.001145  -0.45  -0.56  1.52 12.44    29.53    30.00
7812.833943  0.991365  0.001148  -0.03  -0.08  1.52 11.97    29.58    30.00
7812.834448  0.991042  0.001158   1.82  -1.27  1.53 11.51    29.31    30.00
7812.834939  0.991764  0.001159   1.29   0.30  1.53 11.26    29.41    30.00
7812.835449  0.989995  0.001168   2.52   0.24  1.54 11.30    29.31    30.00
7812.835954  0.987569  0.001166  -0.18   1.02  1.54 11.67    29.69    30.00
7812.836442  0.992643  0.001182   1.09   0.18  1.55 11.43    29.70    30.00
7812.836942  0.990791  0.001180   1.65   1.79  1.55 11.53    29.79    30.00
7812.837543  0.991279  0.001192   1.70   1.27  1.56 11.41    29.76    30.00
7812.838042  0.990353  0.001191  -1.81  -0.02  1.56 11.57    29.51    30.00
