7833.540364  1.000585  0.000941  -0.04   0.21  1.43 14.51    38.45    40.00
7833.540988  1.000088  0.000941  -1.43   0.26  1.43 14.44    38.21    40.00
7833.541569  1.000092  0.000997  -1.32  -0.04  1.42 13.84    33.30    35.00
7833.542130  1.000181  0.000997  -1.53   0.04  1.42 13.94    33.28    35.00
7833.542688  0.998466  0.000986   1.42   1.40  1.41 14.41    33.34    35.00
7833.543242  0.998323  0.000985   0.58   0.96  1.41 13.60    33.79    35.00
7833.543796  1.000036  0.000987   0.31  -0.07  1.41 14.33    33.87    35.00
7833.544351  0.998863  0.000977  -0.50   0.28  1.40 14.64    34.10    35.00
7833.544903  0.998044  0.000976  -1.65   0.81  1.40 13.79    34.27    35.00
7833.545460  0.998829  0.000977  -1.39   1.18  1.40 13.87    34.19    35.00
7833.546014  0.999002  0.000968   0.95  -0.06  1.39 14.01    34.76    35.00
7833.546564  1.001971  0.000971  -0.03   0.06  1.39 14.24    34.21    35.00
7833.547116  1.000046  0.000960  -0.25   0.70  1.38 14.47    34.08    35.00
7833.547780  1.001795  0.000962   0.00  -0.59  1.38 13.22    34.15    35.00
7833.548345  1.000209  0.000960   0.48  -0.38  1.38 14.04    34.33    35.00
7833.548894  1.000775  0.000952   2.01   0.98  1.37 12.87    34.53    35.00
7833.549453  1.001480  0.000952   1.97   1.21  1.37 13.24    34.40    35.00
7833.550004  1.000912  0.000952   0.25   1.73  1.37 14.25    34.36    35.00
7833.550576  0.999126  0.000941  -0.18   0.76  1.36 13.53    34.48    35.00
7833.551123  0.999101  0.000941  -0.41  -0.79  1.36 14.19    34.15    35.00
7833.551679  0.998054  0.000940   1.26  -1.96  1.36 13.93    34.15    35.00
7833.552234  0.998770  0.000932   0.16   0.26  1.35 13.15    33.92    35.00
7833.552791  0.999409  0.000933   1.31   1.16  1.35 14.30    34.36    35.00
7833.553345  0.998117  0.000931   1.15   0.53  1.35 13.50    33.80    35.00
7833.553892  0.999299  0.000924   1.26  -0.11  1.34 13.52    33.89    35.00
7833.554458  1.000243  0.000925  -1.75  -0.80  1.34 13.60    33.66    35.00
7833.555010  0.999929  0.000924  -3.00  -1.47  1.34 13.90    33.54    35.00
7833.555560  1.000885  0.000917   0.04   1.91  1.33 13.97    33.49    35.00
7833.556214  1.001375  0.000917   1.96   1.32  1.33 13.93    33.37    35.00
7833.556760  0.999236  0.000915   2.03   0.13  1.33 13.40    33.19    35.00
7833.557315  0.999663  0.000907  -0.97  -0.50  1.32 13.27    32.99    35.00
7833.557870  0.998423  0.000906  -0.71  -0.62  1.32 13.76    32.95    35.00
7833.558429  1.000762  0.000908  -0.18  -0.63  1.32 13.28    33.34    35.00
7833.558992  1.001428  0.000900   0.23  -0.28  1.31 14.28    33.04    35.00
7833.559543  1.001717  0.000901  -0.18   0.74  1.31 12.94    32.95    35.00
7833.560092  1.000324  0.000899   0.77   1.43  1.31 13.35    32.99    35.00
7833.560649  0.999714  0.000899  -0.10   0.98  1.31 14.24    32.55    35.00
7833.561203  1.000165  0.000891  -0.01   1.99  1.30 13.69    32.52    35.00
7833.561760  0.998739  0.000889   0.65   1.85  1.30 14.06    32.42    35.00
7833.562315  0.998756  0.000889   0.72   2.04  1.30 13.43    32.67    35.00
7833.562871  0.998481  0.000881  -1.28   1.56  1.29 14.61    32.50    35.00
7833.563426  1.000948  0.000883  -2.29   0.88  1.29 13.43    32.45    35.00
7833.563984  0.998732  0.000881   0.20  -0.91  1.29 13.98    32.61    35.00
7833.564537  1.000253  0.000882   0.60  -0.72  1.29 13.35    32.64    35.00
7833.565095  1.000428  0.000874   0.39   0.53  1.28 14.00    32.35    35.00
7833.565658  1.000119  0.000874  -0.48   0.66  1.28 13.90    32.13    35.00
7833.566210  0.999810  0.000874  -1.48   0.33  1.28 15.38    32.06    35.00
7833.566759  0.998215  0.000872  -0.99   0.10  1.28 14.32    31.71    35.00
7833.567315  0.999708  0.000865  -0.42  -0.73  1.27 13.72    31.52    35.00
7833.567870  0.999727  0.000865  -0.49  -0.88  1.27 13.81    31.57    35.00
7833.568427  0.999928  0.000866  -0.35   0.52  1.27 13.94    31.25    35.00
7833.568982  0.999266  0.000865   0.07  -0.25  1.27 13.08    31.76    35.00
7833.569539  0.999495  0.000857  -0.15   0.19  1.26 14.04    31.66    35.00
7833.570104  0.998551  0.000856   0.10   0.23  1.26 14.11    31.68    35.00
7833.570650  0.999793  0.000858  -0.04  -0.11  1.26 14.15    31.98    35.00
7833.571213  0.999932  0.000858   0.64   0.80  1.26 14.42    31.72    35.00
7833.571762  0.999801  0.000849  -0.32   0.65  1.25 13.51    31.78    35.00
7833.572323  0.999031  0.000849  -0.88   0.84  1.25 13.91    31.54    35.00
7833.572871  0.998854  0.000849   1.17   1.61  1.25 13.85    31.30    35.00
7833.573427  0.998534  0.000849   2.02   2.15  1.25 14.61    31.20    35.00
7833.573981  0.999185  0.000841  -2.20   0.33  1.24 13.69    31.00    35.00
7833.574538  0.999463  0.000841  -1.74   0.15  1.24 13.73    30.68    35.00
7833.575093  1.000466  0.000842   0.32  -0.80  1.24 13.96    30.69    35.00
7833.575645  1.000012  0.000841   0.77  -1.37  1.24 13.32    30.69    35.00
7833.576194  1.001157  0.000843  -0.78  -0.20  1.24 13.76    30.46    35.00
7833.576759  1.000842  0.000834  -1.16  -0.84  1.23 13.63    30.49    35.00
7833.577313  1.001129  0.000835  -0.98   0.30  1.23 13.77    30.26    35.00
7833.577871  1.000265  0.000834  -0.30   0.38  1.23 12.78    30.36    35.00
7833.578427  1.000696  0.000834  -0.93  -0.55  1.23 13.30    30.36    35.00
7833.578982  1.001363  0.000835  -1.82  -0.30  1.23 13.30    30.37    35.00
7833.579645  1.001590  0.000827  -2.21   0.43  1.22 11.96    30.42    35.00
7833.580209  1.003843  0.000829  -1.95   0.38  1.22 11.80    33.10    35.00
7833.580763  1.001256  0.000826   0.88   0.20  1.22 11.77    30.24    35.00
7833.581382  0.999933  0.000825   1.30   0.80  1.22 12.77    30.42    35.00
7833.581945  1.003006  0.000820  -0.03  -0.06  1.21 12.01    30.14    35.00
7833.582500  0.999691  0.000818   0.64  -0.26  1.21 12.36    30.04    35.00
7833.583056  1.000132  0.000818   0.45   0.45  1.21 12.45    29.65    35.00
7833.583613  1.000380  0.000818   0.90  -0.19  1.21 11.95    29.71    35.00
7833.584168  1.001292  0.000819  -0.05  -0.44  1.21 12.68    29.57    35.00
7833.584742  1.001533  0.000819   0.38  -0.86  1.21 11.53    29.50    35.00
7833.585297  0.998175  0.000809   0.41   0.06  1.20 13.03    29.77    35.00
7833.585855  0.999480  0.000810   0.84   0.24  1.20 12.28    29.76    35.00
7833.586411  0.999953  0.000811   0.60   0.60  1.20 12.80    29.73    35.00
7833.586972  1.000691  0.000811   0.05   0.18  1.20 11.45    29.85    35.00
7833.587535  0.997837  0.000808  -1.05  -0.41  1.20 11.22    29.58    35.00
7833.588086  1.000067  0.000803  -1.29  -0.18  1.19 11.31    29.75    35.00
7833.588642  0.999981  0.000803  -1.00   0.47  1.19 11.25    29.41    35.00
7833.589197  0.998658  0.000802  -1.17   0.16  1.19 11.52    29.62    35.00
7833.589752  0.997748  0.000801   0.29  -0.30  1.19 11.76    29.28    35.00
7833.590305  0.996229  0.000800   0.65  -0.26  1.19 11.57    29.31    35.00
7833.590865  0.997501  0.000801   0.84   0.74  1.19 11.57    29.26    35.00
7833.591415  0.997308  0.000793   1.18   0.22  1.18 10.90    29.42    35.00
7833.591978  0.996996  0.000793  -0.71  -0.61  1.18 11.95    29.03    35.00
7833.592533  0.997065  0.000794   0.02  -1.14  1.18 12.09    29.40    35.00
7833.593088  0.996929  0.000793   0.13  -0.26  1.18 11.23    29.42    35.00
7833.593642  0.995208  0.000792   0.33  -0.71  1.18 11.24    29.31    35.00
7833.594196  0.996082  0.000793   0.07   0.13  1.18 11.95    29.18    35.00
7833.594749  0.995513  0.000785   0.50  -0.05  1.17 11.71    29.36    35.00
7833.595317  0.994623  0.000784  -0.17   0.72  1.17 11.44    29.19    35.00
7833.595882  0.992660  0.000783   0.72   0.74  1.17 12.29    29.08    35.00
7833.596451  0.995883  0.000785  -0.08  -0.43  1.17 11.67    29.38    35.00
7833.597015  0.995156  0.000785  -0.43  -0.63  1.17 11.89    29.19    35.00
7833.597579  0.992866  0.000783  -0.93  -0.16  1.17 12.07    29.13    35.00
7833.598131  0.993760  0.000783  -0.11   0.02  1.17 11.29    29.09    35.00
7833.598683  0.992424  0.000775   0.99   0.87  1.16 11.48    29.05    35.00
7833.599244  0.993002  0.000776   0.94   0.35  1.16 11.70    28.93    35.00
7833.599802  0.994849  0.000777  -1.33  -0.81  1.16 11.68    28.89    35.00
7833.600357  0.993236  0.000776  -1.23  -1.03  1.16 11.70    28.67    35.00
7833.600911  0.991791  0.000775  -0.53   0.16  1.16 11.61    28.73    35.00
7833.601463  0.992377  0.000775   0.29   0.11  1.16 11.84    28.84    35.00
7833.602028  0.994537  0.000777  -0.18  -0.06  1.16 11.99    28.58    35.00
7833.602588  0.993304  0.000776  -0.01  -0.48  1.16 11.87    28.62    35.00
7833.603137  0.992982  0.000769   0.45   0.54  1.15 12.45    28.60    35.00
7833.603699  0.992883  0.000769   0.26   0.50  1.15 11.82    28.43    35.00
7833.604258  0.991928  0.000768  -0.36   0.26  1.15 11.83    28.08    35.00
7833.604810  0.991526  0.000768  -0.56  -0.04  1.15 12.05    27.55    35.00
7833.605366  0.992086  0.000768  -0.61  -0.74  1.15 12.12    27.55    35.00
7833.605918  0.991790  0.000768  -0.33  -0.69  1.15 12.05    27.37    35.00
7833.606486  0.993128  0.000769   0.65  -0.14  1.15 12.39    28.03    35.00
7833.607040  0.991416  0.000768   0.69   0.31  1.15 11.91    28.44    35.00
7833.607597  0.993401  0.000762  -0.77  -0.40  1.14 12.03    28.67    35.00
7833.608161  0.991818  0.000761  -1.04  -0.55  1.14 12.19    28.81    35.00
7833.608729  0.992161  0.000761  -0.74  -0.30  1.14 12.58    28.40    35.00
7833.609290  0.991456  0.000761  -0.46  -0.58  1.14 12.55    28.51    35.00
7833.609849  0.992747  0.000762  -0.03  -0.56  1.14 12.00    28.48    35.00
7833.610401  0.992319  0.000761   0.74  -0.06  1.14 11.77    28.36    35.00
7833.610959  0.990996  0.000760   0.18   0.33  1.14 12.50    27.81    35.00
7833.611512  0.993129  0.000762   0.64   0.12  1.14 11.94    27.90    35.00
7833.612069  0.990620  0.000760   0.22   0.53  1.14 12.70    27.82    35.00
7833.612623  0.992138  0.000755   0.59   0.55  1.13 12.61    28.19    35.00
7833.613179  0.992320  0.000755   0.04   0.04  1.13 12.31    28.20    35.00
7833.613736  0.991753  0.000754   0.82   0.25  1.13 12.79    28.45    35.00
7833.614286  0.991468  0.000754  -0.75   0.01  1.13 12.92    28.68    35.00
7833.614851  0.991258  0.000754  -0.62   0.00  1.13 12.26    28.71    35.00
7833.615410  0.990603  0.000753  -0.01   0.45  1.13 12.25    28.72    35.00
7833.615962  0.991111  0.000754  -0.42   1.19  1.13 12.46    28.80    35.00
7833.616527  0.990188  0.000753  -1.61   0.32  1.13 12.52    28.55    35.00
7833.617079  0.992115  0.000754  -1.12   0.72  1.13 12.16    28.31    35.00
7833.617636  0.990909  0.000753   2.10   0.67  1.13 12.18    28.60    35.00
7833.618189  0.990363  0.000753   2.10   1.41  1.13 12.46    29.04    35.00
7833.618741  0.991937  0.000748  -0.17   1.30  1.12 12.08    28.88    35.00
7833.619308  0.990902  0.000747   0.13   1.36  1.12 12.13    28.79    35.00
7833.619871  0.990290  0.000746  -0.02  -0.18  1.12 12.37    28.73    35.00
7833.620489  0.990096  0.000746   0.49  -0.67  1.12 11.85    28.85    35.00
7833.621049  0.990753  0.000747   1.05   0.52  1.12 12.63    28.45    35.00
7833.621605  0.991637  0.000747   1.42   0.68  1.12 12.37    28.33    35.00
7833.622161  0.990569  0.000747  -0.24   0.35  1.12 12.36    28.45    35.00
7833.622716  0.990633  0.000746  -0.56   0.33  1.12 12.16    28.16    35.00
7833.623274  0.991396  0.000747   0.30   0.42  1.12 12.74    28.46    35.00
7833.623826  0.990553  0.000746   0.01  -0.06  1.12 12.18    28.52    35.00
7833.624383  0.991052  0.000747  -0.54  -0.34  1.12 12.73    28.46    35.00
7833.624938  0.990778  0.000747  -0.70  -0.75  1.12 12.79    28.70    35.00
7833.625494  0.990803  0.000746  -0.00  -0.26  1.12 12.67    28.46    35.00
7833.626059  0.990780  0.000747   0.12   0.12  1.12 12.66    28.64    35.00
7833.626608  0.990248  0.000739   0.22   0.73  1.11 12.48    28.50    35.00
7833.627162  0.990961  0.000740  -0.19   0.54  1.11 12.70    28.39    35.00
7833.627717  0.989953  0.000739  -1.85  -1.19  1.11 13.01    28.61    35.00
7833.628271  0.989089  0.000738  -1.17  -0.57  1.11 12.99    28.18    35.00
7833.628826  0.989508  0.000739   1.78   1.52  1.11 12.73    28.41    35.00
7833.629383  0.989346  0.000739   1.88   1.02  1.11 13.22    28.31    35.00
7833.629941  0.989157  0.000738   0.27  -0.07  1.11 12.13    28.22    35.00
7833.630494  0.990083  0.000739   0.10  -0.14  1.11 12.84    28.21    35.00
7833.631050  0.988515  0.000738  -1.78  -0.01  1.11 12.43    28.09    35.00
7833.631605  0.991327  0.000740  -1.64   0.13  1.11 12.80    27.95    35.00
7833.632162  0.989517  0.000738   1.33   0.85  1.11 12.36    27.97    35.00
7833.632714  0.991433  0.000740   1.47   1.03  1.11 12.57    27.99    35.00
7833.633271  0.990589  0.000739  -0.86  -0.16  1.11 12.57    27.92    35.00
7833.633827  0.990035  0.000739  -1.27  -0.45  1.11 12.46    27.70    35.00
7833.634383  0.988006  0.000737  -0.07  -0.15  1.11 12.31    27.54    35.00
7833.634938  0.988550  0.000738   0.37   0.76  1.11 12.78    27.55    35.00
7833.635495  0.989681  0.000739   1.55   1.53  1.11 12.86    27.71    35.00
7833.636050  0.988736  0.000738   1.40   1.30  1.11 12.63    27.68    35.00
7833.636605  0.990674  0.000739  -0.92  -0.42  1.11 12.76    27.39    35.00
7833.637161  0.989043  0.000738  -0.17  -0.27  1.11 12.63    27.43    35.00
7833.637719  0.989303  0.000732   0.96   0.21  1.10 12.56    27.09    35.00
7833.638271  0.989873  0.000732   0.77   0.20  1.10 12.37    26.98    35.00
7833.638829  0.989578  0.000732  -0.82  -0.17  1.10 12.68    27.23    35.00
7833.639381  0.990649  0.000733  -0.85  -0.68  1.10 12.49    27.14    35.00
7833.639939  0.989106  0.000731   0.24   0.43  1.10 12.66    27.09    35.00
7833.640492  0.989595  0.000732   0.47   0.51  1.10 12.65    27.00    35.00
7833.641048  0.990187  0.000732   0.28   0.12  1.10 12.40    27.34    35.00
7833.641605  0.988008  0.000731  -0.12   0.12  1.10 12.69    27.11    35.00
7833.642162  0.988353  0.000731  -0.97   0.28  1.10 12.91    27.22    35.00
7833.642716  0.990002  0.000732  -0.64  -0.48  1.10 12.40    27.29    35.00
7833.643272  0.989689  0.000732   0.31  -1.39  1.10 12.49    27.33    35.00
7833.643826  0.991356  0.000734   0.40  -1.59  1.10 12.62    26.86    35.00
7833.644381  0.990236  0.000733  -0.85  -0.12  1.10 13.21    26.78    35.00
7833.644938  0.989713  0.000732  -0.21   0.07  1.10 12.38    26.68    35.00
7833.645493  0.988591  0.000731   0.32   0.32  1.10 12.60    26.69    35.00
7833.646049  0.989241  0.000732   0.53   0.40  1.10 12.78    26.76    35.00
7833.646604  0.989161  0.000732   0.32  -0.02  1.10 12.95    26.79    35.00
7833.647160  0.989317  0.000732   0.46  -0.24  1.10 12.60    26.61    35.00
7833.647714  0.988996  0.000731  -1.06  -0.60  1.10 12.73    26.82    35.00
7833.648271  0.989144  0.000731  -0.64  -0.46  1.10 12.40    26.77    35.00
7833.648826  0.988080  0.000731  -0.31   0.27  1.10 13.03    26.60    35.00
7833.649383  0.988104  0.000731  -0.30   0.44  1.10 12.63    26.91    35.00
7833.649938  0.990205  0.000732   0.83   1.40  1.10 13.05    27.06    35.00
7833.650493  0.989419  0.000732  -0.29   0.12  1.10 13.16    26.91    35.00
7833.651047  0.990470  0.000732  -0.75  -2.85  1.10 12.77    26.72    35.00
7833.651604  0.989372  0.000732  -0.51  -0.53  1.10 12.48    26.95    35.00
7833.652160  0.989463  0.000732   0.48   4.40  1.10 12.61    26.83    35.00
7833.652713  0.989326  0.000732   0.14   2.73  1.10 12.72    26.78    35.00
7833.653274  0.988828  0.000731  -0.29  -2.56  1.10 12.72    26.68    35.00
7833.653826  0.988743  0.000731  -1.22  -2.98  1.10 12.50    26.63    35.00
7833.654383  0.988262  0.000731  -0.96  -3.00  1.10 12.25    26.58    35.00
7833.654936  0.988801  0.000731  -0.98  -1.70  1.10 12.41    26.62    35.00
7833.655495  0.988882  0.000731   0.50   3.59  1.10 12.43    26.72    35.00
7833.656049  0.989117  0.000732   1.24   3.63  1.10 12.80    26.89    35.00
7833.656605  0.990612  0.000733   0.57  -1.03  1.10 12.84    26.92    35.00
7833.657163  0.988437  0.000731  -0.27  -1.84  1.10 12.50    27.01    35.00
7833.657714  0.988917  0.000731  -1.31  -0.33  1.10 12.81    26.76    35.00
7833.658273  0.986646  0.000730  -1.24   0.25  1.10 12.79    26.87    35.00
7833.658827  0.988285  0.000731   0.28   1.17  1.10 13.24    26.91    35.00
7833.659382  0.988649  0.000731   0.56   0.64  1.10 12.77    26.69    35.00
7833.659937  0.988986  0.000732   1.15  -0.74  1.10 13.18    27.07    35.00
7833.660491  0.988620  0.000731   0.53  -0.27  1.10 12.24    26.63    35.00
7833.661049  0.988684  0.000731  -0.39   0.88  1.10 12.85    26.67    35.00
7833.661603  0.988619  0.000731  -0.08   0.66  1.10 12.59    26.52    35.00
7833.662158  0.989086  0.000731  -0.09  -0.37  1.10 12.32    26.85    35.00
7833.662713  0.988383  0.000731  -0.04  -0.83  1.10 12.52    26.68    35.00
7833.663273  0.988745  0.000731   0.32   0.25  1.10 12.03    26.76    35.00
7833.663826  0.988066  0.000731   0.91  -0.42  1.10 12.42    26.92    35.00
7833.664382  0.986727  0.000730   0.52  -0.35  1.10 12.89    26.46    35.00
7833.664938  0.988986  0.000731   0.62  -0.91  1.10 12.19    26.65    35.00
7833.665494  0.989735  0.000732  -1.50  -1.39  1.10 12.27    26.81    35.00
7833.666050  0.989399  0.000732  -1.04  -1.75  1.10 12.16    26.76    35.00
7833.666604  0.989910  0.000732   0.24   0.70  1.10 12.17    26.98    35.00
7833.667159  0.988575  0.000731   0.81   0.16  1.10 12.44    26.61    35.00
7833.667715  0.989852  0.000732   0.00  -0.00  1.10 12.20    26.99    35.00
7833.668270  0.990217  0.000739   0.56  -0.06  1.11 12.70    26.85    35.00
7833.668826  0.988741  0.000738  -0.04   0.68  1.11 12.92    27.07    35.00
7833.669383  0.987682  0.000737  -0.39   0.79  1.11 12.65    27.10    35.00
7833.669937  0.989013  0.000738  -0.37   0.40  1.11 12.36    27.11    35.00
7833.670491  0.989759  0.000739  -0.06   1.08  1.11 12.56    27.21    35.00
7833.671046  0.988229  0.000738   0.51   0.75  1.11 12.39    27.04    35.00
7833.671603  0.989655  0.000739   0.40   0.26  1.11 12.43    27.03    35.00
7833.672161  0.988193  0.000738  -0.14  -0.87  1.11 12.77    27.01    35.00
7833.672714  0.988615  0.000738   0.24  -0.43  1.11 12.21    27.00    35.00
7833.673271  0.987985  0.000737  -0.25   0.40  1.11 12.11    27.15    35.00
7833.673826  0.989769  0.000739   0.16   0.23  1.11 12.08    27.01    35.00
7833.674383  0.989626  0.000739   0.43  -0.33  1.11 12.65    27.24    35.00
7833.674939  0.989485  0.000739   0.92  -1.43  1.11 12.61    26.90    35.00
7833.675493  0.990834  0.000740  -0.48  -1.26  1.11 12.11    27.13    35.00
7833.676048  0.989968  0.000739  -0.44  -1.28  1.11 12.65    27.09    35.00
7833.676602  0.990746  0.000739   0.39   0.71  1.11 12.11    26.94    35.00
7833.677158  0.989782  0.000739   0.10   0.64  1.11 12.29    26.99    35.00
7833.677713  0.988567  0.000738  -1.04  -0.80  1.11 12.37    27.23    35.00
7833.678269  0.988799  0.000738  -0.58  -0.52  1.11 12.17    27.29    35.00
7833.678826  0.989862  0.000739   0.28   0.69  1.11 11.95    27.13    35.00
7833.679382  0.989412  0.000745   0.37   0.73  1.12 12.65    27.11    35.00
7833.679938  0.988868  0.000745   0.27   0.26  1.12 12.23    26.95    35.00
7833.680493  0.989069  0.000745  -0.05  -0.15  1.12 12.44    26.50    35.00
7833.681048  0.990768  0.000746  -0.28  -0.57  1.12 12.13    26.65    35.00
7833.681602  0.988300  0.000744   0.31  -0.36  1.12 12.74    26.75    35.00
7833.682162  0.989325  0.000745   0.22  -0.39  1.12 12.09    26.74    35.00
7833.682715  0.988223  0.000744   0.74   0.53  1.12 12.66    26.74    35.00
7833.683268  0.989632  0.000745  -0.52   0.71  1.12 12.68    26.43    35.00
7833.683827  0.989822  0.000745  -0.50   0.41  1.12 12.28    26.43    35.00
7833.684383  0.987687  0.000744  -0.71  -0.65  1.12 12.33    26.76    35.00
7833.684935  0.987234  0.000744  -0.48  -0.79  1.12 12.86    26.71    35.00
7833.685492  0.989106  0.000745   0.91   0.81  1.12 12.55    26.48    35.00
7833.686049  0.988214  0.000744   0.55   0.09  1.12 12.37    26.67    35.00
7833.686605  0.988988  0.000745  -0.07   0.31  1.12 12.94    26.84    35.00
7833.687161  0.988388  0.000752   0.35   0.39  1.13 13.42    26.78    35.00
7833.687715  0.990808  0.000753   0.49   0.13  1.13 12.53    26.84    35.00
7833.688271  0.990000  0.000752   0.59   0.07  1.13 12.46    26.77    35.00
7833.688827  0.988044  0.000751   0.54   0.59  1.13 12.72    27.14    35.00
7833.689381  0.989335  0.000752   0.28   0.24  1.13 12.71    26.83    35.00
7833.689935  0.988766  0.000752  -0.14  -0.55  1.13 12.83    26.74    35.00
7833.690495  0.989356  0.000752   0.02  -0.53  1.13 13.05    26.91    35.00
7833.691050  0.987861  0.000751   0.21  -0.31  1.13 13.31    27.24    35.00
7833.691605  0.989064  0.000752   0.52   0.02  1.13 12.93    27.66    35.00
7833.692160  0.989406  0.000753   0.72   0.69  1.13 12.79    27.54    35.00
7833.692715  0.989833  0.000753   0.72  -0.27  1.13 13.34    27.69    35.00
7833.693272  0.988831  0.000759  -0.42  -1.46  1.14 13.54    27.84    35.00
7833.693829  0.988180  0.000758  -0.18  -1.54  1.14 13.42    27.94    35.00
7833.694383  0.988679  0.000759   0.41   0.68  1.14 13.17    27.93    35.00
7833.695053  0.989571  0.000759  -1.17   0.14  1.14 12.17    28.09    35.00
7833.695604  0.990129  0.000760  -1.14  -0.19  1.14 12.28    28.07    35.00
7833.696236  0.988503  0.000759  -0.78  -0.34  1.14 12.64    28.39    35.00
7833.696789  0.990588  0.000760  -0.99  -0.94  1.14 12.51    28.27    35.00
7833.697345  0.989466  0.000759  -0.83  -0.49  1.14 12.52    28.37    35.00
7833.697902  0.989454  0.000760  -0.75  -0.68  1.14 12.70    28.72    35.00
7833.698454  0.991043  0.000768  -1.47   0.26  1.15 12.42    28.58    35.00
7833.699006  0.989445  0.000766  -1.28   0.25  1.15 12.25    28.76    35.00
7833.699563  0.989658  0.000767   0.51   0.16  1.15 12.46    28.78    35.00
7833.700113  0.990396  0.000767   0.16  -0.19  1.15 12.40    29.11    35.00
7833.700666  0.989753  0.000767  -0.59  -0.15  1.15 11.99    29.22    35.00
7833.701220  0.990127  0.000767  -1.00   0.01  1.15 12.82    29.47    35.00
7833.701769  0.989570  0.000767  -0.84   0.21  1.15 12.51    29.15    35.00
7833.702340  0.989040  0.000766  -1.12  -0.10  1.15 12.46    29.55    35.00
7833.702903  0.989925  0.000774   0.12  -0.21  1.16 12.32    29.64    35.00
7833.703456  0.991023  0.000775   0.05  -0.72  1.16 12.50    29.73    35.00
7833.704011  0.988433  0.000773   0.32  -0.02  1.16 12.71    29.94    35.00
7833.704563  0.990579  0.000774  -0.26   0.00  1.16 12.40    30.02    35.00
7833.705118  0.991254  0.000775  -0.65  -0.15  1.16 12.80    30.24    35.00
7833.705674  0.990397  0.000774  -0.86  -0.43  1.16 12.52    30.41    35.00
7833.706229  0.986523  0.000771  -1.15  -0.23  1.16 13.31    30.55    35.00
7833.706779  0.990197  0.000774  -1.33  -0.33  1.16 12.39    30.54    35.00
7833.707334  0.989584  0.000781   0.49   1.18  1.17 12.63    30.56    35.00
7833.707890  0.989249  0.000780   0.24   0.83  1.17 13.08    30.79    35.00
7833.708444  0.988365  0.000780  -0.28  -0.22  1.17 13.41    30.81    35.00
7833.709006  0.989230  0.000780   0.20   0.20  1.17 12.83    30.84    35.00
7833.709564  0.988606  0.000780   0.47   0.20  1.17 13.60    31.15    35.00
7833.710118  0.987861  0.000779  -0.20  -0.04  1.17 13.42    31.15    35.00
7833.710678  0.989871  0.000781  -1.01   0.55  1.17 12.89    30.92    35.00
7833.711230  0.989782  0.000788  -0.97   0.58  1.18 13.12    31.24    35.00
7833.711780  0.989077  0.000788   0.68  -0.12  1.18 13.63    31.15    35.00
7833.712346  0.988194  0.000787   0.16   0.41  1.18 13.48    31.39    35.00
7833.712901  0.986814  0.000786  -0.36   0.36  1.18 14.08    31.56    35.00
7833.713456  0.989242  0.000788  -0.88   0.26  1.18 13.53    31.35    35.00
7833.714015  0.989024  0.000788  -1.28  -0.32  1.18 13.69    31.51    35.00
7833.714568  0.988707  0.000795  -0.17  -0.20  1.19 13.59    31.61    35.00
7833.715122  0.989380  0.000795   0.56   0.55  1.19 13.02    31.68    35.00
7833.715674  0.989061  0.000795   1.02   0.42  1.19 13.18    31.87    35.00
7833.716230  0.989226  0.000795   0.18  -0.82  1.19 12.90    31.55    35.00
7833.716785  0.991323  0.000797  -0.40  -1.47  1.19 13.39    31.71    35.00
7833.717334  0.989530  0.000796   0.18   0.10  1.19 12.69    32.15    35.00
7833.717888  0.990106  0.000804  -0.17  -0.38  1.20 13.53    32.12    35.00
7833.718441  0.990286  0.000804   0.44   0.28  1.20 13.21    31.99    35.00
7833.718989  0.988505  0.000802   0.41   0.20  1.20 12.57    32.39    35.00
7833.719543  0.989316  0.000803   0.40  -0.30  1.20 12.79    32.22    35.00
7833.720095  0.990094  0.000804   0.04  -0.24  1.20 12.76    32.34    35.00
7833.720652  0.990220  0.000804  -0.51  -0.72  1.20 13.00    32.23    35.00
7833.721207  0.989815  0.000811  -0.31  -0.27  1.21 12.93    32.80    35.00
7833.721762  0.987939  0.000809  -0.55   0.05  1.21 13.00    32.89    35.00
7833.722316  0.989345  0.000811  -0.80   0.23  1.21 12.98    32.74    35.00
7833.722867  0.991020  0.000812   0.08  -0.56  1.21 12.83    32.64    35.00
7833.723427  0.989115  0.000810   0.47  -0.48  1.21 13.32    32.67    35.00
7833.723976  0.989763  0.000819  -0.02   0.53  1.22 13.33    32.98    35.00
7833.724528  0.989672  0.000819  -0.14   1.05  1.22 13.47    32.99    35.00
7833.725080  0.989528  0.000818  -0.22  -0.15  1.22 12.96    32.99    35.00
7833.725644  0.990802  0.000819  -0.31  -0.39  1.22 13.16    32.92    35.00
7833.726199  0.991309  0.000820   0.22  -1.22  1.22 12.54    32.84    35.00
7833.726749  0.988475  0.000825   1.33  -1.14  1.23 13.26    33.09    35.00
7833.727300  0.988626  0.000825   0.18   0.22  1.23 13.00    32.82    35.00
7833.727853  0.990387  0.000827  -0.66   0.74  1.23 13.53    32.94    35.00
7833.728404  0.987277  0.000824  -0.76  -0.13  1.23 13.87    33.08    35.00
7833.729036  0.991678  0.000828  -0.98   0.34  1.23 13.28    32.87    35.00
7833.729590  0.988931  0.000834  -1.34  -0.70  1.24 13.50    32.97    35.00
7833.730145  0.992357  0.000836  -1.19  -0.42  1.24 13.24    33.33    35.00
7833.730697  0.990052  0.000834  -0.30  -0.20  1.24 12.99    32.96    35.00
7833.731246  0.990522  0.000835  -0.58  -0.08  1.24 13.86    32.94    35.00
7833.731800  0.988346  0.000841  -0.06  -0.15  1.25 14.38    32.98    35.00
7833.732356  0.990216  0.000843  -0.18  -0.26  1.25 13.47    32.91    35.00
7833.732913  0.988595  0.000841  -0.19  -0.16  1.25 14.03    33.22    35.00
7833.733474  0.990786  0.000843  -0.30  -0.12  1.25 13.44    33.46    35.00
7833.734023  0.991616  0.000852   1.11  -0.24  1.26 13.94    33.25    35.00
7833.734573  0.988780  0.000849   1.44  -0.64  1.26 13.64    33.22    35.00
7833.735134  0.990386  0.000851  -1.36  -0.75  1.26 14.18    33.33    35.00
7833.735691  0.990563  0.000851  -0.70  -0.70  1.26 13.68    33.27    35.00
7833.736252  0.988060  0.000849  -0.06  -0.20  1.26 14.24    33.22    35.00
7833.736801  0.990692  0.000859   0.02  -0.82  1.27 14.01    33.09    35.00
7833.737348  0.990451  0.000859  -0.56  -1.18  1.27 13.67    33.34    35.00
7833.737911  0.991111  0.000859  -0.86  -0.82  1.27 14.02    33.22    35.00
7833.738465  0.992300  0.000860  -0.70  -0.18  1.27 13.52    33.70    35.00
7833.739016  0.987984  0.000865  -0.16  -0.43  1.28 14.12    33.62    35.00
7833.739587  0.991360  0.000868   0.34   0.14  1.28 14.19    33.63    35.00
7833.740140  0.991400  0.000868  -0.01  -0.31  1.28 13.79    33.84    35.00
7833.740697  0.992626  0.000877  -0.91   0.20  1.29 13.79    33.67    35.00
7833.741250  0.992825  0.000877  -0.92  -0.12  1.29 13.59    33.78    35.00
7833.741802  0.991377  0.000876  -0.17  -1.29  1.29 14.52    34.02    35.00
7833.742355  0.991477  0.000876  -0.40  -1.47  1.29 13.93    34.03    35.00
7833.742904  0.990208  0.000883  -0.45   0.57  1.30 14.34    33.94    35.00
7833.743466  0.989200  0.000882  -0.97   0.82  1.30 13.96    34.17    35.00
7833.744015  0.993919  0.000887   0.12  -0.31  1.30 13.80    34.27    35.00
7833.744578  0.992634  0.000885  -0.99   0.27  1.30 13.95    34.29    35.00
7833.745134  0.994256  0.000895  -1.64  -0.44  1.31 13.76    34.31    35.00
7833.745689  0.991406  0.000893  -0.65  -0.44  1.31 13.58    34.26    35.00
7833.746251  0.991300  0.000892   1.83   1.01  1.31 14.01    34.62    35.00
7833.746800  0.993385  0.000902   2.29   1.45  1.32 13.52    34.48    35.00
7833.747356  0.994392  0.000904  -1.55  -0.75  1.32 13.98    34.32    35.00
7833.747910  0.993028  0.000902  -0.33  -0.76  1.32 13.42    34.50    35.00
7833.748467  0.993513  0.000911   1.30  -0.78  1.33 13.82    34.21    35.00
7833.749021  0.995469  0.000913   1.52  -0.96  1.33 13.42    34.39    35.00
7833.749682  0.997415  0.000915  -1.17   0.03  1.33 13.43    34.55    35.00
7833.750236  0.993400  0.000911  -1.15   0.13  1.33 13.36    34.91    35.00
7833.750793  0.995169  0.000921   0.15   0.17  1.34 13.22    34.44    35.00
7833.751348  0.998062  0.000924   0.55  -0.49  1.34 13.65    34.68    35.00
7833.751906  0.996291  0.000922  -0.06  -0.35  1.34 13.06    34.44    35.00
7833.752461  0.998646  0.000933   0.78  -0.44  1.35 13.06    34.92    35.00
7833.753015  0.998480  0.000933   0.22   0.05  1.35 13.66    34.84    35.00
7833.753570  0.999308  0.000934   0.61   0.31  1.35 13.60    35.15    35.00
7833.754127  1.000264  0.000943   0.71   1.22  1.36 13.20    35.05    35.00
7833.754682  0.999625  0.000943   1.69   0.97  1.36 13.58    35.04    35.00
7833.755239  0.999057  0.000943  -0.64  -0.59  1.36 14.04    35.55    35.00
7833.755794  0.997337  0.000950  -0.89  -0.70  1.37 14.33    35.59    35.00
7833.756350  0.999601  0.000952  -0.57   0.39  1.37 13.54    35.31    35.00
7833.756905  0.999744  0.000952   0.18   0.40  1.37 14.02    35.45    35.00
7833.757460  0.999904  0.000961   1.15   0.06  1.38 13.71    35.68    35.00
7833.758015  0.999608  0.000961   1.87  -0.30  1.38 14.07    35.81    35.00
7833.758570  0.999447  0.000970  -1.93  -0.95  1.39 14.22    36.04    35.00
7833.759126  0.999820  0.000970  -1.96  -0.45  1.39 13.92    36.00    35.00
7833.759683  1.000210  0.000970  -1.21   1.03  1.39 14.21    35.96    35.00
7833.760237  0.998622  0.000978  -0.29   0.77  1.40 14.35    36.17    35.00
7833.760792  0.999857  0.000979  -0.35  -0.49  1.40 14.61    36.17    35.00
7833.761348  0.998564  0.000978  -0.65  -0.34  1.40 14.59    36.04    35.00
7833.761904  1.000890  0.000989   0.31   0.06  1.41 14.50    36.38    35.00
7833.762459  1.002405  0.000991   1.01  -0.08  1.41 14.06    36.28    35.00
7833.763118  0.998210  0.000996   0.54  -0.79  1.42 14.35    36.44    35.00
7833.763674  1.000851  0.000998  -0.01   0.13  1.42 13.64    36.12    35.00
7833.764224  1.000495  0.000998  -1.88   0.83  1.42 14.57    36.36    35.00
7833.764786  0.999279  0.001006  -0.99   1.13  1.43 13.97    36.68    35.00
7833.765342  0.998943  0.001006   0.55  -0.29  1.43 13.56    36.57    35.00
7833.765908  1.000915  0.001017   1.83   0.23  1.44 13.54    36.84    35.00
7833.766465  1.000237  0.001017  -0.00   0.30  1.44 13.98    36.76    35.00
7833.767020  1.000267  0.001026   0.09   0.06  1.45 13.02    36.88    35.00
7833.767576  1.003438  0.001029  -0.08  -0.21  1.45 12.92    37.22    35.00
7833.768130  1.003094  0.001029   0.16  -0.52  1.45 13.24    37.26    35.00
7833.768689  1.001347  0.001037  -0.21  -0.05  1.46 13.95    37.36    35.00
7833.769252  0.999659  0.001035   0.18  -0.88  1.46 14.94    37.50    35.00
7833.769809  0.999794  0.001045  -0.12  -1.17  1.47 14.05    37.80    35.00
7833.770376  0.998808  0.001044  -0.45  -1.15  1.47 14.17    37.55    35.00
7833.771035  0.997835  0.001052   0.72   1.94  1.48 14.48    37.73    35.00
7833.771584  1.000148  0.001055   1.30   0.90  1.48 14.24    37.96    35.00
7833.772154  1.001554  0.001066  -0.55  -1.38  1.49 14.13    38.13    35.00
7833.772713  0.998736  0.001063   1.41  -1.30  1.49 13.98    38.07    35.00
7833.773266  0.998724  0.001073   0.55  -0.42  1.50 15.28    38.28    35.00
7833.773821  0.999540  0.001074   1.04  -0.09  1.50 14.44    38.13    35.00
7833.774376  1.000447  0.001075  -1.36   0.41  1.50 14.47    38.51    35.00
7833.774935  1.000069  0.001084  -0.13   0.68  1.51 13.98    38.44    35.00
7833.775489  1.001617  0.001086   1.08   0.74  1.51 14.44    38.82    35.00
7833.776043  0.999984  0.001094   2.89  -0.21  1.52 14.26    38.46    35.00
7833.776599  1.000082  0.001094   2.56  -0.41  1.52 12.95    38.49    35.00
7833.777251  1.000223  0.001104  -3.01   1.05  1.53 14.05    38.59    35.00
7833.777806  1.001284  0.001115  -1.83   0.90  1.54 13.80    39.02    35.00
7833.778358  0.998106  0.001112   2.57   0.20  1.54 13.68    39.45    35.00
7833.778914  1.000688  0.001125   4.47  -0.37  1.55 13.83    39.80    35.00
7833.779470  0.998958  0.001123   0.98   0.91  1.55 13.35    39.58    35.00
7833.780023  0.998702  0.001133   0.92  -0.60  1.56 13.40    39.51    35.00
7833.780589  1.000087  0.001135  -0.10  -0.33  1.56 13.60    39.09    35.00
7833.781153  1.000884  0.001146   1.44   0.58  1.57 15.26    39.29    35.00
7833.781715  1.001371  0.001146   1.05   0.82  1.57 13.43    39.72    35.00
7833.782261  1.001958  0.001157   2.42   0.17  1.58 14.09    40.21    35.00
7833.782815  1.001686  0.001157  -0.45  -0.35  1.58 13.18    40.44    35.00
7833.783365  1.001124  0.001167   1.49  -0.93  1.59 13.68    40.68    35.00
7833.783929  0.997679  0.001164  -0.24  -1.34  1.59 14.70    40.90    35.00
7833.784551  1.000268  0.001177  -0.00  -0.72  1.60 14.86    40.58    35.00
7833.785106  0.999318  0.001186   0.88   2.13  1.61 15.05    40.59    35.00
7833.785657  0.997750  0.001184   2.51   1.80  1.61 14.34    40.54    35.00
7833.786228  0.999405  0.001197   1.60  -0.56  1.62 14.25    40.80    35.00
7833.786783  1.001540  0.001199   2.19  -1.38  1.62 15.23    41.07    35.00
7833.787427  1.002583  0.001211   0.76   0.70  1.63 13.59    41.45    35.00
7833.787990  1.000216  0.001220   0.94   1.13  1.64 13.83    41.37    35.00
7833.788548  1.000906  0.001221  -1.79  -1.21  1.64 14.88    41.71    35.00
7833.789103  0.998947  0.001229  -1.59  -2.06  1.65 13.82    41.73    35.00
7833.789660  1.001631  0.001243   0.19   0.53  1.66 13.99    42.20    35.00
7833.790224  0.997854  0.001238   1.04   1.45  1.66 13.25    41.73    35.00
7833.790781  1.000357  0.001252  -0.11   0.66  1.67 13.82    41.91    35.00
7833.791334  0.999930  0.001263   1.21   0.71  1.68 13.34    42.40    35.00
7833.791885  1.002279  0.001266   0.27   1.22  1.68 13.92    42.50    35.00
7833.792452  0.999857  0.001274   1.36   0.34  1.69 13.52    42.59    35.00
7833.793014  1.000752  0.001286   0.55  -0.19  1.70 14.40    42.93    35.00
7833.793569  1.002936  0.001289   1.54  -2.04  1.70 13.04    43.54    35.00
7833.794128  1.001522  0.001298  -1.90  -1.77  1.71 13.46    43.58    35.00
7833.794680  1.001354  0.001310   0.14  -2.07  1.72 13.58    43.28    35.00
7833.795375  0.999003  0.001318   1.46  -0.08  1.73 13.42    43.36    35.00
7833.795931  0.997505  0.001316   2.47  -0.96  1.73 14.18    43.62    35.00
7833.796487  1.000539  0.001332  -0.85   0.49  1.74 14.41    44.12    35.00
7833.797043  0.998547  0.001341   0.96  -0.27  1.75 14.38    44.34    35.00
7833.797598  1.000233  0.001354   0.43   1.21  1.76 14.55    44.24    35.00
7833.798154  0.999729  0.001354   1.59   0.10  1.76 14.15    44.12    35.00
7833.798803  1.001187  0.001367   0.37   0.63  1.77 13.74    44.40    35.00
7833.799423  0.999649  0.001377   2.18  -0.43  1.78 13.75    44.23    35.00
7833.799977  1.001599  0.001391  -0.70   0.10  1.79 12.85    44.52    35.00
7833.800532  1.000308  0.001401   0.66  -1.35  1.80 13.64    44.90    35.00
7833.801093  0.999023  0.001399  -0.40   0.39  1.80 12.81    44.71    35.00
7833.801649  1.001356  0.001415   2.56  -0.83  1.81 13.78    44.74    35.00
7833.802205  1.000395  0.001425   0.24   0.01  1.82 13.96    45.25    35.00
7833.802902  0.999217  0.001435   2.79  -0.97  1.83 13.19    45.48    35.00
7833.803563  1.001101  0.001451   0.57   0.48  1.84 13.59    45.64    35.00
7833.804126  0.999103  0.001460   2.50  -1.09  1.85 13.27    45.25    35.00
7833.804680  1.004728  0.001480   0.42  -0.34  1.86 13.70    45.53    35.00
7833.805233  1.000536  0.001487   2.43  -2.21  1.87 13.20    45.81    35.00
7833.805787  0.999567  0.001485  -0.91  -0.54  1.87 14.35    46.39    35.00
7833.806342  1.001640  0.001500   2.33  -2.29  1.88 13.82    46.22    35.00
7833.806890  0.997373  0.001507  -1.29   2.26  1.89 14.09    46.55    35.00
7833.807447  0.998767  0.001521   1.78   0.67  1.90 14.44    46.82    35.00
7833.808001  0.997165  0.001531   2.79  -0.83  1.91 15.10    47.09    35.00
7833.808557  0.999743  0.001548   4.70  -1.37  1.92 15.04    47.42    35.00
