8163.704238  0.989329  0.000731 -78.20 -29.63  1.14 11.66    30.64    40.00
8163.704846  0.991137  0.000733 -78.54 -30.06  1.14 11.50    30.55    40.00
8163.705459  0.988819  0.000734 -77.72 -31.47  1.14 11.24    30.31    40.00
8163.706066  0.991054  0.000734 -76.48 -29.60  1.14 10.35    30.12    40.00
8163.706676  0.991936  0.000732 -76.14 -29.37  1.14 10.92    30.36    40.00
8163.707294  0.990259  0.000730 -76.41 -29.96  1.14 10.99    30.40    40.00
8163.707913  0.989451  0.000729 -74.53 -30.11  1.14 11.60    30.55    40.00
8163.708524  0.989355  0.000732 -73.75 -28.95  1.14 11.26    30.38    40.00
8163.709130  0.990005  0.000725 -74.07 -30.86  1.13 11.72    30.51    40.00
8163.709747  0.990200  0.000733 -74.62 -31.39  1.13 11.36    30.38    40.00
8163.710356  0.989674  0.000733 -73.34 -30.97  1.13 11.21    30.01    40.00
8163.710974  0.989098  0.000732 -70.84 -31.96  1.13 11.89    30.16    40.00
8163.711586  0.987689  0.000735 -71.91 -31.81  1.13 11.54    30.05    40.00
8163.712200  0.989096  0.000736 -71.63 -31.80  1.13 11.48    30.14    40.00
8163.712816  0.990296  0.000726 -71.05 -32.68  1.13 10.92    30.09    40.00
8163.713426  0.990147  0.000725 -71.16 -32.53  1.13 11.59    29.84    40.00
8163.714039  0.988700  0.000726 -70.94 -32.78  1.13 11.42    30.02    40.00
8163.714733  0.990928  0.000725 -69.47 -32.36  1.13 11.58    30.01    40.00
8163.715347  0.990831  0.000717 -68.81 -32.57  1.12 11.45    30.00    40.00
8163.715959  0.992103  0.000719 -67.59 -32.80  1.12 11.88    29.95    40.00
8163.716573  0.989852  0.000717 -67.26 -31.91  1.12 11.34    29.86    40.00
8163.717184  0.989439  0.000716 -66.34 -31.62  1.12 11.83    29.74    40.00
8163.717798  0.989485  0.000716 -66.35 -31.33  1.12 11.41    29.69    40.00
8163.718408  0.989442  0.000716 -65.78 -30.85  1.12 11.74    29.94    40.00
8163.719025  0.990093  0.000716 -65.19 -31.48  1.12 11.39    29.91    40.00
8163.719636  0.991032  0.000717 -64.92 -31.19  1.12 11.17    30.13    40.00
8163.720245  0.989272  0.000716 -63.16 -31.05  1.12 11.03    30.43    40.00
8163.720859  0.990136  0.000717 -63.76 -31.91  1.12 11.71    30.30    40.00
8163.721473  0.989919  0.000716 -62.78 -31.40  1.12 11.12    30.61    40.00
8163.722084  0.988288  0.000715 -62.47 -31.19  1.12 11.66    30.28    40.00
8163.722698  0.990664  0.000710 -61.70 -30.82  1.11 10.55    30.18    40.00
8163.723313  0.990363  0.000710 -61.18 -31.89  1.11 10.71    30.26    40.00
8163.723928  0.988890  0.000709 -60.49 -31.89  1.11 11.28    30.19    40.00
8163.724539  0.988672  0.000709 -59.10 -31.54  1.11 11.62    29.87    40.00
8163.725154  0.989067  0.000709 -59.53 -30.47  1.11 10.78    29.66    40.00
8163.725765  0.988392  0.000709 -58.03 -29.99  1.11 10.79    30.02    40.00
8163.726380  0.989337  0.000710 -58.31 -30.13  1.11 11.11    30.01    40.00
8163.726992  0.988037  0.000709 -56.55 -29.83  1.11 11.07    29.93    40.00
8163.727602  0.988358  0.000709 -56.29 -30.83  1.11 11.33    29.89    40.00
8163.728297  0.985117  0.000708 -55.48 -29.90  1.11 15.01    29.88    40.00
8163.728911  0.986776  0.000709 -54.87 -29.73  1.11 15.08    29.88    40.00
8163.729522  0.986229  0.000709 -55.18 -30.07  1.11 15.72    29.68    40.00
8163.730191  0.987632  0.000757 -53.70 -30.81  1.11 10.70    26.08    35.00
8163.730741  0.989003  0.000759 -53.09 -29.79  1.11 11.22    26.50    35.00
8163.731304  0.987116  0.000757 -52.51 -30.76  1.11 11.44    26.64    35.00
8163.731852  0.987464  0.000757 -51.96 -30.27  1.11 11.48    26.38    35.00
8163.732415  0.988652  0.000758 -51.30 -29.02  1.11 11.38    26.44    35.00
8163.732976  0.987737  0.000757 -49.91 -30.08  1.11 10.97    26.59    35.00
8163.733542  0.988621  0.000758 -49.68 -29.41  1.11 11.55    26.75    35.00
8163.734102  0.988876  0.000752 -48.76 -28.97  1.10 11.29    26.64    35.00
8163.734654  0.988323  0.000752 -47.34 -28.07  1.10 11.59    26.49    35.00
8163.735214  0.989229  0.000752 -47.61 -28.54  1.10 11.23    26.68    35.00
8163.735765  0.986694  0.000750 -47.24 -27.32  1.10 11.65    26.71    35.00
8163.736325  0.988556  0.000752 -47.26 -27.19  1.10 10.70    26.63    35.00
8163.736874  0.987794  0.000751 -45.46 -27.17  1.10 10.70    26.62    35.00
8163.737438  0.988836  0.000753 -45.18 -25.99  1.10 10.79    26.84    35.00
8163.737994  0.986229  0.000750 -45.84 -26.92  1.10 10.74    26.78    35.00
8163.738548  0.988258  0.000752 -44.79 -26.44  1.10 10.71    26.67    35.00
8163.739098  0.987190  0.000751 -44.18 -26.24  1.10 10.95    26.97    35.00
8163.739728  0.988761  0.000752 -43.88 -25.54  1.10 11.22    26.66    35.00
8163.740278  0.988754  0.000753 -42.58 -25.56  1.10 11.35    26.71    35.00
8163.740848  0.987120  0.000752 -41.72 -25.26  1.10 11.73    27.02    35.00
8163.741408  0.987065  0.000751 -41.15 -24.72  1.10 11.34    26.97    35.00
8163.741960  0.988288  0.000752 -41.17 -25.35  1.10 11.14    27.07    35.00
8163.742515  0.988906  0.000752 -41.00 -24.23  1.10 11.12    27.13    35.00
8163.743063  0.989211  0.000753 -39.99 -23.97  1.10 11.15    26.98    35.00
8163.743619  0.987979  0.000752 -39.34 -24.43  1.10 11.35    26.95    35.00
8163.744177  0.991117  0.000755 -37.79 -23.22  1.10 11.14    27.14    35.00
8163.744732  0.988497  0.000752 -37.66 -23.30  1.10 10.95    27.13    35.00
8163.745285  0.990997  0.000755 -37.22 -22.28  1.10 11.72    27.26    35.00
8163.745832  0.990103  0.000754 -37.77 -22.40  1.10 11.13    27.45    35.00
8163.746385  0.990790  0.000755 -36.98 -20.96  1.10 11.54    27.56    35.00
8163.746937  0.990519  0.000754 -35.92 -21.43  1.10 11.39    27.30    35.00
8163.747492  0.989932  0.000754 -35.62 -23.24  1.10 11.13    27.25    35.00
8163.748040  0.990156  0.000754 -34.85 -20.77  1.10 11.05    27.49    35.00
8163.748588  0.989280  0.000754 -34.70 -18.27  1.10 11.10    27.43    35.00
8163.749149  0.991995  0.000755 -33.78 -17.83  1.10 11.46    27.35    35.00
8163.749699  0.991673  0.000755 -34.17 -20.80  1.10 11.51    27.57    35.00
8163.750264  0.989486  0.000754 -33.90 -22.83  1.10 11.09    27.71    35.00
8163.750817  0.990488  0.000755 -32.93 -19.42  1.10 11.28    27.64    35.00
8163.751366  0.988529  0.000753 -32.53 -20.42  1.10 11.09    27.57    35.00
8163.751929  0.989414  0.000754 -31.13 -20.50  1.10 11.14    27.53    35.00
8163.752487  0.989673  0.000754 -30.76 -20.42  1.10 11.40    27.78    35.00
8163.753045  0.987060  0.000752 -30.72 -20.21  1.10 11.20    27.53    35.00
8163.753609  0.989683  0.000754 -29.50 -19.02  1.10 11.40    27.61    35.00
8163.754165  0.989119  0.000754 -29.04 -20.45  1.10 11.50    27.59    35.00
8163.754719  0.988098  0.000753 -28.46 -19.40  1.10 11.42    27.66    35.00
8163.755270  0.989018  0.000754 -28.22 -19.31  1.10 11.04    27.68    35.00
8163.755818  0.987123  0.000752 -28.32 -19.19  1.10 11.39    27.56    35.00
8163.756373  0.987882  0.000753 -26.44 -18.16  1.10 11.22    27.68    35.00
8163.756922  0.987320  0.000752 -25.60 -17.93  1.10 11.24    27.49    35.00
8163.757493  0.986983  0.000752 -25.49 -19.49  1.10 11.49    27.73    35.00
8163.758042  0.984892  0.000750 -25.34 -18.70  1.10 11.39    27.64    35.00
8163.758604  0.987044  0.000752 -24.66 -18.13  1.10 11.66    27.83    35.00
8163.759159  0.986214  0.000751 -23.99 -17.68  1.10 11.55    27.68    35.00
8163.759715  0.987153  0.000753 -23.48 -17.16  1.10 11.72    27.45    35.00
8163.760263  0.985412  0.000751 -21.86 -17.27  1.10 11.78    27.62    35.00
8163.760810  0.987266  0.000752 -22.30 -17.00  1.10 11.02    27.64    35.00
8163.761366  0.987251  0.000752 -21.51 -17.37  1.10 11.13    27.77    35.00
8163.761930  0.986675  0.000752 -20.53 -16.45  1.10 11.29    28.07    35.00
8163.762485  0.986206  0.000752 -19.90 -16.63  1.10 11.64    28.12    35.00
8163.763042  0.987755  0.000753 -20.03 -16.40  1.10 11.42    28.19    35.00
8163.763680  0.987200  0.000752 -19.65 -16.14  1.10 10.30    27.84    35.00
8163.764233  0.987466  0.000759 -18.27 -15.41  1.11 11.08    27.78    35.00
8163.764788  0.987038  0.000759 -18.36 -14.90  1.11 10.99    27.85    35.00
8163.765341  0.987417  0.000759 -18.54 -14.75  1.11 11.34    27.94    35.00
8163.765894  0.988491  0.000760 -17.79 -14.34  1.11 11.63    27.91    35.00
8163.766456  0.987488  0.000759 -17.49 -13.74  1.11 11.21    28.11    35.00
8163.767011  0.988912  0.000760 -16.29 -13.82  1.11 11.11    28.17    35.00
8163.767564  0.987025  0.000759 -16.45 -13.10  1.11 12.31    28.19    35.00
8163.768119  0.987380  0.000759 -15.92 -12.82  1.11 11.51    28.24    35.00
8163.768668  0.988090  0.000760 -15.40 -13.16  1.11 10.87    28.29    35.00
8163.769225  0.988140  0.000760 -14.81 -11.88  1.11 11.46    28.52    35.00
8163.769778  0.988395  0.000760 -14.43 -12.64  1.11 11.49    28.83    35.00
8163.770327  0.989175  0.000761 -13.53 -11.70  1.11 10.42    28.78    35.00
8163.770889  0.989968  0.000761 -13.10 -12.08  1.11 10.16    28.88    35.00
8163.771445  0.988540  0.000760 -13.41 -11.84  1.11 11.50    28.58    35.00
8163.772000  0.989442  0.000761 -12.13 -12.17  1.11 10.63    28.62    35.00
8163.772556  0.987837  0.000760 -12.60 -10.71  1.11 11.62    28.64    35.00
8163.773111  0.989250  0.000761 -11.98 -10.33  1.11 10.58    28.76    35.00
8163.773656  0.989219  0.000761 -11.23  -9.64  1.11 11.08    28.96    35.00
8163.774213  0.988236  0.000761 -12.14 -10.46  1.11 10.58    28.96    35.00
8163.774766  0.988007  0.000760 -11.33 -10.01  1.11 10.99    29.00    35.00
8163.775324  0.988771  0.000761 -10.65 -10.97  1.11 11.56    28.72    35.00
8163.775877  0.988327  0.000767  -9.93 -10.23  1.12 11.87    28.94    35.00
8163.776434  0.987924  0.000767  -9.90  -8.79  1.12 11.55    29.04    35.00
8163.776988  0.987764  0.000767 -10.16  -9.33  1.12 12.38    29.02    35.00
8163.777541  0.987872  0.000767 -10.11  -7.58  1.12 12.28    28.79    35.00
8163.778096  0.987493  0.000766  -8.82  -8.27  1.12 11.56    29.02    35.00
8163.778645  0.986084  0.000765  -8.20  -7.50  1.12 11.67    29.05    35.00
8163.779197  0.987861  0.000767  -8.15  -8.41  1.12 11.77    29.12    35.00
8163.779828  0.986957  0.000767  -8.46  -7.19  1.12 11.90    29.15    35.00
8163.780392  0.989194  0.000768  -7.00  -7.79  1.12 11.40    29.29    35.00
8163.780947  0.985121  0.000765  -6.99  -7.87  1.12 11.80    29.14    35.00
8163.781501  0.987314  0.000767  -7.61  -7.91  1.12 11.45    29.25    35.00
8163.782054  0.987607  0.000767  -6.74  -7.39  1.12 11.53    29.47    35.00
8163.782608  0.987260  0.000767  -6.56  -6.81  1.12 11.79    29.31    35.00
8163.783168  0.984474  0.000771  -5.75  -6.63  1.13 12.32    29.13    35.00
8163.783722  0.988359  0.000774  -4.81  -6.50  1.13 10.50    29.32    35.00
8163.784276  0.985837  0.000776  -6.03  -6.16  1.13 12.16    28.89    35.00
8163.784832  0.986696  0.000774  -6.52  -5.75  1.13 11.82    29.15    35.00
8163.785389  0.986476  0.000773  -5.81  -5.62  1.13 10.78    29.32    35.00
8163.785942  0.986504  0.000773  -5.95  -5.42  1.13 10.37    29.59    35.00
8163.786499  0.986885  0.000773  -5.77  -5.29  1.13 10.48    29.34    35.00
8163.787057  0.989286  0.000774  -5.21  -4.69  1.13  9.63    29.18    35.00
8163.787611  0.987888  0.000773  -5.66  -4.60  1.13  9.77    29.06    35.00
8163.788165  0.988482  0.000776  -5.58  -4.23  1.13  9.88    28.81    35.00
8163.788804  0.990287  0.000776  -5.13  -3.26  1.13  9.44    28.76    35.00
8163.789354  0.990021  0.000781  -5.27  -3.16  1.14  9.65    28.92    35.00
8163.789925  0.989507  0.000781  -4.57  -2.51  1.14 10.35    29.24    35.00
8163.790480  0.990591  0.000782  -3.99  -3.23  1.14 10.44    29.02    35.00
8163.791043  0.989770  0.000782  -4.37  -2.49  1.14 10.50    29.01    35.00
8163.791606  0.987695  0.000792  -3.31  -2.57  1.14  9.75    29.09    35.00
8163.792157  0.988367  0.000793  -3.54  -2.21  1.14  9.96    29.03    35.00
8163.792707  0.991440  0.000787  -3.33  -1.84  1.14 10.83    28.99    35.00
8163.793265  0.990876  0.000783  -3.24  -2.04  1.14 10.26    29.06    35.00
8163.793819  0.988685  0.000782  -3.50  -2.48  1.14 10.33    28.92    35.00
8163.794376  0.988816  0.000780  -3.25  -1.62  1.14  9.58    28.59    35.00
8163.794929  0.988497  0.000787  -2.03  -0.99  1.15 10.65    28.57    35.00
8163.795489  0.988885  0.000788  -3.26  -1.09  1.15 10.39    28.60    35.00
8163.796051  0.990228  0.000789  -2.28  -0.36  1.15  9.78    28.50    35.00
8163.796600  0.989924  0.000788  -1.88   0.00  1.15  9.84    28.80    35.00
8163.797170  0.989531  0.000788  -3.08   0.01  1.15 10.02    28.96    35.00
8163.797719  0.989737  0.000788  -3.31   0.36  1.15 10.11    28.59    35.00
8163.798273  0.990176  0.000788  -2.40   0.62  1.15  9.36    28.83    35.00
8163.798830  0.989950  0.000788  -2.05   0.40  1.15  9.96    28.92    35.00
8163.799386  0.988759  0.000794  -2.58   0.29  1.16 10.72    29.13    35.00
8163.799934  0.986963  0.000793  -1.67   1.24  1.16 12.02    29.00    35.00
8163.800496  0.988293  0.000794  -1.44   2.01  1.16 11.59    28.86    35.00
8163.801051  0.988976  0.000795  -1.99   2.81  1.16 11.85    28.62    35.00
8163.801606  0.988038  0.000794  -2.37   3.04  1.16 11.64    28.60    35.00
8163.802158  0.987526  0.000794  -1.02   3.05  1.16 10.44    28.49    35.00
8163.802719  0.988817  0.000795  -1.63   3.13  1.16 11.40    28.60    35.00
8163.803274  0.989763  0.000802  -0.49   3.66  1.17 10.76    28.53    35.00
8163.803838  0.989169  0.000802  -0.97   4.93  1.17 11.71    28.50    35.00
8163.804392  0.989317  0.000802  -0.97   3.84  1.17 11.20    28.09    35.00
8163.804941  0.989375  0.000802  -1.46   5.50  1.17 11.14    28.37    35.00
8163.805586  0.989972  0.000803   0.00   4.29  1.17 10.73    28.15    35.00
8163.806140  0.990886  0.000804  -0.06   5.12  1.17 10.80    28.25    35.00
8163.806700  0.990363  0.000803  -0.78   4.73  1.17 10.88    28.02    35.00
8163.807257  0.989095  0.000809  -0.26   5.98  1.18 11.40    27.90    35.00
8163.807812  0.988777  0.000809   0.85   5.63  1.18 11.29    27.92    35.00
8163.808366  0.990007  0.000810  -0.33   6.04  1.18 11.16    28.01    35.00
8163.808930  0.989812  0.000809   0.74   6.14  1.18 10.26    28.04    35.00
8163.809485  0.988274  0.000808   0.95   6.55  1.18 11.45    28.38    35.00
8163.810041  0.990868  0.000811   0.76   7.73  1.18 10.79    28.36    35.00
8163.810598  0.990274  0.000817   0.81   7.75  1.19 10.79    28.19    35.00
8163.811152  0.992286  0.000819   1.29   8.12  1.19 10.60    27.94    35.00
8163.811700  0.989059  0.000816   1.11   7.57  1.19 11.89    27.75    35.00
8163.812255  0.991291  0.000818   0.53   8.93  1.19 11.99    27.89    35.00
8163.812891  0.990081  0.000817   1.13   7.92  1.19 11.39    27.69    35.00
8163.813509  0.989689  0.000816   0.87   8.83  1.19 12.28    27.87    35.00
8163.814075  0.993973  0.000827   0.87   9.77  1.20 11.49    28.23    35.00
8163.814630  0.993206  0.000826   1.03  10.09  1.20 10.52    28.19    35.00
8163.815184  0.992951  0.000826   1.41   8.67  1.20 11.51    28.23    35.00
8163.815736  0.993834  0.000827   0.87   9.07  1.20 11.57    28.01    35.00
8163.816292  0.990760  0.000825  -0.22  11.03  1.20 12.08    28.04    35.00
8163.816846  0.992301  0.000826   0.01  11.05  1.20 11.43    28.08    35.00
8163.817408  0.991813  0.000833   1.30  11.07  1.21 12.32    28.17    35.00
8163.817964  0.992881  0.000834   1.94  11.34  1.21 12.64    28.24    35.00
8163.818517  0.990132  0.000831   1.42  11.17  1.21 11.01    28.41    35.00
8163.819073  0.992648  0.000834   2.59  12.11  1.21 11.93    28.31    35.00
8163.819720  0.995363  0.000836   2.75  11.87  1.21 12.11    28.69    35.00
8163.820278  0.996557  0.000844   2.26  13.29  1.22 12.22    28.70    35.00
8163.820834  0.995352  0.000842   2.53  13.06  1.22 11.25    28.69    35.00
8163.821387  0.994579  0.000842   3.26  13.24  1.22 12.01    28.76    35.00
8163.821943  0.992160  0.000839   2.73  13.86  1.22 11.73    28.90    35.00
8163.822500  0.994373  0.000843   3.18  15.06  1.22 12.37    28.87    35.00
8163.823055  0.996279  0.000851   2.97  14.34  1.23 11.50    28.65    35.00
8163.823610  0.995586  0.000851   1.90  14.39  1.23 12.11    28.80    35.00
8163.824165  0.995085  0.000851   2.54  15.53  1.23 11.94    28.67    35.00
8163.824725  0.996963  0.000852   3.36  14.99  1.23 10.78    28.60    35.00
8163.825288  0.998746  0.000864   3.55  15.59  1.24 11.58    28.43    35.00
8163.825838  0.995570  0.000881   3.56  16.84  1.24 12.07    28.39    35.00
8163.826399  0.995899  0.000893   3.91  18.06  1.24 11.58    28.24    35.00
8163.826968  0.997973  0.000884   3.46  17.25  1.24 11.21    28.66    35.00
8163.827522  0.994851  0.000875   3.56  17.69  1.24 12.37    28.58    35.00
8163.828079  0.997965  0.000869   3.80  18.27  1.25 11.35    28.71    35.00
8163.828719  0.998378  0.000869   3.26  18.16  1.25 11.51    28.69    35.00
8163.829284  0.997412  0.000870   3.52  17.25  1.25 11.80    28.90    35.00
8163.829837  0.996766  0.000883   3.88  18.67  1.25 12.47    28.63    35.00
8163.830394  0.995783  0.000893   3.38  19.15  1.26 12.79    28.71    35.00
8163.830950  0.997614  0.000886   3.53  18.77  1.26 12.41    28.71    35.00
8163.831505  0.998266  0.000879   4.19  20.32  1.26 12.41    28.86    35.00
8163.832058  0.996027  0.000875   3.00  19.93  1.26 12.47    28.82    35.00
8163.832616  0.997226  0.000883   3.08  19.97  1.27 11.28    28.89    35.00
8163.833172  0.996710  0.000883   3.11  20.90  1.27 12.35    29.34    35.00
8163.833728  0.995815  0.000881   4.20  20.85  1.27 12.22    29.15    35.00
8163.834281  0.998849  0.000884   4.66  20.32  1.27 10.72    29.28    35.00
8163.834928  0.998185  0.000891   4.95  20.65  1.28 11.16    29.69    35.00
8163.835486  0.996089  0.000889   5.01  21.61  1.28 12.04    29.30    35.00
8163.836043  0.998549  0.000894   3.86  23.33  1.28 11.45    29.13    35.00
8163.836599  0.996492  0.000891   4.48  23.10  1.28 11.87    28.89    35.00
8163.837151  0.994921  0.000900   5.06  22.99  1.29 12.37    29.44    35.00
8163.837708  0.995854  0.000900   4.58  22.43  1.29 12.59    29.75    35.00
8163.838268  0.997197  0.000899   5.50  22.45  1.29 11.66    30.35    35.00
8163.838819  0.998608  0.000903   5.81  23.27  1.29 11.86    30.37    35.00
8163.839374  0.999644  0.000914   4.99  23.20  1.30 11.60    29.98    35.00
8163.839930  0.997455  0.000921   4.77  23.58  1.30 12.34    29.86    35.00
8163.840487  0.998909  0.000919   5.00  24.15  1.30 11.25    30.13    35.00
8163.841043  0.997671  0.000917   5.17  23.92  1.31 11.74    30.00    35.00
8163.841597  0.996363  0.000915   6.06  23.15  1.31 12.60    29.89    35.00
8163.842153  0.998107  0.000917   5.71  24.43  1.31 12.13    30.08    35.00
8163.842709  0.998923  0.000917   6.20  24.73  1.31 12.29    29.98    35.00
8163.843265  0.996127  0.000923   5.24  25.30  1.32 12.40    30.25    35.00
8163.843821  0.997303  0.000924   6.35  25.45  1.32 12.20    30.28    35.00
8163.844377  0.997674  0.000927   6.54  25.20  1.32 11.22    30.36    35.00
8163.844931  0.997950  0.000934   6.95  25.26  1.33 11.55    30.42    35.00
8163.845578  0.998574  0.000933   6.14  24.49  1.33 11.16    30.61    35.00
8163.846131  0.997582  0.000932   6.05  25.08  1.33 11.56    30.40    35.00
8163.846686  0.998112  0.000940   6.39  25.20  1.34 10.90    30.57    35.00
8163.847234  0.999474  0.000941   6.91  23.83  1.34 10.98    30.37    35.00
8163.847783  0.997903  0.000940   7.03  25.80  1.34 10.70    30.46    35.00
8163.848346  0.998588  0.000948   7.21  25.26  1.35 10.81    30.71    35.00
8163.848902  0.999385  0.000949   7.93  25.69  1.35 11.08    30.92    35.00
8163.849456  1.000266  0.000950   7.74  26.92  1.35 10.22    30.88    35.00
8163.850010  0.999534  0.000958   9.15  25.54  1.36 10.08    31.07    35.00
8163.850567  0.997664  0.000956   9.03  25.64  1.36 11.41    31.11    35.00
8163.851122  0.998688  0.000957   8.61  26.28  1.36 10.70    31.17    35.00
8163.851672  0.998641  0.000966  10.21  26.26  1.37 11.52    31.42    35.00
8163.852233  0.999509  0.000967   9.82  25.59  1.37 11.72    31.15    35.00
8163.852783  0.998594  0.000966   9.84  26.10  1.37 11.56    31.13    35.00
8163.853344  0.999429  0.000976   9.97  25.41  1.38 11.19    31.36    35.00
8163.853900  0.994828  0.000972  10.08  25.38  1.38 11.19    31.03    35.00
8163.854528  1.000655  0.000978   9.94  25.57  1.38 11.04    31.18    35.00
8163.855089  0.998152  0.000984  10.47  25.82  1.39 11.24    31.07    35.00
8163.855644  0.998465  0.000984  10.90  26.07  1.39 10.61    30.67    35.00
8163.856201  0.999589  0.000994  10.57  25.60  1.40 10.71    30.84    35.00
8163.856754  0.997118  0.000991  11.29  25.99  1.40 11.97    30.64    35.00
8163.857317  0.999192  0.000994  10.95  25.50  1.40 11.10    30.86    35.00
8163.857872  0.997411  0.001001  11.01  26.44  1.41 11.06    31.09    35.00
8163.858427  0.999665  0.001003  11.07  26.43  1.41 11.64    31.48    35.00
8163.858983  0.998262  0.001002  12.31  26.18  1.41 11.83    31.61    35.00
8163.859540  0.996880  0.001013  14.13  27.78  1.42 13.16    31.74    35.00
8163.860097  0.996432  0.001011  13.17  27.03  1.42 12.91    31.66    35.00
8163.860667  0.998110  0.001021  14.74  25.18  1.43 12.90    31.32    35.00
8163.861311  0.997075  0.001019  15.50  25.24  1.43 11.13    31.42    35.00
8163.861877  0.998493  0.001029  14.53  25.15  1.44 10.49    31.33    35.00
8163.862432  0.998876  0.001030  15.05  25.26  1.44 11.32    31.80    35.00
8163.862991  0.999118  0.001030  13.61  25.32  1.44 11.16    31.85    35.00
8163.863561  1.000293  0.001040  15.99  25.92  1.45 10.89    32.05    35.00
8163.864116  1.001292  0.001041  15.04  24.90  1.45 10.47    31.78    35.00
8163.864681  0.999486  0.001049  16.21  25.41  1.46 11.07    31.75    35.00
8163.865251  1.000462  0.001050  16.01  25.72  1.46 11.04    31.66    35.00
8163.865806  1.000944  0.001060  15.64  26.06  1.47 10.60    31.83    35.00
8163.866362  1.001276  0.001060  17.81  25.03  1.47  9.99    31.61    35.00
8163.866915  1.001041  0.001061  16.95  25.78  1.47 10.58    31.43    35.00
8163.867478  1.002030  0.001071  16.54  27.16  1.48 11.10    31.37    35.00
8163.868033  1.000173  0.001069  19.92  24.38  1.48 11.76    31.09    35.00
8163.868585  0.998363  0.001077  18.47  25.00  1.49 11.97    31.03    35.00
8163.869140  0.999294  0.001077  20.47  24.70  1.49 10.99    31.26    35.00
8163.869701  0.998461  0.001087  20.75  26.88  1.50 11.85    31.74    35.00
8163.870255  0.998191  0.001087  21.13  27.47  1.50 12.08    31.81    35.00
8163.870808  0.999873  0.001098  20.10  25.10  1.51 10.66    31.98    35.00
8163.871360  1.002191  0.001101  21.45  23.96  1.51 10.92    31.83    35.00
8163.871924  1.000449  0.001109  21.90  23.26  1.52 11.34    31.58    35.00
8163.872478  0.998387  0.001107  20.84  26.07  1.52 12.19    31.56    35.00
8163.873034  1.000807  0.001119  23.07  22.73  1.53 10.90    31.26    35.00
8163.873590  1.001408  0.001120  24.70  23.89  1.53 10.71    30.94    35.00
8163.874234  0.999645  0.001128  24.86  25.59  1.54 11.22    30.61    35.00
8163.874787  0.998683  0.001127  26.08  23.24  1.54 10.57    30.76    35.00
8163.875347  1.002497  0.001141  28.33  22.27  1.55 10.46    30.87    35.00
8163.875904  1.002428  0.001141  28.81  21.64  1.55 10.11    31.08    35.00
8163.876460  0.999031  0.001147  28.62  22.16  1.56 11.40    31.05    35.00
8163.877014  1.000772  0.001149  30.62  20.68  1.56 10.71    31.20    35.00
8163.877569  1.000496  0.001159  30.86  22.19  1.57 11.16    30.88    35.00
8163.878126  1.001961  0.001161  29.66  21.24  1.57 10.80    31.14    35.00
8163.878682  1.001296  0.001170  31.79  20.42  1.58 11.39    30.95    35.00
8163.879238  1.001103  0.001180  32.03  20.12  1.59  9.87    31.33    35.00
8163.879794  1.001709  0.001181  32.72  20.40  1.59 11.21    31.36    35.00
8163.880344  0.999586  0.001189  34.40  20.17  1.60 10.09    31.40    35.00
8163.880906  1.002366  0.001192  36.14  18.70  1.60 10.26    31.28    35.00
8163.881462  1.001175  0.001201  36.00  19.50  1.61 11.10    31.39    35.00
8163.882025  1.000160  0.001200  36.66  19.37  1.61 10.63    31.52    35.00
8163.882580  1.001881  0.001212  38.97  18.26  1.62  9.80    31.74    35.00
8163.883133  0.999849  0.001221  39.37  17.79  1.63 11.21    31.83    35.00
8163.883693  1.002041  0.001224  40.76  18.23  1.63 11.13    32.01    35.00
8163.884244  1.001121  0.001233  42.69  17.22  1.64 10.60    32.18    35.00
8163.884800  1.002925  0.001235  43.58  16.27  1.64 10.41    32.44    35.00
8163.885357  1.001835  0.001245  43.58  16.13  1.65 10.57    32.91    35.00
8163.885912  1.001196  0.001255  45.10  15.08  1.66 10.97    33.28    35.00
8163.886467  1.001375  0.001255  46.08  15.35  1.66 10.83    33.98    35.00
8163.887021  1.001225  0.001266  47.55  15.11  1.67 10.73    34.52    35.00
8163.887580  0.999898  0.001275  48.63  14.75  1.68 10.43    35.19    35.00
8163.888135  1.000343  0.001276  51.04  14.44  1.68 10.65    35.70    35.00
8163.888691  1.001853  0.001289  51.54  13.47  1.69 11.30    36.29    35.00
8163.889336  1.001574  0.001299  53.48  12.00  1.70 10.63    36.92    35.00
8163.889899  1.002476  0.001301  54.49  11.69  1.70 10.31    37.62    35.00
8163.890451  1.000986  0.001310  55.61  12.50  1.71 10.53    39.00    35.00
8163.891005  1.000060  0.001320  57.38  10.85  1.72 10.47    40.35    35.00
8163.891560  0.998240  0.001329  60.13  10.65  1.73 11.34    42.17    35.00
8163.892116  0.998861  0.001330  61.88   9.59  1.73 10.95    43.77    35.00
8163.892671  1.002884  0.001347  62.55   9.02  1.74 10.61    46.05    35.00
8163.893237  1.003242  0.001359  66.46   7.25  1.75 10.43    48.73    35.00
8163.893792  1.001723  0.001357  68.04   5.97  1.75 10.75    51.81    35.00
8163.894349  1.002515  0.001370  69.08   4.93  1.76 10.80    55.75    35.00
8163.894917  1.001858  0.001381  71.15   3.58  1.77 10.99    60.12    35.00
8163.895472  1.000614  0.001391  72.37   4.26  1.78 11.28    65.21    35.00
8163.896028  1.001353  0.001404  73.32   3.21  1.79 11.06    70.74    35.00
8163.896582  0.999836  0.001402  75.94   2.00  1.79 10.99    77.49    35.00
8163.897143  1.005684  0.001422  76.72   1.69  1.80 10.66    85.61    35.00
8163.897695  0.998562  0.001424  78.55   1.83  1.81 11.07    94.94    35.00
8163.898252  1.004135  0.001444  82.16   0.76  1.82 10.87   105.81    35.00
8163.898807  0.999497  0.001451  79.80   1.31  1.83 12.20   118.92    35.00
8163.899365  1.000581  0.001452  83.42  -2.04  1.83 12.19   134.32    35.00
8163.899918  0.998656  0.001461  85.57  -3.15  1.84 10.82   152.82    35.00
8163.900471  1.000460  0.001476  87.45  -3.53  1.85 11.16   174.95    35.00
8163.901032  1.002487  0.001492  88.19  -4.74  1.86 11.18   202.34    35.00
8163.901583  1.001055  0.001503  89.83  -5.32  1.87 11.00   233.76    35.00
8163.902137  1.004683  0.001522  92.17  -6.13  1.88 10.14   270.97    35.00
8163.902693  1.002132  0.001531  95.07  -6.63  1.89 10.38   315.05    35.00
8163.903254  1.002211  0.001532  97.25  -8.33  1.89  9.54   367.20    35.00
8163.903807  0.998988  0.001541  98.87  -8.75  1.90  9.93   426.70    35.00
8163.904361  0.999889  0.001557 102.14 -10.71  1.91 10.59   495.75    35.00
8163.904985  1.003356  0.001577 105.30 -12.05  1.92  9.97   588.07    35.00
8163.905552  1.002308  0.001591 107.94 -13.38  1.93 10.82   685.56    35.00
8163.906121  1.000108  0.001602 109.69 -13.95  1.94 10.05   801.75    35.00
8163.906676  1.002217  0.001622 113.00 -15.43  1.95 10.30   934.85    35.00
8163.907244  1.000305  0.001635 114.72 -16.73  1.96 10.52  1092.51    35.00
8163.907797  0.996390  0.001646 118.42 -18.65  1.97 11.26  1273.14    35.00
8163.908346  1.002432  0.001673 121.28 -19.82  1.98 11.41  1480.58    35.00
8163.908899  0.997335  0.001683 124.15 -21.76  1.99 11.15  1722.94    35.00
8163.909456  0.997996  0.001704 126.79 -22.66  2.00 11.45  2004.36    35.00
8163.910009  0.997872  0.001722 128.56 -23.03  2.01 10.61  2327.00    35.00
8163.910638  1.001187  0.001752 132.28 -25.35  2.02 12.04  2755.81    35.00
