# time-2457000 flux       flux_err   x_off      y_off      roll       bg         contam     deltaT    
2391.03433787 0.99981121 0.00013186 -0.40367645 0.08156914 141.08670933 0.08671095 0.59398166 -0.09313965
2391.03475541 0.99993209 0.00013182 -0.30840278 0.10605698 139.38918418 0.03732740 0.57809742 -0.11270142
2391.03517295 0.99988311 0.00013182 -0.23312165 0.14932111 137.71712228 0.03507423 0.56030834 -0.15179443
2391.03559049 0.99979571 0.00013181 0.36338225 -0.13016862 136.06763646 0.03052071 0.62332365 -0.13226318
2391.03600803 0.99978774 0.00013180 -0.22964357 0.09993502 134.43865073 0.02762421 0.52177096 -0.14202881
2391.03642557 0.99923147 0.00013177 0.29619086 -0.21050651 132.82706440 0.02730593 0.46921403 -0.13226318
2391.03684311 1.00013308 0.00013182 -0.43737522 -0.18642908 131.23102126 0.02360159 0.51634828 -0.15179443
2391.03726066 0.99965126 0.00013179 -0.46264926 0.17353535 129.64801867 0.02442155 0.51716375 -0.17129517
2391.03767820 0.99995324 0.00013181 0.29820043 -0.10284209 128.07575238 0.02273539 0.64567736 -0.15179443
2391.03809574 0.99957404 0.00013179 -0.48467711 -0.42303088 126.51173733 0.02410624 0.51848273 -0.17129517
2391.03851328 0.99982174 0.00013181 -0.14408275 -0.01956291 124.95386144 0.02752600 0.61141925 -0.17129517
2391.03893082 0.99972057 0.00013180 0.20748690 0.01132050 123.39957920 0.02939081 0.54180546 -0.17129517
2391.03934836 0.99981891 0.00013181 -0.32744205 -0.12520948 121.84693011 0.03108413 0.60939049 -0.17129517
2391.03976589 0.99970648 0.00013180 -0.12777442 -0.29446971 120.29379715 0.03053397 0.55989267 -0.15179443
2391.04018344 0.99974165 0.00013181 0.12362648 0.22107460 118.73752012 0.03183959 0.53699049 -0.19079590
2391.04060098 0.99955250 0.00013180 -0.15052365 -0.08608366 117.17589590 0.03324543 0.74579964 -0.17129517
2391.04310621 0.99977414 0.00013181 0.10425228 -0.13444372 107.56718210 0.03242951 0.57128638 -0.15179443
2391.04352376 0.99956356 0.00013179 0.10845174 -0.25130817 105.90356940 0.03223417 0.45478991 -0.17129517
2391.04394129 0.99974608 0.00013181 -1.00000000 0.03707377 104.21521629 0.03035575 0.74572823 -0.15179443
2391.04435883 0.99976277 0.00013181 -0.35585928 0.03512432 102.50030392 0.03620292 0.64553882 -0.19079590
2391.04477637 0.99983167 0.00013182 -0.05777480 0.19272205 100.75556542 0.03506257 0.69637436 -0.17129517
2391.04519391 0.99981694 0.00013181 -0.23917608 0.22699134 98.97836830 0.03100496 0.65072021 -0.15179443
2391.04561145 0.99992137 0.00013182 0.02214379 -0.51622832 97.16601183 0.03078420 0.75194304 -0.17129517
2391.04602899 0.99982822 0.00013182 0.02129359 -0.13136564 95.31590735 0.02977845 0.74243459 -0.17129517
2391.04644653 0.99962731 0.00013180 -0.30842856 -0.00591676 93.42519655 0.03272184 0.69769671 -0.15179443
2391.04686407 0.99947410 0.00013180 -0.02312280 -0.16460891 91.49091773 0.03663622 0.83001137 -0.17129517
2391.04728161 0.99963256 0.00013180 -0.10765307 0.07609700 89.51020771 0.03177356 0.74523609 -0.18106079
2391.04769915 0.99971003 0.00013181 -0.29843229 -0.06761517 87.48047907 0.03264691 0.61405138 -0.17129517
2391.04811669 0.99985906 0.00013181 0.14349020 -0.10297890 85.39871989 0.03195196 0.55092287 -0.17129517
2391.04853423 0.99995224 0.00013182 0.14995685 -0.11758268 83.26262598 0.02738523 0.59297525 -0.19079590
2391.04895177 0.99990263 0.00013182 -0.44064718 0.06884640 81.06960879 0.02809352 0.67516520 -0.17129517
2391.04936931 0.99982255 0.00013181 -0.55472827 0.02202538 78.81706436 0.03549243 0.50018122 -0.19079590
2391.04978685 0.99968628 0.00013180 0.52218890 -0.18957557 76.50364364 0.03577793 0.50630856 -0.19079590
2391.05020439 1.00011568 0.00013182 0.29956588 0.05136975 74.12657598 0.02381731 0.57921434 -0.17129517
2391.05062192 0.99962020 0.00013179 -0.49518865 0.13098943 71.68536335 0.02345862 0.54513546 -0.17129517
2391.05103947 1.00005730 0.00013182 -0.34063300 -0.13748761 69.17889368 0.01832044 0.62823551 -0.17129517
2391.05145701 1.00011374 0.00013182 -0.26027644 -0.01829748 66.60654931 0.01604220 0.65229807 -0.19079590
2391.05187454 0.99989830 0.00013181 -0.20823404 -0.18396662 63.96878937 0.01986192 0.58720093 -0.16156006
2391.05229209 1.00029612 0.00013183 0.16618790 -0.09152160 61.26699161 0.01401264 0.60319207 -0.17129517
2391.05270962 0.99987610 0.00013180 -0.15714487 0.07804645 58.50278528 0.01341719 0.69811943 -0.15179443
2391.05312716 1.00004638 0.00013181 -0.34444603 -0.06758097 55.67881003 0.00842999 0.72874642 -0.17129517
2391.05354470 1.00012398 0.00013182 0.30015844 -0.00875543 52.79888019 0.00879692 0.72320070 -0.17129517
2391.05396224 1.00006952 0.00013182 0.00096613 -0.01480899 49.86748001 0.00717152 0.87994971 -0.19079590
2391.05437978 1.00019334 0.00013182 -0.35779154 -0.22808577 46.89024643 0.00432572 0.76682007 -0.17129517
2391.05479732 1.00030443 0.00013182 0.17255150 0.14932111 43.87325810 0.00323314 0.70107723 -0.19079590
2391.05521486 1.00006647 0.00013181 -0.55493438 -0.25188959 40.82435754 0.00535481 0.71576110 -0.15179443
2391.05563240 1.00004229 0.00013181 -0.13766763 -0.13417011 37.75085637 0.00628823 0.86676513 -0.17129517
2391.05604994 1.00056711 0.00013184 0.02265906 0.25308663 34.66137107 0.00906497 0.70195383 -0.19079590
2391.05646748 1.00042634 0.00013183 0.32898787 -0.06098020 31.56515217 0.00553916 0.74109169 -0.17129517
2391.05688502 1.00035023 0.00013183 -0.29263547 -0.11364958 28.47042451 0.00517836 0.85646163 -0.17129517
2391.05730256 1.00039309 0.00013183 -0.13413802 -0.08033790 25.38697812 0.00586161 0.78269049 -0.17129517
2391.05772010 1.00047339 0.00013184 -0.41745996 0.08656247 22.32268427 0.00366400 0.91580751 -0.19079590
2391.05813764 1.00055306 0.00013184 0.23659973 -0.08994836 19.28646354 0.00320396 0.91045745 -0.19079590
2391.05855518 1.00041020 0.00013183 -0.32192865 -0.06905161 16.28535832 0.00297801 0.78857491 -0.19079590
2391.05897272 1.00021204 0.00013182 0.45811489 -0.09511269 13.32687657 0.00581676 0.76474791 -0.15179443
2391.05939025 1.00022227 0.00013182 -0.40099704 -0.10489415 10.41652684 0.00500251 0.68889698 -0.17129517
2391.05980780 1.00037254 0.00013183 0.16080330 -0.04572660 7.56005493 0.00494686 0.81607837 -0.17129517
2391.06022533 1.00035524 0.00013183 0.05640933 0.07178768 4.76073122 0.00341295 0.87387244 -0.17129517
2391.06064288 1.00014105 0.00013181 -0.33609861 -0.17592941 2.02268028 0.00685734 0.64142843 -0.17129517
2391.06106041 1.00060517 0.00013185 0.17631298 -0.13468313 -0.65217098 0.00684365 0.72488689 -0.15179443
2391.06147795 1.00052358 0.00013184 -0.14163521 -0.12527788 -3.26221723 0.01199802 0.47776413 -0.19079590
2391.06189550 1.00017914 0.00013182 -0.57000607 -0.05838093 -5.80675894 0.01625870 0.50522383 -0.19079590
2391.06231303 1.00031075 0.00013183 -0.23028766 -0.23807244 -8.28525266 0.01973120 0.42264192 -0.15179443
2391.06273057 1.00047327 0.00013184 0.24103105 0.08516023 -10.69920784 0.01933641 0.55544257 -0.17129517
2391.06314811 1.00026568 0.00013183 -0.31175205 0.05697869 -13.04879175 0.02447365 0.34568598 -0.19079590
2391.06356565 1.00005669 0.00013182 -0.45863014 -0.12042136 -15.33632658 0.02875161 0.39345288 -0.15179443
2391.06398319 0.99986017 0.00013181 0.13980600 0.04312733 -17.56270604 0.03303669 0.45048664 -0.19079590
2391.06440073 0.99978699 0.00013180 -0.29943708 0.01289374 -19.73115079 0.03004526 0.20493449 -0.16156006
2391.06481827 0.99962552 0.00013179 -0.24525629 -0.18820754 -21.84356923 0.03235667 0.09194944 -0.17129517
2391.06523581 0.99978463 0.00013181 -0.73185277 -0.36396593 -23.90239694 0.03888983 0.22445353 -0.14202881
2391.06565335 0.99983700 0.00013181 0.14653029 0.08071411 -25.91097524 0.04111195 0.33642084 -0.15179443
2391.06607089 0.99998920 0.00013183 -0.52386349 0.17644243 -27.87075008 0.04510786 0.30958304 -0.17129517
2391.06648843 0.99997352 0.00013182 0.62191963 -0.51831460 -29.78569112 0.04712442 0.17945143 -0.17129517
2391.06690597 0.99984881 0.00013182 -0.66442955 0.07896987 -31.65824376 0.04905827 0.34234029 -0.15179443
2391.06732351 0.99985542 0.00013182 -0.37415141 -0.00499333 -33.49137357 0.05104563 0.26551665 -0.15179443
2391.06774105 0.99995724 0.00013183 -0.00349096 0.12897158 -35.28782576 0.05387304 0.18118177 -0.15179443
2391.06815859 0.99998733 0.00013184 -0.50655037 0.02021273 -37.04999128 0.05857385 0.22256377 -0.17129517
2391.06857613 1.00001690 0.00013185 0.40280050 -0.36304250 -38.78098864 0.06540974 0.37682000 -0.15179443
2391.06899366 0.99989466 0.00013183 -0.33014724 0.30773968 -40.48327127 0.06485095 0.14326449 -0.15179443
2391.06941121 0.99987559 0.00013184 -0.10309292 -0.15612710 -42.15975144 0.06804657 0.22859307 -0.11270142
2391.06982874 1.00004830 0.00013185 0.05720800 -0.16604535 -43.81294727 0.07192305 0.29607108 -0.13226318
2391.07024628 0.99977071 0.00013184 0.03144443 -0.26409933 -45.44488969 0.07770589 0.27253851 -0.15179443
2391.07066383 1.00007540 0.00013186 -0.10203661 0.51944321 -47.05885583 0.07956606 0.17895116 -0.15179443
2391.07108136 1.00000094 0.00013186 -0.57286578 0.10332090 -48.65641920 0.08268537 0.44828207 -0.13226318
2391.07149890 0.99998222 0.00013186 0.57747751 -0.56366497 -50.24047996 0.08570353 0.20735503 -0.15179443
2391.07191644 1.00020248 0.00013188 0.44056988 0.05749170 -51.81348728 0.08787246 0.36892211 -0.12249756
2391.07233398 1.00018637 0.00013189 -0.76848859 0.23013783 -53.37725431 0.09321527 0.50234324 -0.15179443
2391.07275152 1.00032305 0.00013190 -0.37621251 -0.14453299 -54.93458472 0.09837243 0.37799921 -0.13226318
2391.07316906 1.00007786 0.00013189 0.03582424 -0.00872123 -56.48734608 0.10896717 0.52595182 -0.13226318
2391.07358660 1.00046693 0.00013193 -0.01255974 -0.14374636 -58.03813329 0.12280383 0.32947265 -0.15179443
2391.07400414 1.00025030 0.00013198 -0.09294207 -0.24764869 -59.58894217 0.19460326 0.35785904 -0.13226318
2391.07442168 1.00043771 0.00013238 -0.57046980 0.04063066 -61.14208365 0.64575006 0.42325221 -0.11270142
2391.10197929 1.00030238 0.00013267 -0.11244509 -0.81093746 145.44571302 0.97999156 0.77978434 0.06439209
2391.10239683 0.99990008 0.00013216 -0.17265455 -1.00000000 143.67093867 0.43569159 0.52583254 0.06439209
2391.10281437 1.00015912 0.00013194 -0.04174986 0.49375835 141.93124501 0.15103205 0.58849233 0.08419800
2391.10323191 1.00003748 0.00013184 0.00024475 0.08180854 140.21124000 0.04168740 0.69062207 0.06439209
2391.10364945 1.00013534 0.00013183 -0.50407708 0.18625808 138.53164997 0.03366547 0.48888458 0.06439209
2391.10406699 1.00028439 0.00013184 0.37443480 -0.02055474 136.86186739 0.02830132 0.55112313 0.04461670
2391.10448453 0.99996337 0.00013182 -0.18015175 -0.28397003 135.22702172 0.02407870 0.70204879 0.06439209
2391.10490206 0.99977333 0.00013180 0.12761983 0.31618729 133.60206229 0.02677505 0.45986630 0.02487183
2391.10531961 0.99986723 0.00013180 0.17566888 -0.24231336 131.99817883 0.02174094 0.42433686 0.02487183
2391.10573714 0.99961819 0.00013180 -0.89506501 0.05561066 130.40705532 0.02330591 0.74371547 0.02487183
2391.10615469 0.99980154 0.00013180 0.24512747 0.10421013 128.82656766 0.02484045 0.48114208 0.04461670
2391.10657223 1.00002478 0.00013182 -0.42650297 -0.30072847 127.25848278 0.02254113 0.58993382 0.02487183
2391.10698976 0.99962420 0.00013180 -0.10940499 -0.26191047 125.69411633 0.02663321 0.62755302 0.04461670
2391.10740731 0.99983088 0.00013181 0.25149107 0.14901331 124.13863836 0.02898383 0.57230207 0.04461670
2391.10782484 0.99975528 0.00013181 0.20357083 -0.08741749 122.58355203 0.03294896 0.52946234 0.01501465
2391.10824238 0.99966184 0.00013180 -0.58409870 -0.13560656 121.02962310 0.02893181 0.58678316 0.00515747
2391.10865992 1.00014904 0.00013183 -0.41900578 -0.10769862 119.47337450 0.02829479 0.57006797 0.02487183
2391.10907746 0.99966859 0.00013180 0.08794394 0.40466499 117.91421485 0.02834392 0.51869346 0.02487183
2391.10949500 0.99972401 0.00013181 0.02557034 -0.40052670 116.34664002 0.02959102 0.71602442 0.00515747
2391.10991254 0.99964434 0.00013180 0.02482320 -0.10232908 114.77495756 0.02709712 0.68756403 -0.00473022
2391.11033008 0.99987336 0.00013182 -0.24747194 0.18040973 113.18546843 0.02983772 0.68738924 0.02487183
2391.11074762 0.99975595 0.00013180 0.08225019 0.07780704 111.59056256 0.03107475 0.43038004 0.01501465
2391.11116516 0.99944992 0.00013179 -0.38172591 -0.34922534 109.97197801 0.03236454 0.63872509 0.00515747
2391.11158270 0.99995742 0.00013182 0.18311456 0.37833032 108.34098676 0.03117970 0.48955405 0.02487183
2391.11200024 0.99976505 0.00013181 0.32306227 -0.43859228 106.68714966 0.03074445 0.59135949 0.02487183
2391.11241778 0.99987690 0.00013181 -0.34733152 -0.27511200 105.00878242 0.03047266 0.43174226 0.00515747
2391.11283532 0.99966206 0.00013181 -0.43886951 0.07397654 103.31242365 0.03549934 0.66487923 0.02487183
2391.11325285 0.99981509 0.00013181 -0.40733489 -0.01597182 101.57496620 0.03141079 0.61825661 0.00515747
2391.11367040 0.99959308 0.00013180 -0.49449304 0.41536987 99.82568507 0.03379904 0.53679365 0.00515747
2391.11408793 0.99969091 0.00013181 -0.01755787 -0.15793973 98.01884730 0.03488138 0.67893919 0.02487183
2391.11450547 0.99954527 0.00013180 -0.03180512 -0.39327610 96.19457509 0.03201129 0.66984658 0.00515747
2391.11492301 0.99978286 0.00013181 -0.19208027 -0.07914087 94.31948115 0.03025414 0.80008605 -0.01455688
2391.11534055 0.99975603 0.00013181 0.14282034 -0.07312152 92.40723277 0.03275213 0.61226303 0.02487183
2391.11575809 0.99973113 0.00013181 0.10672558 -0.13444372 90.45493974 0.03286450 0.54022669 0.01501465
2391.11617563 0.99988888 0.00013182 -0.44221875 -0.11594104 88.44192541 0.02953448 0.61781711 0.03475952
2391.11659317 1.00003859 0.00013182 0.36400056 -0.15817915 86.40376378 0.02789378 0.50421815 0.02487183
2391.11701071 0.99955676 0.00013179 0.17528243 0.08512603 84.27765225 0.02922770 0.63651141 0.02487183
2391.11742824 0.99997251 0.00013182 -0.04218784 -0.11074250 82.12901103 0.02873207 0.64704812 0.02487183
2391.11784579 0.99973752 0.00013181 -0.55885041 0.14826089 79.89430813 0.03875386 0.65625165 -0.01455688
2391.11826332 0.99983852 0.00013182 -0.12007111 -0.12483327 77.61778646 0.02825651 0.76076198 -0.01455688
2391.11868086 0.99990323 0.00013181 0.62830901 -0.01983652 75.27423355 0.02783995 0.55485035 -0.01455688
2391.11909840 1.00009607 0.00013182 0.03675173 0.08598106 72.86125016 0.02019082 0.57150934 0.00515747
2391.11951594 1.00007856 0.00013181 -0.64982158 -0.28766373 70.40388881 0.01690991 0.46958893 0.01501465
2391.11993348 1.00008031 0.00013182 -0.08150305 0.06994084 67.84966811 0.01595858 0.72977782 0.02487183
2391.12035102 1.00004427 0.00013181 -0.15266202 -0.22904339 65.26929990 0.01633530 0.61097658 -0.01455688
2391.12076856 1.00003566 0.00013181 -0.11927243 -0.06115120 62.58119998 0.01434571 0.64682755 -0.01455688
2391.12118610 1.00008298 0.00013182 0.02410182 -0.04264852 59.86159576 0.01252352 0.69887007 -0.00473022
2391.12160364 1.00014173 0.00013182 -0.17747234 0.01395397 57.06419210 0.01075471 0.65498659 -0.01455688
2391.12202118 1.00028216 0.00013183 0.40357339 0.09706214 54.21584095 0.00910871 0.76821194 0.00515747
2391.12243872 1.00009782 0.00013181 0.14336137 0.04654742 51.31921787 0.00828640 0.73340506 0.00515747
2391.12285626 1.00039885 0.00013183 -0.39883292 -0.13242587 48.36063863 0.00554041 0.67314485 0.00515747
2391.12327380 1.00037889 0.00013183 -0.18837033 -0.07893567 45.38021036 0.00479976 0.82842060 0.03475952
2391.12369133 1.00040561 0.00013183 0.42194283 -0.12059236 42.33869423 0.00407567 0.73260861 0.02487183
2391.12410888 1.00033208 0.00013183 -0.69405764 -0.24015869 39.28750393 0.00467824 0.72914571 0.02487183
2391.12452641 1.00044540 0.00013184 0.15384714 0.08126133 36.20487223 0.00545241 0.81569760 -0.01455688
2391.12494395 1.00038496 0.00013184 -0.09652320 -0.07876466 33.11743058 0.00654356 0.99703253 -0.01455688
2391.12536149 1.00006952 0.00013181 0.34470364 -0.03584254 30.02337570 0.00481732 0.94878959 -0.01455688
2391.12577903 1.00030912 0.00013183 -0.44384187 0.02760012 26.93972584 0.00441030 0.82969853 0.00515747
2391.12619657 1.00053582 0.00013184 0.12679540 -0.00475392 23.86191050 0.00425096 0.94495564 0.02487183
2391.12661411 1.00030931 0.00013183 -0.37464091 0.04353774 20.82172662 0.00174522 0.94527428 0.00515747
2391.12703165 1.00047220 0.00013183 -0.08495536 0.00831082 17.79363802 0.00119498 0.78577353 0.02487183
2391.12744919 1.00058546 0.00013184 -0.37626404 0.03587674 14.82628452 0.00222511 0.83916847 -0.01455688
2391.12786673 1.00036512 0.00013183 0.01657885 -0.10229488 11.88683812 0.00301202 0.82607872 0.00515747
2391.12828427 1.00050679 0.00013183 0.01070476 -0.13936865 9.00631709 0.00494364 0.63514488 -0.01455688
2391.12870180 1.00015736 0.00013181 0.29067746 0.21591026 6.18121698 0.00221855 0.78474327 0.00515747
2391.12911935 1.00045961 0.00013183 -0.66213655 -0.07226650 3.40197805 0.00570071 0.67627983 0.02487183
2391.12953689 1.00015359 0.00013181 0.09075217 -0.14172852 0.70833906 0.00824724 0.53595642 -0.01455688
2391.12995444 1.00026866 0.00013182 0.25906557 -0.26324430 -1.96015830 0.00932730 0.62129371 0.02487183
2391.13037198 1.00024382 0.00013182 -0.42379782 -0.00485653 -4.51345636 0.01154339 0.59235199 0.03475952
2391.13078951 1.00007126 0.00013181 -0.51956099 -0.15154417 -7.04057946 0.01742564 0.48436782 -0.00473022
2391.13120706 1.00019849 0.00013183 0.12378106 -0.19456890 -9.47798688 0.02166902 0.51010241 0.00515747
2391.13162459 1.00004938 0.00013182 0.21449459 0.01963132 -11.86441527 0.02263083 0.46104863 0.02487183
2391.13204213 1.00003671 0.00013182 -0.76271755 -0.08632306 -14.18870235 0.02544828 0.57612939 0.00515747
2391.13245967 1.00030511 0.00013183 -0.10077420 -0.01952871 -16.43990664 0.02910230 0.28463032 0.00515747
2391.13287721 1.00005902 0.00013182 0.09160236 0.22408427 -18.65616945 0.03288307 0.35568332 -0.01455688
2391.13329475 1.00007413 0.00013182 -0.29309922 0.00194945 -20.78115383 0.03514187 0.32163102 0.01501465
2391.13371229 0.99999568 0.00013181 -0.32290769 -0.33568180 -22.88439475 0.03682995 0.00000000 -0.01455688
2391.13412983 0.99992944 0.00013182 -0.31239614 -0.37648347 -24.90673207 0.04346226 0.31611787 0.01501465
2391.13454737 0.99993266 0.00013182 -0.40648469 0.36225590 -26.89919397 0.04225881 0.13986915 0.00515747
2391.13496491 0.99986212 0.00013182 0.39865255 -0.38746196 -28.83703774 0.04762120 0.29048341 0.00515747
2391.13538245 1.00007678 0.00013183 -0.18563938 0.17774206 -30.73094648 0.04742656 0.17615232 0.03475952
2391.13579998 1.00012462 0.00013184 -0.28732818 -0.10626218 -32.59296738 0.04781385 0.23017494 0.01501465
2391.13621753 1.00004459 0.00013182 0.01338417 -0.08741749 -34.40135177 0.04621746 0.01406782 0.02487183
2391.13663506 0.99998288 0.00013183 -0.34179237 0.14244673 -36.19492742 0.05218573 0.31872547 0.01501465
2391.13705260 0.99993469 0.00013183 -0.27225649 -0.62406373 -37.93202122 0.05698376 0.23426551 0.00515747
2391.13747014 0.99995405 0.00013184 0.21359286 -0.00047881 -39.65637136 0.05905829 0.30357987 0.00515747
2391.13788768 0.99997668 0.00013184 -0.04406858 0.03023359 -41.34406274 0.06243488 0.25047580 0.02487183
2391.13830522 0.99999800 0.00013184 -0.12929447 -0.14049728 -43.01144247 0.06639366 0.20486850 0.02487183
2391.13872276 0.99998726 0.00013185 -0.23659973 -0.39430213 -44.65716021 0.07143849 0.30217905 0.01501465
2391.13914030 0.99994803 0.00013185 -0.04424893 0.54813778 -46.27913787 0.07360880 0.18466402 0.00515747
2391.13955784 0.99986711 0.00013185 -0.39816305 -0.04049386 -47.89141550 0.07356997 0.41929842 0.01501465
2391.13997538 0.99994045 0.00013185 -0.11466075 -0.21751770 -49.47909346 0.07574969 0.27739028 0.01501465
2391.14039292 1.00019334 0.00013186 0.56866634 -0.32983345 -51.06209633 0.07210124 0.27108080 0.03475952
2391.14081045 0.99986321 0.00013184 -0.38953227 0.30288315 -52.62949107 0.07336938 0.27858595 0.01501465
2391.14122800 1.00012284 0.00013187 -0.54674155 -0.01942611 -54.19248832 0.07919599 0.34736261 0.00515747
2391.14164553 1.00007077 0.00013187 -0.07884940 -0.08964055 -55.74846050 0.09085087 0.34453812 0.03475952
2391.14206307 1.00026576 0.00013189 -0.29783973 -0.00554055 -57.30167082 0.09833311 0.32693437 0.01501465
2391.14248061 1.00013918 0.00013191 0.06053150 -0.28691131 -58.85310108 0.12541781 0.56300340 0.00515747
2391.14289815 1.00038306 0.00013211 -0.38924888 -0.22870140 -60.40697644 0.33725001 0.44909817 0.04461670
2391.17087328 1.00019493 0.00013247 0.41679013 -0.52703583 144.53208270 0.76405703 0.53595273 0.20352173
2391.17129081 0.99993914 0.00013198 0.14199591 -0.41615650 142.77168877 0.22575728 0.42200929 0.20352173
2391.17170835 1.00002551 0.00013186 0.10894125 0.33407435 141.04537903 0.07507076 0.46485255 0.19354248
2391.17212589 0.99985605 0.00013182 -0.07037318 0.11686447 139.33762228 0.03102401 0.64573779 0.20352173
2391.17254343 0.99990722 0.00013181 -0.16569838 0.03324327 137.66874381 0.02811230 0.51370713 0.17361450
2391.17296097 0.99984132 0.00013181 0.30765563 -0.12113957 136.00914735 0.02711945 0.63555757 0.19354248
2391.17337851 1.00008585 0.00013182 -0.19893339 0.08581005 134.38242008 0.02594061 0.52822668 0.19354248
2391.17379605 0.99979181 0.00013180 0.64044362 -0.02024693 132.76505850 0.02344699 0.66758128 0.16363525
2391.17421359 0.99979716 0.00013180 -0.47877726 0.04022025 131.16711483 0.02281353 0.49895102 0.16363525
2391.17463113 0.99986374 0.00013180 -0.34313208 0.01822908 129.58106540 0.02084032 0.51281540 0.16363525
2391.17504867 0.99988985 0.00013181 0.06318515 -0.10164506 128.00472749 0.02266190 0.54535674 0.16363525
2391.17546621 0.99990114 0.00013181 -0.40179572 -0.33852047 126.43938586 0.02726331 0.58362047 0.16363525
2391.17588374 0.99986963 0.00013181 -0.10157286 0.01405657 124.87724313 0.02813599 0.59671795 0.12387085
2391.17630130 0.99974751 0.00013180 0.25404167 0.00297548 123.32196405 0.02907744 0.54417251 0.12387085
2391.17671883 0.99978204 0.00013181 -0.32973501 -0.03659496 121.76671755 0.02881212 0.50830223 0.14373779
2391.17713638 0.99972241 0.00013180 -0.40128046 -0.31728172 120.21134284 0.02893504 0.53949145 0.14373779
2391.17755391 0.99978153 0.00013181 -0.09814631 0.31358802 118.65263922 0.02883053 0.69143801 0.14373779
2391.17797145 0.99953133 0.00013179 -0.18873101 -0.08468142 117.08992411 0.03336661 0.56986891 0.10400391
2391.17838899 0.99970888 0.00013180 0.17489599 -0.41318104 115.51753612 0.02872771 0.44229231 0.12387085
2391.17880653 0.99978902 0.00013181 -0.16894460 0.08888813 113.94064697 0.03025752 0.69842148 0.14373779
2391.17922407 0.99976163 0.00013180 0.10340208 0.24138993 112.34389563 0.03060154 0.42413211 0.10400391
2391.17964161 0.99995410 0.00013182 -0.17868322 -0.34854132 110.74124275 0.02855263 0.70485627 0.12387085
2391.18005915 0.99976867 0.00013180 0.04937588 0.49297172 109.11336781 0.03386642 0.38248843 0.12387085
2391.18047669 0.99970984 0.00013181 0.34694508 -0.05338760 107.47224629 0.03356329 0.58453982 0.11392212
2391.18089423 1.00008637 0.00013182 0.10894125 -0.21225075 105.80749230 0.03123792 0.44395822 0.10400391
2391.18131177 1.00003023 0.00013182 -0.56652796 0.08474982 104.11645516 0.03088067 0.53512464 0.12387085
2391.18172930 0.99984291 0.00013182 -0.13578689 -0.05571326 102.40677105 0.03189317 0.63435206 0.14373779
2391.18214685 0.99984357 0.00013181 -0.32396397 0.25872979 100.65401987 0.03040495 0.61861823 0.14373779
2391.18256438 0.99976962 0.00013181 -0.27797601 0.28602210 98.88897766 0.03220126 0.67614824 0.12387085
2391.18298192 0.99956397 0.00013180 0.00787077 -0.39331031 97.06429450 0.03068983 0.74320286 0.14373779
2391.18339946 1.00015639 0.00013184 -0.05187494 -0.10386812 95.22120469 0.02844369 0.73972294 0.14373779
2391.18381700 0.99982938 0.00013182 -0.26408947 -0.03105441 93.32622682 0.03631348 0.68501951 0.12387085
2391.18423454 0.99982703 0.00013181 0.12398717 -0.14617462 91.39247629 0.03172211 0.63220853 0.10400391
2391.18465207 0.99957046 0.00013180 -0.08758325 0.11289716 89.41809754 0.03339050 0.71113173 0.10400391
2391.18506962 0.99973786 0.00013181 -0.36333072 0.02099935 87.38086731 0.03096273 0.62105597 0.12387085
2391.18548716 0.99992170 0.00013182 0.29606205 -0.15793973 85.31845524 0.02814101 0.61223745 0.10400391
2391.18590469 1.00003135 0.00013182 0.28604001 -0.01798967 83.16567815 0.02926791 0.56980150 0.10400391
2391.18632224 0.99987984 0.00013182 -0.29325381 0.09063237 80.98982031 0.03032123 0.67761411 0.12387085
2391.18673977 0.99994161 0.00013182 -0.56276649 -0.20387155 78.72707787 0.03995262 0.48928260 0.10400391
2391.18715731 0.99953781 0.00013179 0.52625954 0.03591094 76.42114450 0.02889337 0.67983386 0.12387085
2391.18757485 1.00007088 0.00013182 0.30562031 0.09931941 74.04817533 0.02276222 0.72639455 0.12387085
2391.18799239 1.00009822 0.00013182 -0.35189170 -0.02130716 71.60469388 0.01716817 0.62116903 0.10400391
2391.18840993 1.00004136 0.00013182 -0.16791405 -0.13068162 69.11757624 0.01725908 0.63807175 0.14373779
2391.18882747 0.99975699 0.00013180 -0.30131781 -0.27863470 66.53270869 0.01775544 0.58231898 0.12387085
2391.18924501 1.00004930 0.00013182 -0.09881616 -0.02397483 63.92186261 0.01562415 0.73840146 0.14373779
2391.18966254 1.00015453 0.00013182 0.08889719 0.03187523 61.20527940 0.01381872 0.64927105 0.10400391
2391.19008009 1.00049609 0.00013184 -0.01969625 0.07975649 58.45706709 0.01167641 0.79200282 0.14373779
2391.19049763 1.00020963 0.00013182 -0.22534105 -0.05711550 55.63338167 0.00942339 0.74600650 0.10400391
2391.19091516 1.00023869 0.00013182 0.23312165 0.03355108 52.76005539 0.01004447 0.71174335 0.12387085
2391.19133271 1.00036744 0.00013183 0.31056693 0.02147816 49.84100119 0.00496084 0.73970483 0.12387085
2391.19175024 1.00023872 0.00013183 -0.33442399 -0.33985430 46.86315126 0.00494522 1.00000000 0.08419800
2391.19216778 1.00004812 0.00013181 -0.02049492 0.12972400 43.86531358 0.00247982 0.85780684 0.10400391
2391.19258532 1.00043026 0.00013183 -0.30100864 -0.33400595 40.81210385 0.00307333 0.67386830 0.12387085
2391.19300286 1.00032853 0.00013183 0.02119054 -0.02558227 37.75099788 0.00659990 0.80401079 0.12387085
2391.19342040 1.00022600 0.00013183 -0.02703886 0.14802147 34.66451014 0.00578767 0.97662530 0.10400391
2391.19383794 1.00019684 0.00013182 0.29237786 -0.17948630 31.57608289 0.00529211 0.76899214 0.12387085
2391.19425548 1.00040482 0.00013183 -0.17613263 -0.22302404 28.48512426 0.00573173 0.78553841 0.10400391
2391.19467302 1.00039417 0.00013183 -0.27367350 -0.05701289 25.40951677 0.00330725 0.78654905 0.12387085
2391.19509056 1.00040017 0.00013183 -0.21758620 0.06446869 22.34222731 0.00205940 0.90309725 0.10400391
2391.19550809 1.00039984 0.00013183 0.13179353 -0.07630220 19.31840804 0.00000000 0.90493657 0.12387085
2391.19592563 1.00076890 0.00013185 -0.40403715 0.00181265 16.30810662 0.00163401 0.79732646 0.12387085
2391.19634318 1.00062738 0.00013184 0.35052621 -0.06850439 13.36304221 0.00189066 0.75567272 0.12387085
2391.19676071 1.00032321 0.00013182 -0.33249173 -0.06419508 10.44785190 0.00345000 0.65579424 0.10400391
2391.19717825 1.00014527 0.00013182 -0.00714939 -0.01152570 7.59375402 0.00529266 0.77872615 0.10400391
2391.19759579 1.00046824 0.00013184 0.03013049 0.04914669 4.79727529 0.00314383 0.87561475 0.10400391
2391.19801333 1.00029421 0.00013182 -0.49611613 -0.37583366 2.04714157 0.00399540 0.72847812 0.12387085
2391.19843087 1.00026637 0.00013182 0.30018422 -0.18670270 -0.61555614 0.00884589 0.58668633 0.08419800
2391.19884840 1.00027121 0.00013182 -0.12171998 -0.18010192 -3.25291731 0.01059926 0.48075509 0.10400391
2391.19926595 0.99990770 0.00013180 -0.54081595 0.00984986 -5.77536851 0.01654323 0.50738033 0.12387085
2391.19968348 1.00047360 0.00013184 -0.13411225 -0.06600773 -8.27109059 0.01853476 0.39896259 0.08419800
2391.20010102 1.00045746 0.00013184 0.43345913 -0.00174425 -10.67822308 0.01922038 0.42631413 0.10400391
2391.20051856 1.00018159 0.00013182 -0.33290395 0.08885393 -13.03421467 0.02375853 0.33967195 0.12387085
2391.20093610 0.99983255 0.00013181 -0.45221502 -0.01378296 -15.32960292 0.03020308 0.48128035 0.12387085
2391.20135364 1.00010270 0.00013183 0.24762653 0.19494511 -17.55246841 0.03055657 0.44828073 0.10400391
2391.20177118 1.00009969 0.00013183 0.17535973 0.06819659 -19.74175795 0.03234591 0.39611051 0.10400391
2391.20218872 1.00017386 0.00013183 -0.29796854 -0.14579841 -21.84128114 0.03525973 0.30927926 0.13378906
2391.20260626 0.99993636 0.00013182 -0.50407708 -0.38417867 -23.91955089 0.03997064 0.25218101 0.10400391
2391.20302380 0.99982979 0.00013182 0.02915148 0.02739492 -25.91934694 0.04206633 0.35976020 0.10400391
2391.20344134 0.99976899 0.00013181 -0.36165607 0.16163343 -27.88946635 0.04467329 0.24720509 0.08419800
2391.20385887 1.00005875 0.00013182 0.69063109 -0.33622900 -29.80708225 0.04636827 0.05396953 0.12387085
2391.20427642 0.99987650 0.00013182 -0.34519315 0.04627381 -31.68172428 0.04550183 0.13990640 0.10400391
2391.20469395 0.99990871 0.00013182 -0.31770343 -0.06915421 -33.52606036 0.04748993 0.22405806 0.12387085
2391.20511149 0.99980200 0.00013182 0.10007858 -0.08365539 -35.31819611 0.04941728 0.31794727 0.10400391
2391.20552903 0.99996915 0.00013183 -0.45118448 -0.08659667 -37.09610720 0.05303878 0.26392728 0.12387085
2391.20594657 0.99973474 0.00013183 0.37015805 -0.44495365 -38.82012624 0.06168645 0.38339394 0.10400391
2391.20636411 1.00008040 0.00013185 -0.11350140 0.17247511 -40.53160462 0.06231186 0.26741950 0.10400391
2391.20678165 1.00002977 0.00013184 -0.23273519 -0.14148910 -42.20828472 0.06406501 0.17649710 0.10400391
2391.20719919 1.00003053 0.00013185 0.15003413 -0.14514861 -43.86544278 0.06938604 0.29951422 0.12387085
2391.20761673 0.99922309 0.00013180 -0.02572492 0.10400493 -45.50235402 0.07648032 0.18436571 0.10400391
2391.20803426 0.99998260 0.00013185 0.36639658 0.49632341 -47.11676967 0.07544736 0.39249290 0.12387085
2391.20845181 1.00006287 0.00013186 -0.51987016 -0.12623550 -48.72230504 0.07516072 0.41125630 0.12387085
2391.20886934 1.00021893 0.00013186 0.53115457 -0.54923218 -50.30506488 0.07676496 0.20399814 0.10400391
2391.20928688 1.00005944 0.00013187 0.20449832 -0.03898902 -51.88359521 0.07961177 0.46484268 0.10400391
2391.20970442 1.00018511 0.00013187 -0.84851021 0.23513116 -53.44795966 0.08033297 0.29322798 0.10400391
2391.21012196 0.99992562 0.00013186 -0.33854616 -0.06033038 -55.00860859 0.08751834 0.36560879 0.12387085
2391.21053950 1.00015104 0.00013188 0.15534143 -0.01142310 -56.56347990 0.09454882 0.36260618 0.10400391
2391.21095704 1.00004186 0.00013189 -0.07379974 0.00851602 -58.11687985 0.11006975 0.44305285 0.10400391
2391.21137458 1.00006146 0.00013195 -0.06668899 -0.27945551 -59.66934297 0.17543300 0.35565737 0.10400391
2391.21179212 1.00044785 0.00013236 -0.56008708 0.00649817 -61.22543377 0.62426171 0.42114474 0.18356323
2391.23893217 1.00033173 0.00013267 0.15163147 -0.50241119 147.21072762 0.98811909 0.34782505 0.28356934
2391.23934970 1.00011829 0.00013257 -0.05780056 -0.24101372 145.40533384 0.87996384 0.77761580 0.28356934
2391.23976725 1.00018431 0.00013226 -0.56346208 0.00943945 143.62515992 0.52587691 0.45263703 0.26351929
2391.24018478 0.99978816 0.00013191 -0.03873552 0.02725811 141.87859513 0.14096041 0.60918450 0.26351929
2391.24060233 1.00013542 0.00013184 0.13004161 -0.18584767 140.16508726 0.04252643 0.53626875 0.26351929
2391.24101986 1.00000409 0.00013183 -0.40390834 0.25582269 138.46902750 0.03702389 0.61415617 0.26351929
2391.24143740 0.99995687 0.00013182 0.26895878 -0.10393652 136.81034006 0.03106007 0.65214720 0.26351929
2391.24185494 0.99986649 0.00013181 -0.37618673 -0.27011868 135.16038296 0.02299451 0.67328179 0.24349976
2391.24227248 0.99986669 0.00013181 0.24128869 0.41116318 133.54094999 0.02860982 0.45508891 0.24349976
2391.24269002 0.99981787 0.00013180 0.23786214 -0.22264783 131.93055635 0.02329925 0.41041486 0.24349976
2391.24310756 0.99996191 0.00013182 -0.91526365 -0.05338760 130.33823317 0.02264746 0.76296632 0.22348022
2391.24352510 0.99987524 0.00013181 0.15147689 0.10930607 128.75684541 0.02238543 0.49360006 0.24349976
2391.24394264 0.99971742 0.00013180 -0.25800925 -0.26409933 127.18406337 0.02389326 0.64424117 0.22348022
2391.24436017 0.99990724 0.00013182 -0.03219158 -0.21772291 125.62080144 0.02540935 0.79383407 0.20352173
2391.24477772 0.99982542 0.00013181 0.23690888 0.33547658 124.06018447 0.03145042 0.49608440 0.24349976
2391.24519525 0.99981224 0.00013181 0.10412346 -0.10557817 122.50489960 0.02972030 0.52425840 0.24349976
2391.24561279 0.99971687 0.00013181 -0.44077599 -0.11269195 120.94905778 0.03140168 0.64109550 0.20352173
2391.24603033 0.99969827 0.00013180 -0.29400095 -0.04836007 119.39150376 0.02968263 0.55487966 0.22348022
2391.24644787 0.99970418 0.00013180 0.07117186 0.37200314 117.82985908 0.02728220 0.59466857 0.18356323
2391.24686541 0.99965831 0.00013180 0.00854062 -0.56236535 116.26349725 0.02850232 0.80400367 0.22348022
2391.24728295 0.99979223 0.00013180 -0.43995157 -0.17076507 114.68580152 0.02803708 0.49919611 0.20352173
2391.24770049 0.99954783 0.00013180 -0.13367426 0.13437532 113.10299509 0.03044346 0.75270893 0.20352173
2391.24811803 0.99971080 0.00013180 0.18314032 0.03481651 111.49860099 0.02906678 0.42907718 0.22348022
2391.24853556 0.99951742 0.00013179 -0.37675354 -0.19853620 109.88785960 0.03002100 0.68517475 0.18356323
2391.24895311 0.99953472 0.00013179 -0.03476793 0.44006294 108.25039851 0.03304219 0.59856698 0.20352173
2391.24937064 0.99974977 0.00013180 0.25571629 -0.34607887 106.59859761 0.02957184 0.52367549 0.20352173
2391.24978819 0.99990213 0.00013182 -0.23232298 -0.16806321 104.92184725 0.02930013 0.63255894 0.22348022
2391.25020572 0.99962851 0.00013180 -0.53033018 0.14077088 103.21749111 0.03389703 0.65218602 0.20352173
2391.25062326 0.99976927 0.00013180 0.04708292 -0.04131468 101.49402184 0.03066908 0.32171056 0.22348022
2391.25104080 0.99982119 0.00013181 -0.27130324 0.44276479 99.72525128 0.03191142 0.55066668 0.18356323
2391.25145834 0.99967658 0.00013180 0.21825607 -0.11351278 97.94356681 0.03035780 0.35090953 0.20352173
2391.25187588 0.99973468 0.00013181 0.14155792 -0.37282395 96.10088185 0.02894371 0.67405126 0.20352173
2391.25229342 0.99975904 0.00013181 0.02234990 -0.11874551 94.23857994 0.02671698 0.74375656 0.20352173
2391.25271096 0.99993665 0.00013182 0.09538961 -0.09931941 92.32309793 0.03179510 0.61398761 0.18356323
2391.25312850 0.99989004 0.00013182 -0.04381095 -0.14559321 90.36723202 0.02865060 0.77531990 0.18356323
2391.25354603 0.99985444 0.00013181 -0.37265712 -0.05410582 88.37021527 0.02964930 0.65043576 0.18356323
2391.25396358 0.99998455 0.00013182 0.24170092 -0.10143986 86.30819632 0.02989712 0.50089639 0.20352173
2391.25438111 0.99963146 0.00013181 -0.00846333 0.10250009 84.22104407 0.03163321 0.81586139 0.18356323
2391.25479865 0.99988278 0.00013182 -0.00243466 -0.06115120 82.04097292 0.02865821 0.63789250 0.18356323
2391.25521619 0.99990461 0.00013182 -0.76977676 0.06101440 79.83742630 0.03147018 0.55844231 0.20352173
2391.25563373 0.99990213 0.00013182 -0.22742790 -0.04931769 77.54623411 0.03068282 0.62816774 0.20352173
2391.25605127 0.99982335 0.00013181 0.84729934 0.00171004 75.21073675 0.02705092 0.61381391 0.17361450
2391.25646881 0.99999043 0.00013181 -0.21913202 0.14381477 72.80828429 0.01951643 0.63447264 0.18356323
2391.25688635 0.99994270 0.00013181 -0.72193384 -0.43113649 70.33429167 0.01779675 0.64955947 0.20352173
2391.25730389 0.99990012 0.00013180 0.04556287 0.04398235 67.81720731 0.01408268 0.56400698 0.18356323
2391.25772142 1.00011079 0.00013182 -0.30461556 -0.19870721 65.20192969 0.01773236 0.60338627 0.18356323
2391.25813897 0.99997613 0.00013181 -0.02015999 -0.15157837 62.56079369 0.01436457 0.66501663 0.20352173
2391.25855650 1.00024736 0.00013183 -0.04819075 0.06279285 59.81627169 0.01382704 0.84769217 0.18356323
2391.25897404 0.99982933 0.00013180 -0.13455023 0.09719895 57.04018744 0.00902807 0.77318806 0.20352173
2391.25939158 1.00008601 0.00013181 0.29317653 0.03180683 54.19128733 0.01138545 0.63935863 0.18356323
2391.25980912 1.00026213 0.00013182 0.24458642 0.11142652 51.29418465 0.00543016 0.71469285 0.19354248
2391.26022666 1.00014489 0.00013181 -0.32035708 -0.07175348 48.35404946 0.00230895 0.70438760 0.18356323
2391.26064420 1.00005679 0.00013181 -0.02111324 -0.10102945 45.35867664 0.00596159 0.79902085 0.20352173
2391.26106174 1.00032300 0.00013183 -0.18239318 -0.00509593 42.34521985 0.00341651 0.86487009 0.20352173
2391.26147927 1.00013831 0.00013181 -0.79992014 -0.19056739 39.28226147 0.00582383 0.72462606 0.19354248
2391.26189682 0.99999789 0.00013181 0.35771427 0.05708130 36.21314181 0.00760247 0.89441074 0.20352173
2391.26231435 1.00030887 0.00013183 0.01990236 -0.10438114 33.12438497 0.00399166 0.96066078 0.17361450
2391.26273189 1.00048496 0.00013184 0.21003748 0.09767776 30.03680332 0.00447243 0.91067550 0.18356323
2391.26314943 1.00089440 0.00013187 -0.22758247 -0.06334006 26.95086746 0.00593619 0.82282081 0.19354248
2391.26356697 1.00055645 0.00013184 0.02935759 -0.02414583 23.88515144 0.00452475 0.84652957 0.19354248
2391.26398451 1.00027721 0.00013183 -0.21431424 0.08574165 20.83004059 0.00292559 0.97100460 0.19354248
2391.26440205 1.00040526 0.00013183 -0.07181595 -0.18174356 17.82435413 0.00066447 0.72989494 0.20352173
2391.26481959 1.00008565 0.00013181 -0.42506021 -0.06905161 14.83370849 0.00164582 0.78541024 0.16363525
2391.26523713 1.00029212 0.00013182 0.06029963 -0.03478231 11.91211133 0.00355157 0.75420718 0.18356323
2391.26565466 1.00036354 0.00013183 0.02240142 -0.13410172 9.02219519 0.00413314 0.71508668 0.19354248
2391.26607221 1.00008179 0.00013181 0.29230055 0.22613633 6.19506680 0.00205254 0.78488859 0.18356323
2391.26648974 1.00050793 0.00013184 -0.59239459 -0.09001676 3.42775130 0.00473679 0.74670499 0.14373779
2391.26690728 1.00019534 0.00013181 0.30636746 -0.15373303 0.70720701 0.00714896 0.57813316 0.16363525
2391.26732482 1.00041667 0.00013183 0.28985301 -0.20691542 -1.92431235 0.00855071 0.62371754 0.20352173
2391.26774236 1.00021373 0.00013182 -0.45316827 -0.13187866 -4.53028504 0.01353014 0.59351186 0.16363525
2391.26815990 1.00021247 0.00013183 -0.26323926 -0.00051301 -7.02208249 0.01827169 0.57078118 0.18356323
2391.26857744 1.00000278 0.00013181 0.21379897 -0.13181025 -9.48664288 0.01984363 0.50445431 0.17361450
2391.26899499 0.99994390 0.00013181 0.29142460 0.07448955 -11.86415275 0.02076315 0.44077771 0.18356323
2391.26941253 0.99992860 0.00013181 -0.60772389 0.02236739 -14.19037660 0.02550373 0.39711566 0.14373779
2391.26983007 1.00024059 0.00013183 -0.16902189 -0.02551387 -16.45745572 0.02549672 0.32575116 0.17361450
2391.27024761 1.00011657 0.00013182 0.20153551 0.21649167 -18.65270634 0.03158793 0.32844219 0.17361450
2391.27066514 0.99984226 0.00013181 -0.24419998 0.07797804 -20.81568251 0.03274614 0.29824004 0.18356323
2391.27108269 1.00005845 0.00013182 -0.61328882 -0.34994358 -22.89005852 0.03424328 0.25551076 0.16363525
2391.27150022 1.00015464 0.00013183 -0.17515361 -0.15835015 -24.94372706 0.03942958 0.16048210 0.18356323
2391.27191776 0.99979055 0.00013181 -0.60249394 0.40767467 -26.92150494 0.03928992 0.16415313 0.16363525
2391.27233530 0.99969196 0.00013181 0.35196897 -0.27658266 -28.87001848 0.04536424 0.29150623 0.16363525
2391.27275284 1.00001070 0.00013183 -0.19705264 0.08933274 -30.76832477 0.04819343 0.18073561 0.17361450
2391.27317038 0.99996309 0.00013183 -0.45221502 -0.15363042 -32.62452417 0.04945806 0.29111115 0.19354248
2391.27358792 0.99994714 0.00013182 -0.18968427 -0.03211464 -34.45196200 0.04826761 0.12061530 0.17361450
2391.27400546 1.00003706 0.00013184 -0.34944415 0.14713225 -36.22838605 0.05184265 0.31873610 0.18356323
2391.27442300 0.99993514 0.00013183 -0.35907972 -0.53315777 -37.99117548 0.05553075 0.21471417 0.17361450
2391.27484054 0.99985765 0.00013183 0.22784011 0.23608878 -39.70271752 0.06132765 0.36255838 0.18356323
2391.27525808 1.00001322 0.00013185 -0.11517603 0.13622217 -41.40195873 0.06473650 0.27875599 0.19354248
2391.27567561 0.99970788 0.00013184 0.03257803 -0.05790212 -43.06808748 0.06954191 0.51978230 0.17361450
2391.27609316 0.99975928 0.00013184 -0.12432209 -0.40032148 -44.71562588 0.07262882 0.31049774 0.16363525
2391.27651069 0.99999667 0.00013185 -0.13125250 0.58545095 -46.34432280 0.07394692 0.18365456 0.19354248
2391.27692823 1.00000171 0.00013186 -0.49678600 0.02712131 -47.95174814 0.07632878 0.38678998 0.17361450
2391.27734577 1.00011165 0.00013186 0.14349020 -0.32018879 -49.55099912 0.07388669 0.42885624 0.19354248
2391.27776331 1.00008455 0.00013185 0.37162659 -0.40829030 -51.12911447 0.07122886 0.30046240 0.18356323
2391.27818085 1.00019191 0.00013187 -0.55421299 0.37569684 -52.70347282 0.07636846 0.31421681 0.18356323
2391.27859839 1.00015323 0.00013187 -0.36670575 -0.04104108 -54.26558989 0.08279502 0.34668027 0.19354248
2391.27901593 1.00023399 0.00013189 -0.22907676 -0.02783953 -55.82454139 0.09385736 0.35118072 0.19354248
2391.27943346 1.00016333 0.00013189 -0.36727253 0.10304730 -57.37879136 0.10472131 0.42347934 0.17361450
2391.27985100 1.00031618 0.00013192 0.23763026 -0.20151168 -58.93276457 0.12675426 0.34786063 0.22348022
2391.28026854 1.00023840 0.00013206 -0.16755337 -0.06864120 -60.48653515 0.28624744 0.41130286 0.20352173
2391.28068608 1.00024994 0.00013265 -0.42328253 0.01101269 -62.04572333 0.96978976 0.39079142 0.16363525
2391.30782612 1.00061691 0.00013270 0.56158137 -0.44905776 146.27966831 1.00000000 0.60098605 0.34387207
2391.30824365 1.00035940 0.00013241 -0.04262582 -0.01829748 144.48989438 0.68448656 0.59701196 0.32373047
2391.30866120 0.99991015 0.00013198 -0.52087492 -0.01822908 142.72473045 0.22162861 0.59361161 0.30364990
2391.30907873 1.00015599 0.00013187 0.07815378 -0.15783714 140.99144591 0.07617863 0.36298042 0.30364990
2391.30949628 0.99981956 0.00013181 -0.21498409 0.07623380 139.29015764 0.03364717 0.58398828 0.30364990
2391.30991381 0.99985754 0.00013182 -0.02093290 0.12083177 137.60524357 0.02947702 0.77838546 0.32373047
2391.31033135 0.99975307 0.00013180 0.28722513 -0.14508019 135.95598349 0.02669400 0.57384236 0.28356934
2391.31074889 1.00018854 0.00013183 -0.27168971 0.13317829 134.31493797 0.02675354 0.54396489 0.32373047
2391.31116643 0.99987545 0.00013181 0.66437799 -0.13909504 132.70259212 0.02292202 0.65541965 0.28356934
2391.31158397 0.99995461 0.00013181 -0.57946128 0.01754506 131.09877322 0.01989811 0.49391672 0.30364990
2391.31200151 1.00003426 0.00013182 -0.23724382 0.11706967 129.51147219 0.02311656 0.72715815 0.26351929
2391.31241905 1.00013718 0.00013182 0.10319597 -0.21433702 127.93403736 0.02024010 0.60370452 0.28356934
2391.31283659 0.99985083 0.00013181 -0.34112251 -0.29741099 126.36414593 0.02543978 0.59721282 0.26351929
2391.31325412 0.99934259 0.00013178 0.04084814 0.00543794 124.80260547 0.02708067 0.80730456 0.24349976
2391.31367167 0.99989676 0.00013181 0.30956215 0.10037963 123.24329577 0.02766384 0.54875189 0.29360962
2391.31408920 0.99996689 0.00013181 -0.32035708 0.05790212 121.68718672 0.02703600 0.45654881 0.24349976
2391.31450674 0.99995297 0.00013182 -0.40998852 -0.34317181 120.13013630 0.02874980 0.52093503 0.24349976
2391.31492429 0.99974575 0.00013180 0.22773705 0.39337870 118.57021973 0.02977660 0.50564357 0.22348022
2391.31534183 0.99946269 0.00013182 -0.17347899 -0.09668593 117.00511971 0.06419318 0.54851068 0.24349976
2391.31575937 0.99984413 0.00013181 -0.03353128 -0.41307843 115.43421667 0.02666456 0.66336824 0.24349976
2391.31617691 0.99967845 0.00013180 -0.10992026 0.04784705 113.85066922 0.02955909 0.70578774 0.24349976
2391.31659445 0.99975042 0.00013181 0.25754550 0.38835117 112.26160146 0.03154726 0.51479395 0.24349976
2391.31701199 0.99961385 0.00013180 -0.24754924 -0.28790313 110.64906946 0.03111134 0.69089895 0.22348022
2391.31742953 0.99964130 0.00013180 -0.05128238 0.42754540 109.02963813 0.03122784 0.60750823 0.25350952
2391.31784706 1.00012214 0.00013183 0.14338714 -0.17668183 107.38167348 0.03023644 0.47345074 0.22348022
2391.31826460 0.99979548 0.00013180 0.20787334 -0.32090700 105.71853629 0.03021978 0.43370080 0.24349976
2391.31868214 0.99995355 0.00013181 -0.62555230 0.16522452 104.02990668 0.02687947 0.50411715 0.23348999
2391.31909968 0.99947108 0.00013179 -0.19926831 0.03440610 102.31177188 0.03231057 0.61149859 0.26351929
2391.31951722 0.99994522 0.00013182 -0.30788752 0.27507782 100.57387743 0.02856620 0.61827876 0.24349976
2391.31993476 0.99971583 0.00013181 -0.18788081 0.35897261 98.78859951 0.03177681 0.67832455 0.20352173
2391.32035230 0.99973145 0.00013181 0.19205451 -0.48873082 96.98992621 0.02914480 0.68569922 0.24349976
2391.32076984 0.99979193 0.00013181 -0.07408314 -0.09135059 95.12829385 0.03124029 0.74291836 0.22348022
2391.32118737 0.99975408 0.00013181 -0.13009314 -0.08201375 93.24600015 0.02905832 0.64479880 0.23348999
2391.32160492 0.99979955 0.00013182 0.01482693 -0.17415096 91.30943743 0.03132011 0.83420264 0.23348999
2391.32202245 0.99977514 0.00013181 -0.01954167 0.14932111 89.33093728 0.03260696 0.70557077 0.24349976
2391.32243999 0.99984114 0.00013182 -0.27856857 -0.04422176 87.31077450 0.03378810 0.60436432 0.22348022
2391.32285753 1.00014646 0.00013184 0.15930901 -0.07938028 85.22353183 0.03038105 0.70497347 0.22348022
2391.32327507 1.00016996 0.00013183 0.19233792 -0.00673758 83.11116629 0.03038531 0.56640357 0.22348022
2391.32369261 0.99983812 0.00013182 -0.35570469 0.04634221 80.90328637 0.03242103 0.68065044 0.22348022
2391.32411015 0.99974535 0.00013181 -0.46378288 -0.14046308 78.67148347 0.03649653 0.53279451 0.22348022
2391.32452769 0.99957699 0.00013179 0.62761337 -0.01405657 76.35177213 0.02968300 0.62588663 0.22348022
2391.32494523 1.00003825 0.00013182 0.30541420 0.00984986 73.98654659 0.02001791 0.71296740 0.24349976
2391.32536276 1.00000000 0.00013181 -0.28299990 0.00126543 71.55467869 0.01883500 0.60982092 0.24349976
2391.32578031 0.99992873 0.00013181 -0.44386762 -0.14726906 69.05005184 0.01843590 0.58728262 0.24349976
2391.32619784 1.00005326 0.00013181 -0.33267206 -0.22131400 66.50300223 0.01724245 0.59501846 0.22348022
2391.32661539 1.00007685 0.00013182 -0.09098404 0.04589760 63.85759002 0.01738246 0.72248180 0.22348022
2391.32703292 1.00017426 0.00013182 -0.03659715 -0.09271863 61.18667685 0.01126905 0.67859087 0.22348022
2391.32745046 1.00021226 0.00013182 -0.13444717 0.05437943 58.41466265 0.00974185 0.74950401 0.20352173
2391.32786800 0.99991616 0.00013180 -0.09817208 -0.07165088 55.61147413 0.00578715 0.74551294 0.24349976
2391.32828554 1.00035918 0.00013183 0.23193651 -0.00430931 52.73845441 0.00551065 0.72331883 0.23348999
2391.32870308 1.00005594 0.00013181 0.03729276 -0.01405657 49.81887906 0.00395602 0.73282241 0.20352173
2391.32912062 1.00023147 0.00013182 -0.18125959 -0.22206642 46.85874878 0.00390233 0.75538321 0.20352173
2391.32953816 1.00009579 0.00013181 0.49384895 0.04921509 43.84751770 0.00192643 0.87896024 0.22348022
2391.32995570 1.00025433 0.00013182 -0.58894229 -0.23260030 40.82016471 0.00274815 0.71046198 0.20352173
2391.33037323 1.00028071 0.00013183 -0.02340620 0.06121960 37.74913157 0.00756488 0.83994329 0.20352173
2391.33079078 1.00004911 0.00013182 0.02062374 0.21142994 34.67375117 0.00841454 0.95332479 0.20352173
2391.33120831 1.00035523 0.00013183 0.08786665 -0.16245426 31.58465022 0.00491443 0.80315289 0.22348022
2391.33162585 1.00020148 0.00013182 -0.26004457 -0.01918670 28.50012299 0.00371371 0.92281325 0.20352173
2391.33204339 1.00021544 0.00013182 -0.08498113 -0.06788878 25.42154931 0.00325870 0.78291501 0.18356323
2391.33246093 1.00022382 0.00013182 -0.02680699 -0.07024864 22.36766223 0.00279260 0.96530159 0.22348022
2391.33287847 1.00021974 0.00013182 0.20027310 -0.06005677 19.32631257 0.00234043 0.90092835 0.22348022
2391.33329601 1.00039398 0.00013183 -0.48982984 -0.10749342 16.33998569 0.00066253 0.73397894 0.19354248
2391.33371355 1.00013139 0.00013181 0.44142008 -0.02739492 13.37005917 0.00442408 0.81973234 0.20352173
2391.33413109 1.00035225 0.00013183 -0.29892179 -0.05513185 10.47295574 0.00486397 0.66053881 0.19354248
2391.33454862 1.00038510 0.00013183 0.13158742 0.00742159 7.60937157 0.00338573 0.79872085 0.22348022
2391.33496616 1.00045216 0.00013183 0.00220279 0.10294469 4.81021799 0.00385005 0.75850801 0.20352173
2391.33538370 1.00039960 0.00013183 -0.25355214 -0.17131229 2.07256126 0.00603719 0.62133233 0.20352173
2391.33580124 1.00032718 0.00013182 0.48003969 -0.09094018 -0.61822339 0.00747756 0.61074650 0.20352173
2391.33621878 1.00022932 0.00013182 -0.01529068 -0.07975649 -3.21860731 0.01071424 0.46407773 0.20352173
2391.33663632 1.00024622 0.00013183 -0.66424918 -0.16727658 -5.79318639 0.01533159 0.63800401 0.20352173
2391.33705386 1.00031593 0.00013183 -0.31698206 -0.17869969 -8.25446856 0.01521175 0.43033934 0.20352173
2391.33747139 1.00018850 0.00013183 0.28093883 -0.05903075 -10.68790082 0.02185590 0.53040770 0.19354248
2391.33788894 0.99985762 0.00013180 -0.39115536 0.04822326 -13.03585846 0.02232532 0.49025914 0.20352173
2391.33830647 1.00002780 0.00013182 -0.54882842 -0.06412668 -15.33257530 0.02725252 0.40359530 0.22348022
2391.33872401 1.00008549 0.00013183 0.29441318 0.11980574 -17.57188726 0.03202786 0.46206488 0.18356323
2391.33914155 0.99978564 0.00013181 0.02724497 0.11775368 -19.74002452 0.03132452 0.58891210 0.18356323
2391.33955909 1.00008071 0.00013182 -0.32811192 -0.19285886 -21.87729626 0.03441440 0.28317153 0.20352173
2391.33997663 0.99993524 0.00013181 -0.36034214 -0.44232020 -23.92720460 0.03843391 0.16834813 0.22348022
2391.34039417 0.99996159 0.00013182 -0.21078463 0.01097849 -25.95706227 0.04170656 0.13773638 0.20352173
2391.34081171 0.99988705 0.00013182 -0.43093431 0.10735662 -27.91375982 0.04276473 0.29447205 0.20352173
2391.34122925 0.99982930 0.00013182 0.36144999 -0.18027292 -29.84146557 0.04794183 0.23393289 0.20352173
2391.34164678 0.99990703 0.00013183 -0.46432391 0.06990663 -31.72075580 0.04717433 0.35775078 0.20352173
2391.34206433 0.99976014 0.00013181 -0.27202463 -0.01094429 -33.55902509 0.04657017 0.22590797 0.18356323
2391.34248186 0.99997415 0.00013183 -0.00423811 0.02411163 -35.36999123 0.05047158 0.10295074 0.18356323
2391.34289940 1.00012098 0.00013184 -0.51242447 0.00430931 -37.13144138 0.05435199 0.22856284 0.22348022
2391.34331694 1.00001164 0.00013184 0.26597020 -0.28089195 -38.87977871 0.05954989 0.30102564 0.20352173
2391.34373448 0.99988406 0.00013183 -0.17157248 0.25117138 -40.57944166 0.06105667 0.15893822 0.20352173
2391.34415202 0.99974419 0.00013182 -0.21351556 -0.10821164 -42.26703012 0.06340389 0.17989998 0.20352173
2391.34456956 0.99855070 0.00013184 0.12195185 -0.30931291 -43.92341370 0.16978639 0.30670680 0.20352173
2391.34498710 0.99982698 0.00013184 0.00977727 0.10677519 -45.56197199 0.07914659 0.18399227 0.18356323
2391.34540464 0.99992239 0.00013185 -0.13720389 0.43178630 -47.18305694 0.08230294 0.20253830 0.20352173
2391.34582218 0.99995034 0.00013186 -0.49217433 -0.18461643 -48.78407287 0.08120751 0.44827747 0.22348022
2391.34623972 1.00028382 0.00013188 0.56740391 -0.54919797 -50.37770547 0.08490764 0.20051142 0.20352173
2391.34665725 1.00007027 0.00013187 0.37407413 0.07920928 -51.95171026 0.08630853 0.35168572 0.20352173
2391.34707480 1.00001857 0.00013188 -0.79721498 0.16628475 -53.52250945 0.09026640 0.55269219 0.20352173
2391.34749233 1.00008093 0.00013188 -0.61918873 -0.00406991 -55.08281639 0.09354727 0.37391840 0.20352173
2391.34790987 1.00018082 0.00013189 0.04868026 -0.02777113 -56.64066119 0.10086840 0.54143911 0.18356323
2391.34832741 1.00038481 0.00013191 -0.02253024 -0.03878381 -58.19487881 0.10786688 0.43375108 0.20352173
2391.34874495 1.00019699 0.00013194 -0.10445838 -0.25968739 -59.74994594 0.16410707 0.34735914 0.18356323
2391.34916249 1.00019110 0.00013231 -0.29505727 0.14655083 -61.30547092 0.58348043 0.43091357 0.20352173
2391.37672007 1.00051408 0.00013256 -0.68921411 1.00000000 145.35613376 0.85331740 0.41311902 0.38418579
2391.37713761 0.99998600 0.00013215 -0.33535147 -0.27644584 143.58112897 0.40455663 0.64963368 0.33380127
2391.37755515 1.00005070 0.00013192 -0.04837110 -0.06696536 141.83029297 0.13782468 0.59183139 0.33380127
2391.37797269 0.99999059 0.00013184 0.04898942 -0.29330689 140.10978304 0.04212036 0.80440814 0.31369019
2391.37839023 1.00002694 0.00013183 -0.42884746 0.16666096 138.42011153 0.03709246 0.47622486 0.32373047
2391.37880776 0.99999773 0.00013182 0.13390614 -0.05574746 136.74568951 0.02970234 0.51684486 0.32373047
2391.37922530 1.00007993 0.00013182 -0.28132528 -0.14487499 135.10538744 0.02267847 0.68241242 0.32373047
2391.37964284 1.00001595 0.00013182 0.33800513 0.13676938 133.47277452 0.02569592 0.53799797 0.30364990
2391.38006038 1.00000639 0.00013181 0.24963608 -0.08095352 131.86675809 0.01955090 0.41538610 0.30364990
2391.38047792 1.00015316 0.00013182 -0.78420436 0.06080920 130.26881181 0.02208409 0.46155496 0.30364990
2391.38089546 0.99984778 0.00013180 0.17651908 0.14289135 128.68601762 0.02246205 0.47476402 0.32373047
2391.38131300 1.00023229 0.00013183 -0.34990790 -0.37939054 127.11216742 0.02436015 0.46005242 0.28356934
2391.38173054 1.00014185 0.00013183 -0.20107177 -0.21744929 125.54495941 0.02404070 0.63973522 0.26351929
2391.38214808 0.99970969 0.00013180 0.18520141 0.19528712 123.98452860 0.02883965 0.58361028 0.28356934
2391.38256562 0.99969861 0.00013180 0.08052403 -0.06361367 122.42581728 0.03053292 0.51512668 0.28356934
2391.38298315 0.99981909 0.00013181 -0.41251338 -0.06186942 120.86850337 0.03229035 0.61659713 0.26351929
2391.38340069 0.99992515 0.00013181 -0.34089065 -0.02777113 119.30976578 0.02617998 0.59515033 0.30364990
2391.38381823 0.99976073 0.00013180 0.12233830 0.31057835 117.74684423 0.02880246 0.56943669 0.28356934
2391.38423577 0.99981989 0.00013181 -0.00145564 -0.43041828 116.17782568 0.02779116 0.70689068 0.24349976
2391.38465331 0.99981947 0.00013181 -0.31193238 -0.11505181 114.60213987 0.03082994 0.46699269 0.26351929
2391.38507085 0.99991809 0.00013182 -0.14779271 0.10783543 113.01225961 0.02746513 0.69862755 0.24349976
2391.38548839 0.99977524 0.00013181 -0.09827513 0.07209549 111.41638085 0.03013031 0.70877190 0.24349976
2391.38590593 0.99955110 0.00013180 -0.44770640 -0.21047232 109.79500931 0.03304974 0.68640080 0.24349976
2391.38632347 0.99993513 0.00013182 0.00403200 0.38790655 108.16627446 0.03504007 0.60933548 0.26351929
2391.38674101 0.99980331 0.00013181 0.17878628 -0.41160777 106.50775938 0.03086066 0.57542143 0.26351929
2391.38715854 1.00007943 0.00013183 -0.33032757 -0.08351859 104.83291982 0.03156336 0.46938423 0.24349976
2391.38757609 0.99996071 0.00013182 -0.67401356 0.14713225 103.13133172 0.03499828 0.44221403 0.24349976
2391.38799362 0.99997992 0.00013182 -0.08585709 -0.10612538 101.39879600 0.03080711 0.62802123 0.26351929
2391.38841116 0.99958526 0.00013180 -0.21390203 0.30732924 99.64605017 0.03323062 0.75131306 0.24349976
2391.38882870 0.99976193 0.00013181 0.13153589 -0.18766032 97.84353784 0.03491129 0.41897797 0.28356934
2391.38924624 0.99975950 0.00013181 -0.06965180 -0.35411608 96.02699180 0.03017961 0.71977670 0.24349976
2391.38966378 1.00003840 0.00013183 -0.25733939 -0.04931769 94.14608468 0.02856814 0.80718824 0.24349976
2391.39008132 0.99966031 0.00013181 -0.13287561 -0.09866959 92.24333914 0.03353086 0.65542815 0.24349976
2391.39049886 0.99973283 0.00013181 0.02474591 -0.05372961 90.28536867 0.03075038 0.78712371 0.24349976
2391.39091640 0.99992131 0.00013182 -0.33143541 0.00256507 88.28368812 0.03142911 0.63081531 0.26351929
2391.39133393 0.99991223 0.00013181 0.19607364 -0.19983584 86.23988445 0.02625088 0.52316546 0.26351929
2391.39175147 1.00004439 0.00013183 0.07833413 -0.01891310 84.12668822 0.03209786 0.53935477 0.22348022
2391.39216901 0.99981374 0.00013182 -0.11819037 0.02082835 81.98841889 0.02942654 0.79379062 0.26351929
2391.39258655 0.99997209 0.00013182 -0.70549667 0.11067410 79.75241542 0.03094622 0.58238582 0.22348022
2391.39300409 0.99976112 0.00013181 0.02739955 -0.10024282 77.49213030 0.02891669 0.77005687 0.24349976
2391.39342163 0.99989422 0.00013181 0.48766568 -0.01255173 75.14358405 0.02345955 0.60601521 0.24349976
2391.39383917 1.00033163 0.00013184 -0.00565510 0.27849790 72.74833752 0.02066754 0.62383805 0.24349976
2391.39425670 1.00013758 0.00013182 -0.59020472 -0.35527891 70.28664258 0.01656988 0.64308274 0.26351929
2391.39467425 0.99974374 0.00013179 -0.27774414 -0.04853107 67.75147748 0.01485870 0.64384640 0.22348022
2391.39509178 1.00014764 0.00013182 -0.37020957 -0.06942782 65.17473828 0.01404923 0.64462561 0.24349976
2391.39550932 0.99999181 0.00013181 0.01096240 -0.15038134 62.49969904 0.01765462 0.65982565 0.24349976
2391.39592686 1.00013422 0.00013181 0.01250821 -0.10615958 59.79951341 0.00927225 0.61016705 0.26351929
2391.39634440 1.00024688 0.00013182 -0.19612516 0.13379391 57.00083416 0.00898564 0.66247235 0.24349976
2391.39676194 1.00027799 0.00013182 0.15938631 0.03382469 54.17138111 0.00795874 0.68379111 0.24349976
2391.39717948 1.00041172 0.00013183 0.09554419 0.02479565 51.27517110 0.00463397 0.72818395 0.26351929
2391.39759702 1.00038424 0.00013183 -0.42624533 -0.16409589 48.33450696 0.00408669 0.68827487 0.24349976
2391.39801456 1.00014962 0.00013181 -0.24414845 -0.11508601 45.35617337 0.00185273 0.81009382 0.24349976
2391.39843209 1.00024895 0.00013182 -0.12999009 -0.00451452 42.33068850 0.00231434 0.87140332 0.22348022
2391.39884964 1.00027809 0.00013182 -0.62465060 -0.26474914 39.29087900 0.00608557 0.69382181 0.24349976
2391.39926717 1.00043804 0.00013184 0.30536270 -0.00612196 36.21388619 0.00583946 0.89515881 0.22348022
2391.39968471 1.00020065 0.00013182 -0.05267362 -0.07124047 33.13439241 0.00392653 0.99805909 0.22348022
2391.40010225 1.00064918 0.00013185 0.34841362 0.03392729 30.04704612 0.00523634 0.94859233 0.26351929
2391.40051979 1.00026152 0.00013182 -0.07464994 -0.08044051 26.96745711 0.00521503 0.83846974 0.24349976
2391.40093733 1.00044452 0.00013184 -0.05707918 -0.05157495 23.89762178 0.00357266 0.88633927 0.20352173
2391.40135487 1.00031708 0.00013183 -0.26530033 -0.12859537 20.85723538 0.00120845 0.85593876 0.22348022
2391.40177241 1.00042638 0.00013183 -0.22570173 0.03129382 17.83133250 0.00486840 0.81711848 0.24349976
2391.40218995 1.00055213 0.00013184 -0.49199396 -0.05608947 14.86597587 0.00226460 0.86372058 0.22348022
2391.40260748 1.00048175 0.00013184 -0.02265906 -0.06121960 11.91828359 0.00262346 0.76970674 0.24349976
2391.40302503 1.00050156 0.00013184 -0.29593322 -0.08259516 9.04667169 0.00267306 0.72464824 0.24349976
2391.40344256 1.00038374 0.00013183 0.05110203 0.27648005 6.21023227 0.00236501 0.73961200 0.22348022
2391.40386010 1.00036199 0.00013183 -0.32867873 -0.05605527 3.43935642 0.00532545 0.68866415 0.22348022
2391.40427764 1.00055188 0.00013184 0.23082869 -0.16077842 0.73184181 0.00892040 0.59505853 0.22348022
2391.40469518 1.00019452 0.00013182 0.35356632 -0.05095933 -1.92877062 0.01108924 0.60306246 0.24349976
2391.40511272 1.00026257 0.00013182 -0.49132413 -0.14620884 -4.49767831 0.01232280 0.59942067 0.20352173
2391.40553025 1.00043252 0.00013184 -0.36078012 -0.11447040 -7.04071887 0.01889123 0.57189804 0.22348022
2391.40594780 0.99992995 0.00013181 0.23106056 -0.00998666 -9.47207018 0.01777785 0.59348601 0.24349976
2391.40636533 1.00016886 0.00013182 0.37951022 0.03102021 -11.87504430 0.02268184 0.47164569 0.24349976
2391.40678287 0.99994090 0.00013182 -0.76696855 -0.09189781 -14.19410423 0.02676604 0.57601597 0.20352173
2391.40720041 0.99999506 0.00013181 -0.15114197 0.01922090 -16.46192370 0.02669577 0.32226165 0.22348022
2391.40761795 1.00027477 0.00013183 0.12038027 0.28461987 -18.67391829 0.03191389 0.26490556 0.20352173
2391.40803549 1.00005754 0.00013182 -0.09289055 -0.09035876 -20.81551087 0.03289074 0.26471466 0.23348999
2391.40845304 0.99997081 0.00013181 -0.38790914 -0.38657272 -22.92755983 0.03573983 0.13839519 0.21350098
2391.40887058 1.00003064 0.00013182 -0.37989670 -0.18660009 -24.95386034 0.04249463 0.15093703 0.20352173
2391.40928812 0.99998699 0.00013182 -0.62413532 0.56975275 -26.96067633 0.04187951 0.19148420 0.24349976
2391.40970566 1.00019618 0.00013184 0.34284869 -0.36358973 -28.89673307 0.04555745 0.28560960 0.24349976
2391.41012320 0.99991388 0.00013182 -0.07660797 -0.00502753 -30.80425503 0.04905665 0.13445112 0.20352173
2391.41054073 1.00003796 0.00013183 -0.48279637 -0.04093847 -32.66551812 0.05010984 0.26367240 0.20352173
2391.41095828 1.00004331 0.00013183 -0.20645635 -0.05160915 -34.48649489 0.05221951 0.11569768 0.20352173
2391.41137581 1.00004668 0.00013184 -0.30474436 0.14627723 -36.28142841 0.05271652 0.32518893 0.20352173
2391.41179335 0.99991137 0.00013183 -0.43714333 -0.57300180 -38.02837800 0.05302333 0.22306818 0.20352173
2391.41221089 0.99982219 0.00013183 0.19393526 0.30493519 -39.76280728 0.06157619 0.34777637 0.22348022
2391.41262843 0.99988818 0.00013184 0.17183012 0.09223982 -41.45118450 0.06184715 0.42324233 0.20352173
2391.41304597 1.00021887 0.00013186 0.00995762 -0.19090940 -43.12779664 0.06515210 0.21876991 0.22348022
2391.41346351 0.99992706 0.00013184 0.03680326 -0.41208661 -44.77502751 0.06805048 0.38011311 0.20352173
2391.41388105 1.00005672 0.00013186 0.15467158 0.57973939 -46.40528071 0.07214819 0.36141885 0.20352173
2391.41429859 0.99984238 0.00013185 -0.51381570 0.04432436 -48.01934754 0.07680339 0.39241327 0.22348022
2391.41471612 0.99998762 0.00013186 0.10986874 -0.23608878 -49.61442214 0.08016664 0.46572487 0.24349976
2391.41513367 1.00053640 0.00013189 0.40156385 -0.26604876 -51.20275377 0.07973368 0.24377932 0.24349976
2391.41555120 1.00048435 0.00013189 -0.54679310 0.43274394 -52.77323944 0.07981465 0.29375538 0.20352173
2391.41596874 1.00020662 0.00013188 -0.36155301 -0.00201785 -54.34098266 0.08613999 0.35535755 0.20352173
2391.41638628 1.00048035 0.00013190 -0.21413389 -0.20718902 -55.89977666 0.09018100 0.38305917 0.20352173
2391.41680382 1.00023389 0.00013189 -0.31626067 -0.06641814 -57.45690781 0.09625000 0.32113303 0.23348999
2391.41722136 1.00057284 0.00013193 0.34375042 -0.26184207 -59.01164226 0.11330731 0.38073046 0.22348022
2391.41763890 1.00031787 0.00013204 -0.50765824 -0.18519785 -60.56827124 0.26587253 0.41716828 0.22348022
2391.41805644 1.00058999 0.00013265 -0.41779488 0.01775027 -62.12598392 0.94510478 0.38696832 0.22348022
2391.44519646 1.00059865 0.00013247 1.00000000 -0.14378057 146.22865751 0.74581308 0.35628449 0.36401367
2391.44561401 1.00026841 0.00013245 0.62751031 -0.10903246 144.42141420 0.73638618 0.48211056 0.36401367
2391.44603154 1.00026828 0.00013204 -0.48959795 -0.16932863 142.66110545 0.26769661 0.53386002 0.36401367
2391.44644908 0.99986276 0.00013187 -0.04133764 0.00591676 140.92422923 0.09906680 0.63905013 0.36401367
2391.44686662 1.00002731 0.00013183 -0.28789499 0.07086426 139.21604244 0.03568616 0.61203735 0.36401367
2391.44728416 1.00019315 0.00013183 0.06501436 -0.00991826 137.53746825 0.03435462 0.44355802 0.33380127
2391.44770170 0.99992520 0.00013181 0.33367684 -0.31906015 135.87312706 0.02699510 0.60794858 0.30364990
2391.44811924 0.99972307 0.00013180 -0.50484997 0.22090359 134.24127544 0.02776409 0.63669588 0.34387207
2391.44853678 1.00036023 0.00013184 0.54547912 -0.07414754 132.61663074 0.02419999 0.67019064 0.31369019
2391.44895432 1.00008953 0.00013182 -0.55163664 -0.07028284 131.01684067 0.02342219 0.50956082 0.32373047
2391.44937185 0.99992347 0.00013182 -0.11401667 0.22466569 129.42445794 0.02443469 0.78332229 0.32373047
2391.44978940 0.99997905 0.00013182 -0.09863582 -0.15845275 127.84555073 0.02270207 0.81270368 0.30364990
2391.45020693 0.99982795 0.00013180 -0.41524431 -0.38489687 126.27470100 0.02489675 0.50801775 0.30364990
2391.45062447 0.99983460 0.00013181 -0.04342449 0.13649577 124.70965832 0.02715837 0.77753148 0.30364990
2391.45104201 0.99966663 0.00013180 0.14707133 0.09890899 123.14997144 0.02946108 0.51218648 0.30364990
2391.45145955 0.99980758 0.00013181 -0.37866002 -0.10031123 121.59153073 0.02781549 0.62458941 0.30364990
2391.45187709 0.99977508 0.00013181 -0.32179984 -0.36594960 120.03242710 0.02984847 0.52257581 0.28356934
2391.45229462 0.99957253 0.00013179 0.25131074 0.47802591 118.47148128 0.03052585 0.50715755 0.26351929
2391.45271217 0.99982186 0.00013181 -0.27658477 -0.13803482 116.90518361 0.03170834 0.54738744 0.28356934
2391.45312970 0.99948962 0.00013179 -0.07246003 -0.46157530 115.33160766 0.02656293 0.75819581 0.26351929
2391.45354724 0.99978185 0.00013181 -0.26293010 0.11019529 113.75018979 0.03022936 0.70410762 0.28356934
2391.45396479 0.99994864 0.00013182 0.04679952 0.20041725 112.15326199 0.03116010 0.40607403 0.26351929
2391.45438233 0.99986004 0.00013181 -0.44876271 -0.44413283 110.54996268 0.03106533 0.61713322 0.28356934
2391.45479987 1.00008222 0.00013182 0.07913280 0.40770888 108.91915451 0.03113148 0.37347259 0.28356934
2391.45521741 0.99988221 0.00013181 0.13478211 -0.13916345 107.28041447 0.03292616 0.47656783 0.26351929
2391.45563495 0.99972382 0.00013181 -0.02621443 -0.33168030 105.61029499 0.03361601 0.72429215 0.24349976
2391.45605249 0.99986638 0.00013181 -0.55284750 0.05130135 103.92274409 0.03053562 0.40094334 0.26351929
2391.45647003 0.99975460 0.00013181 -0.33846888 -0.09774616 102.20759055 0.03041144 0.67302625 0.28356934
2391.45688757 0.99986957 0.00013181 -0.44894305 0.13824002 100.45961911 0.02798640 0.62647166 0.28356934
2391.45730510 0.99991171 0.00013182 0.05857347 0.18362461 98.69091834 0.03278921 0.46089703 0.26351929
2391.45772265 0.99996926 0.00013182 0.02861044 -0.41386503 96.87035331 0.03046180 0.76225450 0.28356934
2391.45814018 0.99991923 0.00013181 0.07207358 -0.17052567 95.03528193 0.02856850 0.51137337 0.24349976
2391.45855772 0.99998187 0.00013182 -0.05202952 0.03762098 93.13404977 0.03013549 0.65709592 0.26351929
2391.45897526 0.99965730 0.00013181 0.01235363 -0.04466637 91.20979160 0.03240204 0.83077836 0.26351929
2391.45939280 1.00002354 0.00013183 -0.17177859 0.10858785 89.22907215 0.03145637 0.72485680 0.24349976
2391.45981034 0.99996595 0.00013182 -0.01371910 -0.12941620 87.20294343 0.02798716 0.68295309 0.28356934
2391.46022788 0.99956160 0.00013180 0.18231589 -0.02595848 85.13415251 0.03009433 0.69011808 0.26351929
2391.46064542 0.99996430 0.00013182 0.19300777 -0.18017033 82.99408686 0.02802549 0.49918571 0.26351929
2391.46106296 0.99996298 0.00013182 -0.55792296 0.19655254 80.82917209 0.02866635 0.65920877 0.26351929
2391.46148049 0.99967527 0.00013180 -0.58257866 -0.04887308 78.56373001 0.03324246 0.50615784 0.26351929
2391.46189804 0.99967913 0.00013180 0.70578003 0.01470639 76.27366681 0.02645600 0.62057092 0.24349976
2391.46231557 1.00006876 0.00013182 0.03718971 0.11761688 73.89517631 0.02293081 0.54562513 0.24349976
2391.46273311 0.99996982 0.00013181 -0.33859769 0.01084168 71.46901685 0.01980456 0.60755610 0.26351929
2391.46315065 1.00017751 0.00013182 -0.54967862 -0.25267622 68.97683932 0.01695090 0.52067428 0.26351929
2391.46356819 1.00017753 0.00013182 -0.52958304 -0.14347276 66.41056900 0.01546601 0.61221490 0.24349976
2391.46398573 1.00017981 0.00013183 -0.16394646 0.02845515 63.80351999 0.01603847 0.75012453 0.24349976
2391.46440326 1.00016803 0.00013182 -0.04102848 -0.05461883 61.09855964 0.01268063 0.67944185 0.26351929
2391.46482081 1.00027534 0.00013183 -0.08505842 0.06183522 58.36883623 0.00921506 0.78675863 0.24349976
2391.46523834 1.00022334 0.00013182 -0.09080370 -0.16204384 55.54386184 0.00855970 0.68441795 0.26351929
2391.46565588 1.00033213 0.00013183 0.13890427 -0.07554978 52.68848473 0.00718064 0.66454740 0.26351929
2391.46607342 1.00015290 0.00013181 0.23281248 -0.08543384 49.76949012 0.00729511 0.59290852 0.24349976
2391.46649096 1.00024120 0.00013182 -0.27985674 -0.40309176 46.80834837 0.00448628 0.87017900 0.26351929
2391.46690850 1.00051387 0.00013183 0.23484780 0.00636137 43.81263259 0.00110269 0.73070758 0.24349976
2391.46732604 1.00068173 0.00013185 -0.65384072 -0.19812579 40.77400648 0.00409562 0.71029126 0.24349976
2391.46774358 1.00052482 0.00013184 0.11115691 -0.00287288 37.72293739 0.00491665 0.69999961 0.24349976
2391.46816112 1.00035462 0.00013183 0.15863916 0.08762269 34.64172611 0.00366464 0.89124463 0.26351929
2391.46857865 1.00033078 0.00013183 -0.02204073 -0.01135470 31.55996797 0.00412863 0.86442334 0.24349976
2391.46899620 1.00047459 0.00013184 -0.26599595 -0.13793221 28.47615773 0.00513991 0.85756434 0.24349976
2391.46941373 1.00059343 0.00013184 -0.10262917 -0.14395157 25.40353965 0.00450142 0.78648295 0.24349976
2391.46983127 1.00047314 0.00013184 -0.13671437 0.06296385 22.34437945 0.00352032 0.91035158 0.24349976
2391.47024881 1.00048474 0.00013184 -0.02747685 -0.02650569 19.31951409 0.00219185 0.87717711 0.24349976
2391.47066635 1.00062400 0.00013185 -0.43804505 -0.06590512 16.31085795 0.00404752 0.82724864 0.26351929
2391.47108389 1.00033462 0.00013183 0.17458682 -0.11724067 13.36818255 0.00362501 0.83249988 0.24349976
2391.47150143 1.00045013 0.00013183 -0.33586675 -0.11187113 10.44427026 0.00352348 0.65634141 0.24349976
2391.47191897 1.00052089 0.00013184 0.20844014 0.05858614 7.59943096 0.00595247 0.79955785 0.24349976
2391.47233651 1.00044013 0.00013183 0.02314857 0.12945040 4.79143689 0.00243726 0.85422362 0.24349976
2391.47275404 1.00039666 0.00013183 -0.36905023 -0.21950135 2.05023611 0.00678704 0.58463507 0.22348022
2391.47317159 1.00018164 0.00013181 0.50451505 -0.03341427 -0.62611596 0.00781351 0.58654423 0.24349976
2391.47358912 1.00059518 0.00013184 -0.12110165 -0.15971819 -3.25578523 0.01195450 0.48346855 0.26351929
2391.47400666 1.00026284 0.00013183 -0.54689616 -0.17192790 -5.79288735 0.01470744 0.56196791 0.22348022
2391.47442420 1.00004281 0.00013181 -0.22678381 -0.11453880 -8.30413756 0.02109181 0.41526048 0.22348022
2391.47484174 1.00016015 0.00013183 0.15387291 -0.03936523 -10.70468259 0.02565167 0.59116299 0.20352173
2391.47525928 1.00018657 0.00013182 -0.25666955 0.07554978 -13.07656400 0.02338552 0.33713403 0.24349976
2391.47567681 1.00011744 0.00013182 -0.56083423 -0.06788878 -15.36648658 0.02881286 0.40721641 0.22348022
2391.47609436 0.99986480 0.00013181 0.35982686 0.26102123 -17.60541931 0.03314908 0.29531829 0.24349976
2391.47651189 1.00014750 0.00013183 0.08000876 0.10085844 -19.79020686 0.03294728 0.38604034 0.20352173
2391.47692943 1.00039570 0.00013184 -0.36930788 -0.29262286 -21.90539276 0.03418712 0.31683054 0.18356323
2391.47734697 0.99989314 0.00013181 -0.40465549 -0.35651013 -23.99226978 0.03973314 0.19577253 0.22348022
2391.47776451 0.99990775 0.00013181 -0.27220497 0.05537125 -25.99469705 0.03863511 0.16302407 0.22348022
2391.47818205 0.99992638 0.00013182 -0.38654369 0.22675194 -27.97822715 0.04273046 0.18363910 0.20352173
2391.47859959 1.00010254 0.00013183 0.55222917 -0.25058997 -29.89399304 0.05260108 0.05618626 0.22348022
2391.47901713 0.99991748 0.00013182 -0.55676359 -0.02489825 -31.78152297 0.05096393 0.13845183 0.22348022
2391.47943467 1.00030588 0.00013185 -0.38762575 -0.01166251 -33.62473389 0.05065898 0.26908301 0.22348022
2391.47985220 1.00012767 0.00013184 -0.09327700 0.02783953 -35.42875235 0.05295864 0.12400526 0.24349976
2391.48026975 0.99983595 0.00013183 -0.39769933 -0.11823250 -37.20824827 0.05813054 0.24900660 0.24349976
2391.48068728 0.99985182 0.00013183 0.41660976 -0.32401928 -38.94117343 0.06106059 0.31169387 0.22348022
2391.48110482 0.99979567 0.00013183 -0.25535560 0.38582030 -40.66219008 0.06619373 0.16874629 0.20352173
2391.48152236 0.99992375 0.00013184 -0.18625772 -0.17613462 -42.33953412 0.06658381 0.19972246 0.22348022
2391.48193990 0.99991955 0.00013185 0.19620246 -0.38253704 -44.00544345 0.07071462 0.35311556 0.22348022
2391.48235744 0.99817361 0.00013174 0.03216581 0.23506276 -45.64358690 0.08349895 0.26630927 0.24349976
2391.48277497 1.00007424 0.00013186 0.01781551 0.36143506 -47.26566605 0.08381702 0.16490247 0.24349976
2391.48319252 0.99980626 0.00013185 -0.48318282 -0.09070078 -48.87283558 0.08716039 0.40149957 0.22348022
2391.48361006 1.00033766 0.00013188 0.45471409 -0.60679227 -50.46225062 0.08412046 0.25268956 0.24349976
2391.48402759 1.00015935 0.00013188 0.07977689 0.04480317 -52.04553870 0.08327555 0.52850029 0.22348022
2391.48444513 1.00004892 0.00013187 -0.70188975 0.17671603 -53.61312490 0.08582257 0.52495733 0.24349976
2391.48486267 1.00018550 0.00013188 -0.36637083 -0.19829680 -55.17841609 0.09015841 0.39414338 0.24349976
2391.48528021 1.00024136 0.00013190 0.07189324 -0.12815076 -56.73615795 0.09948300 0.55705957 0.22348022
2391.48569775 1.00036068 0.00013191 -0.09773409 -0.09340265 -58.29298109 0.10990950 0.36251783 0.24349976
2391.48611529 1.00026878 0.00013194 -0.07694290 -0.40329698 -59.84848964 0.15442609 0.35404701 0.24349976
2391.48653283 1.00043984 0.00013223 -0.48779452 -0.02681350 -61.40732728 0.47676131 0.40905944 0.22348022
