# time-2457000 flux       flux_err   x_off      y_off      roll       bg         contam     deltaT    
2425.79805017 0.99979224 0.00013183 0.58650529 -1.00000000 82.20556113 0.07491949 0.52933143 -0.16156006
2425.79846770 0.99972014 0.00013183 -0.23176524 0.20540278 80.52339990 0.07478079 0.64238267 -0.17129517
2425.79888522 0.99972880 0.00013183 -0.23007353 -0.17078364 78.85245692 0.07391269 0.49302228 -0.19079590
2425.79930276 0.99943634 0.00013181 0.34673694 0.24482843 77.19047479 0.07284669 0.70187182 -0.17129517
2425.79972028 0.99958783 0.00013182 0.57772142 -0.34734729 75.53541415 0.07301552 0.56476958 -0.19079590
2425.80013781 0.99980967 0.00013183 0.47117573 0.26855683 73.88508478 0.06312545 0.52152554 -0.19079590
2425.80055533 0.99961767 0.00013181 0.38073394 0.52506691 72.23752940 0.06025868 0.53278963 -0.19079590
2425.80097286 0.99994888 0.00013183 0.09073459 -0.57526159 70.59071844 0.04848280 0.65690331 -0.19079590
2425.80139039 0.99977132 0.00013182 -0.00325330 0.24671453 68.94223937 0.04801979 0.63638818 -0.19079590
2425.80180791 0.99999987 0.00013183 -0.07420782 -0.06315405 67.29073796 0.04332902 0.50046798 -0.19079590
2425.80222543 0.99965075 0.00013181 -0.00162665 -0.10458749 65.63298465 0.04681374 0.58141270 -0.21023560
2425.80264296 0.99988304 0.00013183 0.00771033 0.23302507 63.96755225 0.04333462 0.72054468 -0.21023560
2425.80306048 1.00002684 0.00013183 0.09782679 -0.30281091 62.29258410 0.04090626 0.63753162 -0.19079590
2425.80347801 0.99984124 0.00013182 0.20700762 0.27695304 60.60579199 0.03774600 0.75029308 -0.18106079
2425.80389553 1.00009184 0.00013183 0.06708309 -0.12928936 58.90440113 0.03575033 0.63414632 -0.19079590
2425.80431306 1.00000325 0.00013183 -0.19825622 0.18946216 57.18701120 0.03112786 0.65828887 -0.19079590
2425.80473058 0.99991366 0.00013182 0.58422798 -0.01040399 55.45118797 0.02966224 0.59657460 -0.19079590
2425.80514811 0.99969840 0.00013181 0.31147113 0.06546605 53.69485103 0.02411509 0.71481198 -0.20050049
2425.80556563 0.99993264 0.00013182 0.08692823 0.28577513 51.91527879 0.02331446 0.74313642 -0.19079590
2425.80598316 1.00013095 0.00013183 0.63231182 0.14005841 50.11097218 0.01901942 0.73168145 -0.19079590
2425.80640068 0.99992429 0.00013181 -0.31293514 -0.27494523 48.27906192 0.01346333 0.61331722 -0.19079590
2425.80681821 0.99998515 0.00013182 0.03799857 -0.24920905 46.41752744 0.01153438 0.75479637 -0.17129517
2425.80723573 0.99999175 0.00013182 0.14236450 0.38482600 44.52396873 0.01161827 0.81521059 -0.15179443
2425.80765326 1.00025907 0.00013183 0.40214068 0.06455342 42.59649734 0.00475853 0.74839763 -0.17129517
2425.80807078 1.00010800 0.00013182 -0.11578503 -0.43836701 40.63254809 0.00892196 0.63660458 -0.19079590
2425.80848831 0.99990063 0.00013182 0.00875138 -0.01521051 38.62986606 0.01217641 0.80705866 -0.17129517
2425.80890584 1.00070551 0.00013187 0.32058039 0.13598199 36.58672383 0.01256829 0.85983790 -0.19079590
2425.80932336 1.00015939 0.00013183 0.24477845 0.32039425 34.50074936 0.00520294 0.79824709 -0.19079590
2425.80974089 0.99997915 0.00013182 0.39293382 0.01733999 32.37010824 0.00800813 0.78233472 -0.19079590
2425.81015841 0.99999396 0.00013182 0.82363850 0.19998783 30.19307564 0.00599731 0.85136666 -0.19079590
2425.81057594 1.00041688 0.00013185 -0.09024660 0.00279873 27.96784514 0.00636644 0.81837424 -0.17129517
2425.81099346 1.00025731 0.00013183 0.33479732 0.09959844 25.69356324 0.00745799 0.70214202 -0.19079590
2425.81141099 1.00023011 0.00013184 -0.00367623 0.16634217 23.36814764 0.00372907 0.88051127 -0.19079590
2425.81182852 1.00043558 0.00013185 0.06542391 0.16372597 20.99164311 0.00158110 0.91993553 -0.19079590
2425.81224604 1.00018483 0.00013183 -0.10244648 -0.01247262 18.56354779 0.00345342 0.79767985 -0.17129517
2425.81266357 1.00034188 0.00013184 -0.16933438 0.02792650 16.08344220 0.00538994 0.68773722 -0.19079590
2425.81308109 1.00028705 0.00013184 0.49824321 0.11766853 13.55188583 0.00594494 0.87579849 -0.17129517
2425.81349862 1.00005350 0.00013182 -0.27021927 0.16999270 10.97002489 0.00995342 0.76425071 -0.19079590
2425.81391614 0.99987620 0.00013181 0.37975794 0.14200535 8.33916636 0.00696946 0.84400489 -0.17129517
2425.81433367 1.00024182 0.00013184 0.43174571 0.11748601 5.66166946 0.01537421 0.76824462 -0.19079590
2425.81475119 1.00007460 0.00013183 -0.17584097 0.06400584 2.93989223 0.01778999 0.69407289 -0.19079590
2425.81516872 1.00005835 0.00013183 0.53494048 0.09923339 0.17740273 0.02571301 0.70571579 -0.17129517
2425.81558625 0.99984001 0.00013181 0.28261435 -0.03370650 -2.62168182 0.03311162 0.45160306 -0.19079590
2425.81600377 0.99979993 0.00013182 -0.14594314 0.06881236 -5.45319472 0.04095624 0.51986244 -0.19079590
2425.81642130 0.99994484 0.00013182 -0.01603878 -0.39322218 -8.31194782 0.04729148 0.41911016 -0.19079590
2425.81683882 0.99997108 0.00013183 0.33356106 0.07167194 -11.19237393 0.04618337 0.60603797 -0.19079590
2425.81725634 1.00003408 0.00013183 -0.09109246 0.28705281 -14.08837945 0.05084053 0.31068448 -0.17129517
2425.81767387 0.99992334 0.00013182 0.23466069 0.72639328 -16.99383330 0.06048203 0.21153316 -0.17129517
2425.81809139 0.99991806 0.00013183 0.28583512 0.10446580 -19.90200701 0.07006905 0.13583441 -0.19079590
2425.81850892 1.00001818 0.00013183 0.11145813 -0.45114383 -22.80697311 0.07327387 0.03581934 -0.19079590
2425.81892644 0.99972349 0.00013181 0.02108140 0.46884885 -25.70207474 0.07580707 0.10161096 -0.17129517
2425.81934397 0.99960490 0.00013181 0.08617997 -0.14675103 -28.58087627 0.07412074 0.26648714 -0.17129517
2425.81976149 0.99960601 0.00013181 0.06854708 0.29179850 -31.43755287 0.07531175 0.21392978 -0.17129517
2425.82017902 0.99956382 0.00013181 -0.00237491 0.18648089 -34.26705738 0.08047955 0.13687479 -0.17129517
2425.82059654 0.99929256 0.00013180 0.34341857 -0.32002920 -37.06380650 0.07758936 0.39663731 -0.15179443
2425.82101407 0.99973445 0.00013182 0.08575705 0.50602335 -39.82319506 0.08640643 0.23922777 -0.19079590
2425.82143159 0.99982973 0.00013183 0.23374976 0.10994159 -42.54170450 0.08057578 0.26883505 -0.15179443
2425.82184912 0.99886643 0.00013177 0.50396901 -0.28388903 -45.21598111 0.08349270 0.27052640 -0.17129517
2425.82226665 0.99980822 0.00013183 0.41300669 0.50310296 -47.84308304 0.07161597 0.38682588 -0.19079590
2425.82268417 0.99986542 0.00013183 0.54476541 -0.18800195 -50.42141355 0.06420326 0.44248506 -0.15179443
2425.82310170 0.99976912 0.00013181 0.25844231 0.53644437 -52.94904346 0.05432634 0.27886184 -0.17129517
2425.82351922 1.00000852 0.00013182 -0.28147569 0.03851302 -55.42535100 0.04286420 0.35507195 -0.15179443
2425.82393675 0.99995747 0.00013182 0.25440821 0.16810660 -57.85003505 0.03711492 0.41905428 -0.17129517
2425.82435427 0.99991778 0.00013182 -0.20837399 0.18502069 -60.22264637 0.03759044 0.38972991 -0.17129517
2425.82477180 0.99975699 0.00013181 -0.10114516 -0.01295936 -62.54409039 0.03544667 0.36251420 -0.16156006
2425.82518932 0.99976911 0.00013181 0.55439520 0.12490874 -64.81523120 0.02827095 0.54277167 -0.17129517
2425.82560685 0.99988893 0.00013181 0.25691327 -0.03121197 -67.03690176 0.02866734 0.34979709 -0.17129517
2425.82602438 0.99982317 0.00013181 -0.14031492 -0.12369189 -69.21065145 0.02349634 0.46530515 -0.17129517
2425.82644190 0.99981856 0.00013181 0.41626000 0.31345826 -71.33806080 0.01813869 0.50845126 -0.17129517
2425.82685943 1.00002402 0.00013182 0.01063830 -0.24160379 -73.42110112 0.01800856 0.40179513 -0.13226318
2425.82727695 0.99983863 0.00013181 0.38294619 0.25936967 -75.46149122 0.01725271 0.55459562 -0.15179443
2425.82769448 0.99998434 0.00013182 0.12190123 0.08907276 -77.46158618 0.01495599 0.53486588 -0.15179443
2425.82811200 1.00022340 0.00013183 -0.05839677 0.04447554 -79.42308383 0.01154884 0.42999830 -0.17129517
2425.82852953 1.00003198 0.00013181 -0.01031297 0.02950840 -81.34880603 0.01163948 0.46486476 -0.15179443
2425.82894705 1.00017375 0.00013182 0.72935778 0.04155512 -83.24005201 0.00826926 0.53474619 -0.15179443
2425.82936458 1.00007560 0.00013182 -0.37299109 0.49574107 -85.09988731 0.00661301 0.64518611 -0.15179443
2425.82978211 0.99999014 0.00013181 0.48747480 0.52652711 -86.93020750 0.00733797 0.46117380 -0.15179443
2425.83019963 0.99989956 0.00013181 0.53393197 -0.33901194 -88.73354092 0.01511743 0.63383739 -0.15179443
2425.83061716 1.00037201 0.00013184 -0.10134036 0.24531516 -90.51167334 0.01527581 0.49936575 -0.15179443
2425.83103468 1.00012569 0.00013182 0.26960114 0.27068630 -92.26722104 0.01296775 0.32096571 -0.15179443
2425.83145221 1.00026756 0.00013183 -0.28768951 -0.04989048 -94.00242640 0.01833369 0.50590494 -0.15179443
2425.83186973 1.00026257 0.00013184 0.46509206 -0.21398151 -95.71929276 0.01954661 0.61701909 -0.15179443
2425.83228726 1.00021443 0.00013184 0.44970396 0.11182769 -97.42038150 0.02252096 0.64016405 -0.11270142
2425.83270478 1.00021041 0.00013184 0.48965451 -0.04636164 -99.10737652 0.02417482 0.56209874 -0.15179443
2425.83312231 0.99995875 0.00013182 -0.33626130 0.14662935 -100.78259748 0.02315956 0.52110793 -0.15179443
2425.83353983 1.00020317 0.00013183 0.22281866 -0.33353615 -102.44852380 0.01685733 0.42750761 -0.13226318
2425.83395736 1.00014716 0.00013183 -0.00657167 -0.43009248 -104.10682507 0.01973409 0.57520551 -0.14202881
2425.83437488 1.00038639 0.00013185 -0.05501334 0.01198588 -105.75965604 0.01941794 0.59315466 -0.14202881
2425.83479240 1.00029290 0.00013184 -0.04772594 0.07818204 -107.40929436 0.02452322 0.40882633 -0.11270142
2425.83520993 0.99994388 0.00013182 0.55670506 0.34424433 -109.05753505 0.02442378 0.49123256 -0.13226318
2425.83562745 1.00005495 0.00013182 -0.06831934 0.04064249 -110.70688314 0.02684149 0.43246361 -0.13226318
2425.83604498 1.00018528 0.00013183 0.05611946 0.03979070 -112.35922933 0.02397673 0.38460774 -0.13226318
2425.83646250 1.00017592 0.00013183 0.16399896 0.04398881 -114.01644154 0.02140511 0.39130948 -0.13226318
2425.83688003 0.99987467 0.00013181 0.12365802 -0.03601849 -115.68079236 0.02535410 0.43215465 -0.13226318
2425.83729756 1.00017455 0.00013183 0.02222005 0.02074714 -117.35465959 0.02035081 0.35597568 -0.13226318
2425.83771508 0.99997092 0.00013181 0.21279849 0.18465564 -119.03973872 0.02107563 0.43278954 -0.13226318
2425.83813261 1.00016844 0.00013182 0.27428591 0.28553176 -120.73850036 0.02332141 0.26332202 -0.13226318
2425.83855013 1.00002707 0.00013182 -0.02439976 -0.21951813 -122.45297533 0.02887340 0.36432257 -0.13226318
2425.83896766 0.99995009 0.00013182 0.67759776 -0.04520565 -124.18529166 0.03370004 0.49804661 -0.11270142
2425.83938518 1.00028531 0.00013185 0.27770185 0.00024337 -125.93767209 0.05126448 0.33977458 -0.13226318
2425.83980271 1.00023783 0.00013185 0.34084848 0.06656121 -127.71237033 0.06653141 0.41918327 -0.09313965
2425.84022023 1.00014835 0.00013187 0.24497364 0.42005354 -129.51145333 0.12059005 0.25574649 -0.11270142
2425.84063776 1.00041523 0.00013200 0.00032533 -0.46124360 -131.33772140 0.35294990 0.49868943 -0.09313965
2425.84105529 1.00000000 0.00013203 -0.25945085 0.14711608 -133.19293648 0.48270170 0.43101744 -0.11270142
2425.84147281 1.00069025 0.00013217 0.15716702 0.37350938 -135.07930104 0.70489708 0.12487359 -0.11270142
2425.84189034 1.00031091 0.00013209 0.13166113 -0.54909956 -136.99924138 0.56743634 0.20466847 -0.09310913
2425.86777691 0.99978347 0.00013183 0.43246144 0.15520808 77.97714111 0.07253788 0.55598738 -0.03424072
2425.86819444 0.99901462 0.00013183 1.00000000 0.18435143 76.31727227 0.17452551 0.57528379 -0.01455688
2425.86861196 0.99963320 0.00013182 0.01525799 0.41816744 74.66584657 0.06534801 0.61711225 -0.01455688
2425.86902949 0.99993208 0.00013183 0.74185050 0.36979800 73.01607883 0.05635619 0.49325507 -0.05389404
2425.86944701 0.99965569 0.00013182 0.11288958 0.01423704 71.36953445 0.05404183 0.67503221 -0.05389404
2425.86986454 0.99975747 0.00013182 -0.20970786 -0.08049404 69.72200621 0.04994663 0.50462737 -0.03424072
2425.87028206 0.99982339 0.00013182 0.59665561 0.37819421 68.07229769 0.04606043 0.68529205 -0.05389404
2425.87069959 0.99998194 0.00013183 -0.43994403 -0.25955221 66.41729908 0.04117554 0.52984437 -0.03424072
2425.87111711 1.00001756 0.00013183 0.16608107 0.03778291 64.75782005 0.04253514 0.62940339 -0.05389404
2425.87153463 1.00013107 0.00013184 -0.02342378 0.01782672 63.08586389 0.04269094 0.58654120 -0.03424072
2425.87195216 0.99993357 0.00013183 -0.07235344 -0.20941836 61.41014570 0.04094705 0.57020761 -0.05389404
2425.87236968 1.00002547 0.00013183 0.65824062 0.24659285 59.71143100 0.03343234 0.63383472 -0.05389404
2425.87278721 0.99979793 0.00013181 -0.36046588 -0.13044536 58.00603480 0.03273056 0.52653323 -0.03424072
2425.87320474 0.99987161 0.00013182 0.20144446 0.25632757 56.27761213 0.03057676 0.82776611 -0.05389404
2425.87362226 0.99989457 0.00013182 0.51213479 -0.11535653 54.53270739 0.02812168 0.64977028 -0.05389404
2425.87403979 0.99979424 0.00013181 0.25531915 0.40630323 52.76740429 0.02255852 0.76462177 -0.07351685
2425.87445731 0.99990012 0.00013182 0.64600819 0.36955464 50.97256289 0.01842302 0.69406178 -0.00473022
2425.87487484 1.00016083 0.00013183 -0.05218296 -0.40800682 49.16336119 0.01423814 0.64238088 -0.03424072
2425.87529236 0.99997444 0.00013183 0.31098315 -0.44773668 47.30864190 0.01289716 0.92264499 -0.03424072
2425.87570989 1.00005030 0.00013182 0.64090049 -0.35762960 45.44151080 0.01081786 0.64229912 -0.05389404
2425.87612741 0.99971485 0.00013180 0.67336845 -0.08244098 43.52348205 0.01074725 0.77738188 -0.05389404
2425.87654494 1.00027890 0.00013183 0.28658339 -0.26782674 41.58257617 0.00848887 0.62169310 -0.03424072
2425.87696246 0.99982132 0.00013180 -1.00000000 0.73381603 39.59945909 0.00557872 0.63518659 -0.03424072
2425.87737999 1.00018044 0.00013183 0.19916715 0.01521051 37.57502787 0.00901805 0.82410289 -0.03424072
2425.87779752 0.99993575 0.00013182 -0.06613963 0.52646631 35.52032315 0.01066733 1.00000000 -0.05389404
2425.87821504 1.00007436 0.00013183 0.14324290 0.29830858 33.40267303 0.00551085 0.91036842 -0.05389404
2425.87863257 1.00032179 0.00013184 0.60404062 0.22268192 31.26713008 0.00623910 0.74336126 -0.03424072
2425.87905009 1.00010484 0.00013183 0.07990110 -0.03133366 29.05048652 0.00337541 0.85434555 -0.03424072
2425.87946762 0.99978074 0.00013181 0.22776368 -0.07915551 26.81135356 0.00867265 0.85701114 -0.03424072
2425.87988514 0.99997908 0.00013182 0.28596526 0.16457775 24.50649899 0.00584669 0.93006894 -0.03424072
2425.88030267 1.00013273 0.00013183 -0.21084651 0.24458505 22.15784186 0.01013381 0.89443981 -0.05389404
2425.88072019 1.00043413 0.00013184 0.09580975 -0.37241420 19.76189074 0.00435236 0.66873987 -0.05389404
2425.88113772 0.99995496 0.00013182 -0.15280759 0.23418106 17.30097109 0.00498423 0.81142322 -0.03424072
2425.88155524 1.00035839 0.00013184 0.06526124 0.12350937 14.81309659 0.00823592 0.77691119 -0.05389404
2425.88197277 0.99991886 0.00013181 0.30187389 0.14802872 12.24089908 0.00782894 0.73030518 -0.05389404
2425.88239029 1.00024811 0.00013183 -0.06903507 0.18757606 9.64910190 0.01052531 0.68647986 -0.05389404
2425.88280782 1.00012637 0.00013183 0.60491902 0.13020200 6.98531954 0.00741996 0.69105037 -0.05389404
2425.88322534 1.00016645 0.00013183 -0.20502310 0.27877828 4.29166746 0.01484367 0.79502435 -0.05389404
2425.88364287 1.00004824 0.00013182 0.26530680 -0.01825262 1.54999458 0.02003645 0.57030522 -0.03424072
2425.88406039 0.99995834 0.00013182 0.40087187 -0.25018254 -1.23196168 0.02518968 0.72068107 -0.03424072
2425.88447792 1.00009566 0.00013183 0.17349860 0.45096129 -4.03964717 0.03096425 0.63522503 -0.05389404
2425.88489544 0.99999136 0.00013183 -0.21331902 -0.37411779 -6.89050119 0.04355073 0.50521403 -0.03424072
2425.88531297 1.00014359 0.00013184 0.11838766 -0.04715259 -9.75190379 0.04678515 0.34051999 -0.03424072
2425.88573049 0.99976097 0.00013182 0.46362808 0.22450718 -12.64549809 0.05170569 0.52106946 -0.05389404
2425.88614802 0.99996808 0.00013183 -0.09219858 0.53096861 -15.54328676 0.05470032 0.35231840 -0.03424072
2425.88656554 0.99995883 0.00013183 0.01255775 0.44791919 -18.45160422 0.06050069 0.34844680 -0.03424072
2425.88698307 0.99978240 0.00013182 0.38005075 -0.18672426 -21.35677579 0.06877367 0.32871441 -0.05389404
2425.88740059 1.00007677 0.00013184 0.24367233 -0.20327330 -24.25904246 0.07686494 0.12648719 -0.05389404
2425.88781812 0.99980892 0.00013182 -0.27910078 0.39608178 -27.14264773 0.07127091 0.26413319 -0.05389404
2425.88823564 0.99984812 0.00013183 0.48438415 -0.19785836 -30.01972563 0.07237928 0.30567144 -0.03424072
2425.88865317 1.00002304 0.00013184 -0.15693930 0.16615964 -32.85413294 0.07460784 0.24871537 -0.03424072
2425.88907069 0.99972945 0.00013182 0.05979569 -0.03255050 -35.67555011 0.07617609 0.14088583 -0.03424072
2425.88948822 0.99964527 0.00013182 0.42371008 -0.30183744 -38.44828104 0.08410535 0.30103975 -0.03424072
2425.88990574 0.99932098 0.00013180 -0.01756783 0.56564856 -41.19058292 0.08540095 0.20637777 -0.05389404
2425.89032327 0.99973994 0.00013182 0.14405622 -0.50462401 -43.89028138 0.07645706 0.26145360 -0.03424072
2425.89074079 0.99980692 0.00013183 0.76302946 0.61432225 -46.53695287 0.07375996 0.33737481 -0.05389404
2425.89115832 0.99987178 0.00013183 0.13732187 0.11657338 -49.15421834 0.07060733 0.24970971 -0.05389404
2425.89157584 1.00006723 0.00013183 0.91918796 0.05128985 -51.69458041 0.05816379 0.28152069 -0.05389404
2425.89199337 1.00001792 0.00013183 -0.20499057 0.35446581 -54.21469274 0.04483766 0.36224506 -0.01455688
2425.89241091 0.99991576 0.00013182 -0.08647277 0.18009248 -56.65185908 0.04368350 0.35625017 -0.05389404
2425.89282843 0.99995944 0.00013182 0.29234174 0.18106595 -59.05961656 0.04032463 0.39446965 -0.05389404
2425.89324595 1.00024888 0.00013184 -0.46915871 0.15429544 -61.40506547 0.03388988 0.39860098 -0.03424072
2425.89366348 1.00001082 0.00013183 0.49251741 -0.06546605 -63.70159686 0.03580859 0.57260639 -0.05389404
2425.89408100 0.99982920 0.00013181 0.31735963 0.13160136 -65.95746062 0.03128623 0.34523304 -0.03424072
2425.89449853 0.99987695 0.00013181 -0.15755743 -0.02725724 -68.14703953 0.02641564 0.52530914 -0.01455688
2425.89491605 1.00008512 0.00013182 0.16016006 0.13598199 -70.31703381 0.02271132 0.33618242 -0.03424072
2425.89533358 0.99986991 0.00013181 0.27542457 0.05725237 -72.40642779 0.01682042 0.47390405 -0.01455688
2425.89575110 1.00026562 0.00013183 0.28030452 -0.07240205 -74.47893449 0.01841449 0.45942609 -0.05389404
2425.89616863 1.00012425 0.00013182 0.30346802 0.20893161 -76.49359447 0.01280994 0.35950415 -0.02441406
2425.89658615 1.00013974 0.00013182 0.04177240 0.09765150 -78.47757613 0.01086131 0.55534972 -0.01455688
2425.89700368 1.00002524 0.00013181 -0.24038649 -0.07088099 -80.42411653 0.01087226 0.41195891 -0.02441406
2425.89742121 1.00024111 0.00013183 0.47569785 0.14754198 -82.32955072 0.01029668 0.51184992 -0.03424072
2425.89783873 1.00003484 0.00013181 -0.01688464 0.05542711 -84.21524077 0.00720788 0.48691106 -0.01455688
2425.89825626 1.00012140 0.00013182 -0.04564383 0.55220246 -86.05194161 0.00735732 0.41305609 -0.03424072
2425.89867378 0.99998965 0.00013181 0.98194414 -0.05579216 -87.87735787 0.01178343 0.51775816 -0.01455688
2425.89909131 1.00014621 0.00013182 -0.05293123 0.02573619 -89.66234131 0.01343020 0.39033843 -0.01455688
2425.89950883 1.00030098 0.00013183 0.13260460 0.38841566 -91.43304849 0.01235887 0.52353299 -0.01455688
2425.89992636 1.00034699 0.00013184 -0.43177825 -0.07045510 -93.17770869 0.01534527 0.54723817 -0.03424072
2425.90034388 1.00029275 0.00013183 0.44137549 0.25705767 -94.90361098 0.01724609 0.42556453 -0.03424072
2425.90076141 1.00008561 0.00013183 0.53084129 -0.27841324 -96.61593294 0.01854370 0.61040134 -0.03424072
2425.90117893 1.00011671 0.00013183 0.40262866 0.44609395 -98.30717840 0.02050983 0.53815599 -0.03424072
2425.90159646 1.00023646 0.00013183 0.22610450 -0.44737163 -99.99275896 0.02259958 0.38278436 -0.02441406
2425.90201398 1.00028593 0.00013183 -0.14519487 -0.07550499 -101.65978353 0.02193496 0.41938909 -0.01455688
2425.90243151 1.00021031 0.00013184 0.04378945 -0.15648577 -103.32357727 0.02616854 0.55884134 -0.01455688
2425.90284903 1.00004283 0.00013182 0.03194743 -0.25535411 -104.97794164 0.02185033 0.48365165 -0.01455688
2425.90326656 1.00009146 0.00013182 -0.00907671 0.06723047 -106.62953759 0.02129109 0.37519007 -0.03424072
2425.90368408 0.99998142 0.00013181 0.09649294 0.22329034 -108.27812228 0.02395046 0.37022236 -0.03424072
2425.90410161 1.00003674 0.00013182 0.44784957 0.35677782 -109.92731447 0.02634217 0.55484642 -0.01455688
2425.90451914 1.00024811 0.00013184 -0.11044960 -0.20260404 -111.57674713 0.02902598 0.50465648 -0.03424072
2425.90493666 1.00016346 0.00013182 0.12632573 0.06114626 -113.23271683 0.02213021 0.27177960 -0.03424072
2425.90535419 1.00007853 0.00013182 0.35213742 -0.19895351 -114.89143182 0.02110244 0.41680779 -0.03424072
2425.90577171 0.99999747 0.00013181 -0.39238077 0.36194938 -116.56196556 0.01886253 0.40697199 0.00515747
2425.90618924 1.00003271 0.00013182 0.29331771 -0.27859578 -118.24044453 0.02027346 0.39389264 -0.03424072
2425.90660676 1.00003355 0.00013181 0.35578111 0.33238015 -119.93148233 0.02232982 0.25420486 0.00515747
2425.90702429 1.00026299 0.00013183 0.07677793 0.17412996 -121.63918507 0.02576535 0.33464252 -0.01455688
2425.90744181 1.00021694 0.00013184 0.21712539 -0.23448528 -123.35739973 0.03293265 0.47667846 -0.01455688
2425.90785934 1.00033023 0.00013185 0.55328912 -0.02099051 -125.10435957 0.03953553 0.42989335 -0.01455688
2425.90827686 1.00003911 0.00013183 0.17649163 0.24744463 -126.85948191 0.05958814 0.35621785 -0.01455688
2425.90869439 1.00008658 0.00013185 0.42003384 0.46239960 -128.65327246 0.09854941 0.31315612 -0.01455688
2425.90911191 1.00023125 0.00013195 -0.04193506 -0.27263325 -130.46099896 0.26937735 0.45812018 0.00515747
2425.90952944 1.00009164 0.00013203 -0.04073134 -0.16713312 -132.30295415 0.46080873 0.31467937 0.00515747
2425.90994696 1.00014451 0.00013217 -0.03354155 0.57191533 -134.17355898 0.76992714 0.38182220 0.00515747
2425.91036449 1.00028033 0.00013229 0.41645521 -0.29733512 -136.07110929 1.00000000 0.47701725 0.02487183
2425.93666856 0.99947204 0.00013181 0.63855815 0.44651982 77.10124729 0.07182976 0.57371049 0.06439209
2425.93708609 0.99989238 0.00013183 0.67284793 0.23284253 75.44488762 0.06507350 0.58992015 0.06439209
2425.93750361 0.99962231 0.00013181 0.46300995 0.40417376 73.79589744 0.06506794 0.52973213 0.04461670
2425.93792114 0.99981267 0.00013182 0.25148025 0.62527376 72.14815113 0.05418939 0.50074588 0.04461670
2425.93833867 0.99990604 0.00013183 0.08927061 -0.50912631 70.50172226 0.04531442 0.65152089 0.04461670
2425.93875619 0.99984520 0.00013182 0.12954649 0.30956438 68.85377448 0.03785442 0.64619947 0.04461670
2425.93917373 0.99975603 0.00013181 -0.20863426 -0.14772451 67.20252908 0.04267905 0.47488883 0.04461670
2425.93959125 0.99974134 0.00013181 0.06659509 -0.03601849 65.54505069 0.04447701 0.59062749 0.04461670
2425.94000877 0.99974054 0.00013182 0.07781899 0.31972501 63.88249844 0.04262316 0.70314848 0.02487183
2425.94042630 1.00000250 0.00013183 0.05019845 -0.31412753 62.20597019 0.03834301 0.61659636 0.02487183
2425.94084383 0.99991355 0.00013183 0.32441929 0.21957897 60.52538853 0.04157149 0.74795494 0.02487183
2425.94126135 1.00014505 0.00013184 0.01766543 0.03121197 58.82001609 0.03521717 0.53686949 0.04461670
2425.94167887 1.00010021 0.00013184 -0.15700436 0.08724751 57.10742669 0.03475066 0.65209093 0.02487183
2425.94209640 1.00004810 0.00013183 0.55058885 0.02385009 55.37040319 0.03123238 0.60093772 0.04461670
2425.94251392 0.99963580 0.00013180 0.30369574 0.17461669 53.61585446 0.02928992 0.71671754 0.02487183
2425.94293145 0.99989962 0.00013182 0.23869477 0.26782674 51.84023040 0.02305673 0.82493917 0.04461670
2425.94334897 0.99992484 0.00013182 0.52937734 0.01472378 50.03363289 0.01904421 0.61222499 0.02487183
2425.94376650 0.99998435 0.00013182 -0.38333657 0.00943052 48.21245797 0.01177877 0.63484603 0.02487183
2425.94418402 1.00001170 0.00013182 0.15349080 -0.22694086 46.34347517 0.00985233 0.70451512 0.01501465
2425.94460155 0.99993689 0.00013182 0.05875463 0.27914333 44.46158160 0.00975107 0.80303095 0.04461670
2425.94501907 1.00008994 0.00013182 0.28251675 -0.08031151 42.52759081 0.00928279 0.69429730 0.04461670
2425.94543660 1.00009417 0.00013183 -0.27640054 0.00815284 40.56966966 0.01032369 0.73425901 0.01501465
2425.94585412 1.00016127 0.00013183 0.12909102 -0.11596496 38.56893736 0.01284720 0.79347075 0.03475952
2425.94627165 1.00018872 0.00013184 0.32952696 0.09430519 36.52521962 0.01120853 0.86669623 0.01501465
2425.94668917 1.00026912 0.00013184 0.26582733 0.29058164 34.45093409 0.00961758 0.79900121 0.02487183
2425.94710670 1.00015564 0.00013183 0.49697444 -0.10355318 32.31208787 0.00856287 0.73047999 0.02487183
2425.94752422 1.00003041 0.00013183 0.79354542 0.10111950 30.15508103 0.00813949 0.89916598 0.02487183
2425.94794175 1.00013139 0.00013183 -0.09047433 0.03273303 27.91604431 0.00816586 0.81544274 0.02487183
2425.94835927 1.00112690 0.00013189 0.42481619 0.00042589 25.65366767 0.00622448 0.70586410 0.02487183
2425.94877680 1.00004215 0.00013183 -0.04414731 0.27695304 23.32532102 0.00723888 0.95268866 0.01501465
2425.94919432 1.00029185 0.00013184 0.00858872 0.14705524 20.95232080 0.00251041 0.85089350 0.03475952
2425.94961185 1.00021322 0.00013183 -0.07798165 0.05402774 18.53232054 0.00783654 0.79809639 0.02487183
2425.95002937 1.00018446 0.00013183 -0.20863426 0.09241908 16.04672430 0.00556407 0.77435347 0.04461670
2425.95044690 1.00024899 0.00013184 0.51665694 0.11018496 13.53472824 0.00836259 0.87286335 0.02487183
2425.95086442 0.99999573 0.00013182 -0.18647927 0.12174495 10.93875125 0.01029732 0.74840434 0.01501465
2425.95128195 1.00012333 0.00013183 0.36518317 0.18660258 8.32343951 0.00950826 0.84318496 0.02487183
2425.95169947 1.00005806 0.00013183 0.35425207 0.20625456 5.63809266 0.01477670 0.72870646 0.02487183
2425.95211700 1.00005428 0.00013183 -0.22164747 0.00827452 2.92337313 0.01987639 0.69671774 0.02487183
2425.95253453 1.00003296 0.00013183 0.54961288 0.03522755 0.16298721 0.02622785 0.69351511 0.02487183
2425.95295205 1.00009910 0.00013183 0.35714751 0.01155999 -2.63633028 0.02980102 0.55781101 0.04461670
2425.95336958 0.99989914 0.00013182 -0.29826275 0.05573132 -5.45987806 0.03407918 0.48646329 0.02487183
2425.95378710 0.99972522 0.00013181 0.08383760 -0.28200293 -8.32328715 0.05161838 0.39481744 0.03475952
2425.95420463 0.99991677 0.00013182 0.23453055 0.01618399 -11.19617466 0.05158121 0.41475779 0.02487183
2425.95462215 1.00010525 0.00013183 0.00627887 0.42236555 -14.09612865 0.05376503 0.30820697 0.01501465
2425.95503968 0.99986985 0.00013182 0.31599322 0.66615963 -16.99893974 0.06214016 0.20850911 0.02487183
2425.95545720 0.99999817 0.00013183 0.13283232 0.07593089 -19.90845775 0.07161288 0.13724433 0.04461670
2425.95587473 0.99979411 0.00013182 0.13891600 -0.42473838 -22.81221329 0.07437722 0.02357136 0.02487183
2425.95629225 0.99976175 0.00013181 0.02475763 0.56157213 -25.71058480 0.07674215 0.00795092 0.02487183
2425.95670978 1.00005689 0.00013183 0.27405816 -0.22335118 -28.58634758 0.06914124 0.08599752 0.02487183
2425.95712730 0.99986541 0.00013182 -0.02963758 0.26514968 -31.45437573 0.07588247 0.13515390 0.02487183
2425.95754483 0.99990749 0.00013183 -0.02130913 0.04684838 -34.27514586 0.07870327 0.03439358 0.04461670
2425.95796235 0.99981119 0.00013183 0.35545579 -0.23375517 -37.08189061 0.08398778 0.22135393 0.04461670
2425.95837988 0.99967099 0.00013182 -0.04118681 0.56053782 -39.83752887 0.08529535 0.17800985 0.02487183
2425.95879740 0.99980318 0.00013183 0.39745593 -0.00127768 -42.56091906 0.08313231 0.40340948 0.02487183
2425.95921493 0.99962710 0.00013182 0.50048798 -0.24890484 -45.24059223 0.08214041 0.27118416 0.02487183
2425.95963245 0.99976769 0.00013182 0.18309584 0.61280119 -47.86522757 0.07100636 0.23110068 0.02487183
2425.96004998 0.99975242 0.00013181 0.77522933 -0.20236067 -50.46026973 0.05989587 0.28240028 0.02487183
2425.96046750 0.99992648 0.00013182 0.23433535 0.43356049 -52.97682013 0.04979284 0.32560831 0.02487183
2425.96088503 0.99995895 0.00013182 -0.34524041 0.17692870 -55.47292372 0.04452435 0.34896970 0.04461670
2425.96130255 1.00011042 0.00013183 0.32139373 0.09917255 -57.88635150 0.04374457 0.41216450 0.02487183
2425.96172008 1.00003784 0.00013183 -0.18146919 0.19895351 -60.26988247 0.04144222 0.39355744 0.02487183
2425.96213760 0.99986799 0.00013181 -0.29227665 -0.04697007 -62.59193855 0.03559648 0.38465773 0.04461670
2425.96255513 0.99988258 0.00013182 0.69353896 0.28893891 -64.86475006 0.03418995 0.49852795 0.04461670
2425.96297265 0.99994499 0.00013182 0.31000715 -0.19341689 -67.09777032 0.02899628 0.38983261 0.02487183
2425.96339018 0.99988060 0.00013181 -0.17489752 -0.01502799 -69.26491877 0.02673146 0.50047990 0.02487183
2425.96380770 1.00014857 0.00013182 0.31765240 0.29338038 -71.41296327 0.02158280 0.31327166 0.02487183
2425.96422523 1.00011337 0.00013182 -0.04714035 -0.12995863 -73.48198060 0.01813161 0.42389721 0.02487183
2425.96464275 0.99998204 0.00013182 0.40933046 0.23740569 -75.53414519 0.01585648 0.55071250 0.04461670
2425.96506028 1.00038769 0.00013184 0.16461709 0.13798977 -77.53036592 0.01828212 0.40316057 0.04461670
2425.96547780 1.00026028 0.00013183 -0.09860758 0.08122414 -79.49621451 0.01486927 0.40406189 0.02487183
2425.96589532 1.00011718 0.00013182 -0.01050817 0.01441957 -81.42603497 0.00877365 0.46862322 0.02487183
2425.96631285 1.00021183 0.00013183 0.62473160 0.07854709 -83.31546859 0.01053539 0.55983287 0.02487183
2425.96673037 1.00027492 0.00013183 -0.28902337 0.46112192 -85.18618589 0.00774424 0.51329566 0.04461670
2425.96714790 0.99997915 0.00013181 0.52387923 0.53218544 -87.00919314 0.01060211 0.46199183 0.02487183
2425.96756542 1.00013033 0.00013183 0.38167739 -0.27524945 -88.82134513 0.01539055 0.59064595 0.02487183
2425.96798295 1.00035560 0.00013184 0.03972282 0.16974933 -90.59469765 0.01382795 0.53115965 0.02487183
2425.96840047 1.00039525 0.00013184 0.03012558 0.33505720 -92.35431008 0.01305857 0.33658620 0.04461670
2425.96881800 1.00011794 0.00013182 -0.16227470 -0.17248723 -94.08961346 0.01521113 0.50627055 0.04461670
2425.96923552 1.00027705 0.00013184 0.36850151 -0.16287418 -95.80673820 0.01603647 0.54872277 0.04461670
2425.96965305 1.00009623 0.00013183 0.60397553 0.10659528 -97.51107937 0.02129251 0.55854200 0.02487183
2425.97007057 1.00015152 0.00013183 0.37393454 -0.04039912 -99.19572428 0.02474537 0.56386568 0.04461670
2425.97048810 1.00015231 0.00013183 -0.36707008 0.03419323 -100.87518078 0.02425714 0.54751292 0.04461670
2425.97090562 1.00017768 0.00013183 0.32080811 -0.30944270 -102.53787061 0.02227866 0.41693141 0.04461670
2425.97132315 0.99998753 0.00013182 0.01564838 -0.34351423 -104.19771252 0.02367999 0.46994073 0.02487183
2425.97174067 1.00007664 0.00013183 -0.09512655 0.05360185 -105.84953028 0.02107859 0.60198994 0.02487183
2425.97215820 1.00019977 0.00013183 -0.07537901 0.07179362 -107.49941609 0.02167179 0.40842697 0.06439209
2425.97257572 1.00004805 0.00013182 0.56301647 0.31820396 -109.14724471 0.02579873 0.48726214 0.03475952
2425.97299325 1.00002142 0.00013182 -0.08351226 0.06564858 -110.79667049 0.02641852 0.52192127 0.02487183
2425.97341077 0.99981360 0.00013181 0.10257661 0.05999026 -112.44669926 0.03200276 0.34886558 0.06439209
2425.97382830 1.00005454 0.00013182 0.19571866 0.07161110 -114.10530445 0.02671921 0.39848600 0.06439209
2425.97424582 1.00005759 0.00013182 0.03217516 0.03571429 -115.76699915 0.02553897 0.40804179 0.02487183
2425.97466335 1.00003408 0.00013182 -0.06269113 -0.06364079 -117.44154544 0.02466509 0.34619228 0.02487183
2425.97508087 1.00020559 0.00013182 0.25938576 0.22566319 -119.12492147 0.02078615 0.27286224 0.04461670
2425.97549840 1.00017370 0.00013183 0.27047953 0.24987832 -120.82196916 0.02866068 0.27188633 0.04461670
2425.97591592 1.00019321 0.00013183 -0.04596916 -0.25292042 -122.53697554 0.02974877 0.42305729 0.02487183
2425.97633345 1.00004127 0.00013183 0.74692565 -0.04648333 -124.26305878 0.03942404 0.49008124 0.04461670
2425.97675097 1.00051663 0.00013186 0.10830243 0.02701387 -126.01970682 0.04951739 0.37094587 0.06439209
2425.97716850 0.99969394 0.00013182 0.42995641 0.11523485 -127.78502332 0.07459623 0.53968371 0.06439209
2425.97758602 0.99995027 0.00013186 0.11744420 0.41068387 -129.59007392 0.13257835 0.28559535 0.04461670
2425.97800355 1.00016190 0.00013202 0.06438285 -0.45077878 -131.41012619 0.42771242 0.47775824 0.05450439
2425.97842107 1.00018208 0.00013204 -0.12870063 0.17844975 -133.26560633 0.48614783 0.36196746 0.04461670
2425.97883860 1.00013987 0.00013214 0.14425142 0.34819907 -135.15093862 0.70898819 0.32435543 0.08419800
2425.97925612 1.00015933 0.00013213 0.14096558 -0.36109760 -137.06346124 0.66665007 0.42172064 0.08419800
2426.00305505 0.99963898 0.00013182 0.46021211 -0.10665612 86.35569249 0.06797499 0.50028802 0.14373779
2426.00347258 0.99963115 0.00013182 0.36297092 0.21866634 84.64197877 0.06948557 0.56963942 0.12387085
2426.00389010 0.99969037 0.00013182 0.67268527 -0.16500366 82.93447579 0.06362418 0.49603470 0.10400391
2426.00430763 0.99964563 0.00013182 0.08940074 0.56923825 81.24823241 0.07308630 0.50033579 0.12387085
2426.00472515 0.99979748 0.00013183 -0.28583512 0.09400097 79.57056545 0.07226970 0.66240205 0.10400391
2426.00514268 0.99956427 0.00013182 0.07384996 0.19153078 77.90427437 0.06425091 0.68507940 0.10400391
2426.00556020 0.99968556 0.00013182 0.74136251 -0.06291068 76.24656391 0.06631512 0.55977077 0.12387085
2426.00597773 0.99994855 0.00013184 0.26364762 0.31357995 74.59334685 0.06199147 0.61380039 0.08419800
2426.00639525 0.99966068 0.00013181 0.70557618 0.26429787 72.94608923 0.05203585 0.46382473 0.12387085
2426.00681278 0.99964237 0.00013181 0.07563927 0.01046483 71.29962254 0.04755994 0.66609123 0.08419800
2426.00723030 0.99975574 0.00013181 -0.16494241 -0.08457045 69.65323967 0.04386874 0.50598025 0.10400391
2426.00764783 0.99977675 0.00013182 0.54300863 0.11182769 68.00463991 0.03753378 0.63761459 0.08419800
2426.00806535 0.99967243 0.00013181 -0.40064415 -0.20047458 66.35165163 0.04293348 0.59301347 0.10400391
2426.00848288 0.99972432 0.00013181 0.02690481 0.05317596 64.69142098 0.04305542 0.63708905 0.08419800
2426.00890040 0.99985145 0.00013182 0.06301646 -0.05907764 63.02549645 0.04304464 0.57235444 0.08419800
2426.00931793 0.99987149 0.00013182 -0.06971826 -0.03480165 61.34401475 0.03997731 0.56812386 0.08419800
2426.00973545 0.99983582 0.00013182 0.60576487 0.12697737 59.65801343 0.03674296 0.54263166 0.06439209
2426.01015298 0.99997446 0.00013182 -0.34231246 -0.03303723 57.94569148 0.03396866 0.53667774 0.08419800
2426.01057050 0.99961147 0.00013181 0.23768625 0.08870772 56.22549256 0.03449024 0.82489312 0.08419800
2426.01098803 0.99968880 0.00013181 0.52762055 0.01618399 54.47966095 0.03067174 0.66016463 0.10400391
2426.01140555 0.99992375 0.00013182 0.20876439 0.48016548 52.71527197 0.02585669 0.78892295 0.08419800
2426.01182308 1.00010588 0.00013183 0.49407899 0.41013628 50.92919018 0.01965786 0.69773295 0.06439209
2426.01224061 0.99987464 0.00013182 0.08191815 -0.45217815 49.11046468 0.01436824 0.92840014 0.08419800
2426.01265813 0.99999863 0.00013182 -0.20700762 0.20874909 47.27693186 0.01401753 0.65544255 0.08419800
2426.01307566 0.99993060 0.00013182 0.18010281 0.04654417 45.39353200 0.00783925 0.79496266 0.08419800
2426.01349318 0.99986716 0.00013181 0.32988483 0.35014603 43.49679933 0.00563723 0.83986429 0.06439209
2426.01391071 0.99968052 0.00013180 0.07554168 -0.33146751 41.54668172 0.00873152 0.63782833 0.08419800
2426.01432823 1.00023132 0.00013184 -0.17994013 -0.01216841 39.57164053 0.01499067 0.68422436 0.06439209
2426.01474576 0.99998156 0.00013182 0.51659185 -0.25346801 37.55319882 0.00832071 0.70473033 0.06439209
2426.01516328 1.00031391 0.00013184 0.18013534 0.19055732 35.49017092 0.00544550 0.84244256 0.06439209
2426.01558081 0.99988298 0.00013182 0.31247967 0.14285715 33.39624740 0.00463384 0.95239092 0.06439209
2426.01599833 1.00022078 0.00013184 0.60286939 0.26831347 31.23602422 0.00532021 0.85813552 0.06439209
2426.01641586 1.00016934 0.00013183 0.13299499 0.08073740 29.05721390 0.00551212 0.83247191 0.06439209
2426.01683338 0.99998513 0.00013182 0.27158567 -0.10422244 26.79584456 0.00799917 0.84467220 0.06439209
2426.01725091 1.00007267 0.00013182 0.20837399 0.10045023 24.51022491 0.00980661 0.70372083 0.06439209
2426.01766843 1.00006116 0.00013182 -0.19981782 0.22907034 22.15872114 0.00116539 0.89349232 0.08419800
2426.01808596 1.00021309 0.00013183 0.08852235 -0.32818204 19.76172069 0.00662547 0.74141114 0.06439209
2426.01850348 1.00004527 0.00013182 -0.24357472 0.25006086 17.31829250 0.00585046 0.81145553 0.06439209
2426.01892101 0.99996172 0.00013181 0.21299368 0.07112436 14.80870232 0.00757558 0.66577217 0.06439209
2426.01933853 0.99992380 0.00013181 0.12824517 0.21337308 12.27348860 0.00601605 0.74057717 0.08419800
2426.01975606 1.00007815 0.00013182 0.10735897 0.27567536 9.65437050 0.00917905 0.74663113 0.08419800
2426.02017358 1.00017956 0.00013183 0.41990370 0.04265028 7.01640754 0.00797550 0.70801979 0.06439209
2426.02059111 1.00000963 0.00013182 -0.06474071 0.44390363 4.31051782 0.01536276 0.73569204 0.08419800
2426.02100863 1.00018574 0.00013183 0.10485393 -0.13318326 1.57571123 0.02190924 0.54606790 0.04461670
2426.02142616 0.99998097 0.00013183 0.34260523 -0.15940619 -1.20290717 0.02527779 0.72205841 0.08419800
2426.02184368 0.99986284 0.00013182 0.28004426 0.31090289 -4.01828243 0.03261208 0.57860181 0.08419800
2426.02226121 1.00007519 0.00013183 -0.39228317 -0.29417133 -6.85586807 0.04046897 0.46969609 0.06439209
2426.02267873 0.99975080 0.00013181 0.19734530 -0.17400828 -9.73007862 0.04605230 0.32706684 0.06439209
2426.02309625 0.99967082 0.00013181 0.33785543 0.31850815 -12.61266040 0.04779979 0.60658950 0.06439209
2426.02351378 0.99974611 0.00013181 -0.07954323 0.54550987 -15.51784365 0.05749377 0.35534467 0.06439209
2426.02393130 0.99965363 0.00013181 0.03572126 0.35592601 -18.42431192 0.07119148 0.16794871 0.06439209
2426.02434883 0.99972498 0.00013181 0.32692432 -0.16597712 -21.33362496 0.06841607 0.12259437 0.08419800
2426.02476635 0.99970713 0.00013181 0.22727568 -0.23527622 -24.23451879 0.07404697 0.13991110 0.06439209
2426.02518388 0.99954697 0.00013180 -0.27086994 0.51794839 -27.12779726 0.07412307 0.15011688 0.08419800
2426.02560140 0.99991760 0.00013183 0.44908583 -0.24172547 -29.99441917 0.07205769 0.31069767 0.06439209
2426.02601893 0.99963863 0.00013182 -0.30668879 0.20376004 -32.85226407 0.08114579 0.24674190 0.08419800
2426.02643645 0.99970298 0.00013182 0.34110874 0.01131662 -35.65860291 0.07570521 0.34054979 0.08419800
2426.02685398 0.99993578 0.00013183 0.15482464 -0.19317353 -38.44997864 0.07580917 0.10562366 0.08419800
2426.02727150 0.99959458 0.00013181 0.16884638 0.53443658 -41.18779568 0.07859410 0.19765076 0.08419800
2426.02768903 0.99969763 0.00013182 0.18644674 -0.57720858 -43.89167263 0.07588924 0.25421288 0.06439209
2426.02810655 0.99960808 0.00013181 0.73674279 0.70710635 -46.55084488 0.07692475 0.28929239 0.06439209
2426.02852407 1.00001309 0.00013183 0.26088229 0.06005111 -49.15343236 0.06541847 0.21601578 0.06439209
2426.02894160 0.99979478 0.00013182 0.87998569 0.23089559 -51.72652878 0.05901990 0.36131860 0.08419800
2426.02935912 0.99981668 0.00013181 -0.19627172 0.39078853 -54.21946614 0.04326397 0.37993656 0.06439209
2426.02977665 0.99995452 0.00013182 -0.12730171 0.10525675 -56.69177670 0.04148115 0.35731876 0.06439209
2426.03019417 0.99981844 0.00013181 0.03295595 0.27336335 -59.08181162 0.03676676 0.35514729 0.08419800
2426.03061171 0.99995220 0.00013182 -0.37588653 0.09193234 -61.44152310 0.03848921 0.40154275 0.04461670
2426.03102922 0.99970453 0.00013181 0.56649750 -0.15496472 -63.74070336 0.03251773 0.62353804 0.06439209
2426.03144676 0.99996285 0.00013181 0.19929729 0.21605013 -65.99050017 0.02636004 0.35800044 0.06439209
2426.03186429 0.99980891 0.00013180 -0.04918993 -0.10890727 -68.20146382 0.02516011 0.37728764 0.06439209
2426.03228181 0.99990752 0.00013181 0.09880278 0.21081772 -70.34690727 0.02374195 0.50672103 0.10400391
2426.03269933 1.00005534 0.00013182 0.22454292 0.05250669 -72.47356517 0.01773662 0.46892553 0.09408569
2426.03311686 0.99993489 0.00013181 0.20941506 -0.04739596 -74.52345225 0.01638711 0.46119675 0.06439209
2426.03353439 1.00004726 0.00013182 0.36898953 0.18368216 -76.55626957 0.01579846 0.55232904 0.08419800
2426.03395191 1.00003733 0.00013182 0.01568092 -0.03370650 -78.53459957 0.01551022 0.54618512 0.10400391
2426.03436943 1.00014037 0.00013182 -0.19578372 -0.03656607 -80.48301741 0.01087492 0.47472645 0.08419800
2426.03478696 0.99998190 0.00013181 0.50058562 0.12259674 -82.39694533 0.00548502 0.51167068 0.06439209
2426.03520448 0.99993055 0.00013181 -0.17876895 0.16256997 -84.27092403 0.01062935 0.44743097 0.07427979
2426.03562201 0.99989843 0.00013180 0.09076713 0.62740326 -86.12698217 0.00742349 0.38759070 0.08419800
2426.03603953 0.99980928 0.00013183 0.93216866 -0.11578243 -87.93708259 0.06314679 0.52055826 0.06439209
2426.03645706 1.00021207 0.00013183 -0.03077624 0.04946459 -89.73685185 0.01433241 0.39077971 0.06439209
2426.03687458 1.00013093 0.00013182 0.24617738 0.42814553 -91.49944759 0.01390492 0.37481661 0.08419800
2426.03729211 0.99988478 0.00013181 -0.64597565 -0.04818691 -93.24876555 0.01456076 0.57038591 0.06439209
2426.03770963 1.00010086 0.00013182 0.53640443 0.23223412 -94.97516947 0.01440912 0.41637839 0.08419800
2426.03812716 1.00007257 0.00013182 0.41248617 -0.19493794 -96.68412189 0.01443951 0.63110176 0.10400391
2426.03854468 1.00008142 0.00013182 0.41866744 0.48478949 -98.38107776 0.02157258 0.54728413 0.06439209
2426.03896221 1.00018395 0.00013183 0.14916390 -0.40575567 -100.05979006 0.02555903 0.38881230 0.10400391
2426.03937973 1.00010544 0.00013182 -0.03419220 -0.22316866 -101.73374510 0.02304500 0.41872831 0.08419800
2426.03979726 1.00010415 0.00013183 0.01405426 -0.13774641 -103.39281152 0.02208420 0.55952172 0.08419800
2426.04021478 1.00024324 0.00013183 0.08208081 -0.35130203 -105.04928161 0.02341400 0.48354701 0.06439209
2426.04063231 1.00000889 0.00013182 -0.08146268 0.02141640 -106.69885188 0.02292701 0.46093847 0.08419800
2426.04104983 1.00030707 0.00013183 0.09392283 0.21684109 -108.34730530 0.02296764 0.35121637 0.10400391
2426.04146736 0.99989754 0.00013181 0.33954713 0.43368217 -109.99467298 0.02694644 0.34055547 0.04461670
2426.04188488 1.00002582 0.00013182 -0.07482595 -0.14084935 -111.64485374 0.02343068 0.54255236 0.10400391
2426.04230241 0.99991996 0.00013181 0.06291886 0.05177659 -113.29614421 0.02335393 0.37251932 0.06439209
2426.04271993 0.99983798 0.00013181 0.38821653 -0.24963495 -114.95759608 0.02099034 0.56944214 0.06439209
2426.04313746 1.00004433 0.00013182 -0.40627235 0.39048430 -116.62263608 0.01831756 0.41104477 0.06439209
2426.04355498 0.99990599 0.00013181 0.36827379 -0.27482355 -118.30190813 0.01838908 0.39133415 0.08419800
2426.04397251 1.00022487 0.00013183 0.34042552 0.35458750 -119.99087436 0.02016222 0.27280400 0.10400391
2426.04439003 1.00009109 0.00013182 0.09431323 0.26946947 -121.69429719 0.02497587 0.33704469 0.06439209
2426.04480756 0.99998024 0.00013182 0.16403149 -0.22091749 -123.41700656 0.02813740 0.45086905 0.10400391
2426.04522508 1.00008499 0.00013183 0.51802331 -0.05451448 -125.15118468 0.03885940 0.43377318 0.08419800
2426.04564261 0.99996394 0.00013183 0.28986922 0.20540278 -126.91763868 0.05322321 0.35780713 0.08419800
2426.04606013 0.99980063 0.00013184 0.45900840 0.61255783 -128.69317586 0.09406011 0.52007551 0.10400391
2426.04647766 1.00005123 0.00013193 -0.04818140 -0.40405208 -130.51022066 0.25070146 0.45603392 0.08419800
2426.04689518 1.00024931 0.00013202 -0.23820677 -0.24008274 -132.34303266 0.42708851 0.40260486 0.12387085
2426.04731271 1.00045931 0.00013209 -0.03526580 0.50693601 -134.21202821 0.55979424 0.09853184 0.08419800
2426.04773023 1.00015169 0.00013212 0.38089660 -0.28607935 -136.11224215 0.65471077 0.40355186 0.10400391
2426.04814776 1.00014673 0.00013208 0.03975535 -0.19743246 -138.04020407 0.56489818 0.49653691 0.10400391
2426.06860647 0.99975025 0.00013199 -0.48441669 0.67078364 99.98788825 0.42917108 0.50988722 0.20352173
2426.06902400 0.99956834 0.00013200 -0.16780533 0.55932099 98.05862642 0.45598721 0.84530473 0.18356323
2426.06944152 0.99959984 0.00013194 0.06942546 -0.34667802 96.18456544 0.33868983 0.53474608 0.20352173
2426.06985905 0.99950081 0.00013191 0.15612596 0.14230956 94.32670723 0.25985633 0.80916428 0.18356323
2426.07027657 0.99946351 0.00013183 0.32959205 0.07945972 92.50562578 0.10677054 0.63971780 0.18356323
2426.07069410 0.99949299 0.00013182 0.21653979 0.18185690 90.70883399 0.08149092 0.76343232 0.18356323
2426.07111162 0.99953766 0.00013182 0.24159022 0.31114626 88.93343959 0.08188386 0.57285521 0.18356323
2426.07152915 0.99950153 0.00013181 0.14623593 -0.08152835 87.18749341 0.07245789 0.63497319 0.17361450
2426.07194667 0.99938133 0.00013181 0.22086668 0.11499148 85.45097668 0.07289206 0.65676491 0.16363525
2426.07236420 0.99960037 0.00013181 0.65606087 0.14669019 83.74557692 0.06663225 0.52388226 0.14373779
2426.07278172 0.99967291 0.00013183 0.16142885 0.03918228 82.04592040 0.07555024 0.65901286 0.14373779
2426.07319925 0.99985222 0.00013183 -0.08513892 0.63239229 80.36586879 0.07058613 0.56970766 0.14373779
2426.07361677 0.99945926 0.00013181 -0.24250114 -0.02324167 78.69378441 0.07835067 0.50692234 0.14373779
2426.07403430 0.99961815 0.00013182 0.49241981 0.33018982 77.03196662 0.06874622 0.55613942 0.12387085
2426.07445182 0.99960322 0.00013181 0.43324223 -0.19451204 75.37781882 0.06404164 0.50891341 0.12387085
2426.07486935 0.99941791 0.00013180 0.60088491 0.24774884 73.72756047 0.06095747 0.61840478 0.11392212
2426.07528687 0.99976861 0.00013182 0.41147766 0.44548553 72.08159889 0.05153368 0.55368061 0.12387085
2426.07570440 0.99967358 0.00013181 -0.03985295 -0.44889268 70.43597762 0.04171800 0.64644637 0.12387085
2426.07612192 0.99983533 0.00013182 0.21855684 0.34905085 68.78897546 0.04330821 0.57091614 0.10400391
2426.07653945 0.99972244 0.00013181 -0.33834341 -0.15526892 67.13919641 0.04031228 0.47821558 0.10400391
2426.07695697 0.99961971 0.00013181 0.15261240 0.01375030 65.48407444 0.04559124 0.61206956 0.10400391
2426.07737450 0.99962444 0.00013181 0.12626065 0.29623997 63.82049356 0.04350281 0.70431782 0.12387085
2426.07779203 0.99975111 0.00013181 -0.00780792 -0.37235337 62.15039646 0.04060436 0.61769019 0.10400391
2426.07820956 0.99970671 0.00013181 0.30242696 0.19895351 60.46334005 0.03858451 0.74785495 0.08419800
2426.07862708 0.99994397 0.00013182 0.14997722 -0.07015089 58.77134290 0.03412033 0.63032106 0.10400391
2426.07904461 0.99988401 0.00013182 -0.22825168 0.17388660 57.05158989 0.03308555 0.65103892 0.08419800
2426.07946213 0.99990928 0.00013182 0.60514671 0.03096860 55.32330704 0.02834692 0.60724441 0.08419800
2426.07987966 0.99975657 0.00013181 0.30899864 0.05761743 53.56832497 0.02342445 0.74392475 0.08419800
2426.08029718 0.99946403 0.00013179 0.25570956 0.37052810 51.79350241 0.01959663 0.85373259 0.08419800
2426.08071471 0.99993970 0.00013182 0.46636087 0.05974690 49.99613545 0.01855290 0.72195386 0.12387085
2426.08113223 1.00002896 0.00013182 -0.36059600 -0.01892188 48.16452796 0.01294916 0.63536126 0.14373779
2426.08154976 1.00011416 0.00013183 0.20303859 -0.25669262 46.31782668 0.00815272 0.70317759 0.12387085
2426.08196728 0.99976524 0.00013180 0.02000781 0.38792893 44.41921872 0.00554678 0.83059141 0.10400391
2426.08238481 1.00007625 0.00013182 0.24159022 0.03261134 42.50680371 0.00252842 0.84339919 0.10400391
2426.08280233 1.00002923 0.00013182 -0.17603618 -0.12715989 40.54019998 0.01105020 0.68923886 0.10400391
2426.08321986 1.00008041 0.00013183 0.17606871 -0.20296909 38.54729324 0.00888529 0.81282556 0.08419800
2426.08363738 1.00006781 0.00013182 0.47612077 0.06072037 36.51009198 0.00548990 0.74328409 0.08419800
2426.08405491 1.00038229 0.00013185 0.13354805 0.39559504 34.42689847 0.00683619 0.92610211 0.10400391
2426.08447243 0.99999301 0.00013182 0.45471403 0.03315892 32.31284419 0.00721936 0.79885685 0.08419800
2426.08488996 0.99979578 0.00013181 0.62222654 0.12211000 30.13044461 0.00393157 0.88513016 0.10400391
2426.08530748 1.00011173 0.00013183 -0.19113150 0.00851789 27.92912024 0.00674172 0.81669591 0.08419800
2426.08572501 1.00034761 0.00013184 0.31791267 -0.00158189 25.64467216 0.00055711 0.73965769 0.10400391
2426.08614253 0.99987500 0.00013181 -0.03991802 0.14602093 23.33525096 0.00598160 0.88325784 0.10400391
2426.08656006 1.00005819 0.00013183 -0.00035786 0.09430519 20.96011470 0.00662570 0.84860005 0.08419800
2426.08697758 1.00008728 0.00013182 -0.04987312 0.10714286 18.53865895 0.00167696 0.79096173 0.10400391
2426.08739511 1.00031485 0.00013184 -0.15215693 -0.03175955 16.07111208 0.00968007 0.69513437 0.10400391
2426.08781263 0.99999968 0.00013182 0.36713514 0.15253103 13.53712953 0.01066149 0.88545292 0.08419800
2426.08823016 1.00009948 0.00013183 -0.16338083 0.18435143 10.97820744 0.01033178 0.75549437 0.10400391
2426.08864768 0.99995503 0.00013182 0.39225063 0.22061329 8.33628051 0.00683567 0.84563541 0.08419800
2426.08906521 1.00016815 0.00013183 0.36986792 0.16256997 5.67584569 0.01003254 0.71654488 0.08419800
2426.08948273 1.00005408 0.00013182 -0.14874098 0.05567048 2.94949074 0.01466544 0.69315470 0.08419800
2426.08990026 1.00038693 0.00013184 0.44902074 -0.02415430 0.19499569 0.02091906 0.55169877 0.08419800
2426.09031778 1.00016263 0.00013183 0.36879432 0.00292042 -2.60071527 0.02570548 0.57435059 0.10400391
2426.09073531 0.99998061 0.00013183 -0.24923548 0.13999757 -5.43163711 0.03985280 0.50468846 0.08419800
2426.09115283 1.00010247 0.00013183 0.04099161 -0.29301533 -8.28308313 0.04341384 0.39311030 0.10400391
2426.09157035 0.99982922 0.00013182 0.28668097 0.13890241 -11.16729037 0.04826136 0.47502977 0.12387085
2426.09198788 0.99999706 0.00013183 -0.15284014 0.35769042 -14.05851816 0.05332631 0.33428249 0.08419800
2426.09240540 0.99971076 0.00013182 0.35939229 0.71793622 -16.96745628 0.06038349 0.45785962 0.08419800
2426.09282293 0.99965950 0.00013181 0.26839742 0.23965685 -19.87607855 0.06662815 0.12506755 0.08419800
2426.09324045 1.00014333 0.00013184 -0.01187455 -0.45461184 -22.78412071 0.07513776 0.00000000 0.10400391
2426.09365798 0.99953955 0.00013180 0.01125643 0.44457290 -25.68086997 0.07234721 0.10172246 0.08419800
2426.09407550 0.99996929 0.00013183 0.18172945 -0.13823314 -28.56785883 0.07113899 0.01262247 0.08419800
2426.09449303 0.99964623 0.00013181 -0.02277311 0.09290582 -31.42393922 0.07734364 0.13617719 0.08419800
2426.09491055 0.99962941 0.00013181 0.08025897 0.11426137 -34.27033216 0.07232088 0.14634924 0.08419800
2426.09532808 0.99998841 0.00013183 0.30636346 -0.38890240 -37.06070208 0.07503939 0.17990759 0.08419800
2426.09574560 0.99956713 0.00013181 -0.01698224 0.64735943 -39.83536679 0.08716170 0.16781914 0.08419800
2426.09616313 0.99952534 0.00013181 0.25333464 -0.09442687 -42.55442925 0.08254164 0.19847344 0.08419800
2426.09658065 0.99958337 0.00013181 0.51503026 -0.09394013 -45.23811291 0.07607121 0.35317716 0.08419800
2426.09699817 0.99981456 0.00013182 0.28892577 0.49263811 -47.87633005 0.06741332 0.17449734 0.10400391
2426.09741570 0.99979682 0.00013182 0.64769989 -0.15423460 -50.45606149 0.06146210 0.42322346 0.10400391
2426.09783323 0.99990070 0.00013182 0.21992323 0.42193964 -53.00613731 0.04452779 0.32515525 0.10400391
2426.09825075 0.99992790 0.00013182 -0.22551890 0.19049647 -55.47487997 0.04388853 0.34812374 0.08419800
2426.09866827 0.99998952 0.00013182 0.21758084 0.15228766 -57.92286273 0.04153170 0.41786217 0.06439209
2426.09908580 0.99981254 0.00013181 -0.21218036 0.25152105 -60.28946933 0.03607411 0.39594724 0.08419800
2426.09950332 1.00008188 0.00013183 -0.15284014 0.10513507 -62.62512402 0.03538408 0.44860621 0.10400391
2426.09992085 0.99987897 0.00013182 0.56314659 0.05646143 -64.90121094 0.02822477 0.55523864 0.08419800
2426.10033837 0.99967819 0.00013180 0.16774026 -0.01454125 -67.12775995 0.02913361 0.33376962 0.08419800
2426.10075590 1.00018523 0.00013183 -0.00377383 -0.04532733 -69.31660327 0.02239614 0.47021277 0.10400391
2426.10117342 1.00015092 0.00013182 0.30922636 0.36724263 -71.44037492 0.01947830 0.31804901 0.08419800
2426.10159095 1.00002458 0.00013181 -0.00842605 -0.10136286 -73.54576429 0.01829305 0.35715565 0.10400391
2426.10200847 1.00018474 0.00013182 0.32015747 0.30749574 -75.57622155 0.01712307 0.37336005 0.10400391
2426.10242600 1.00007199 0.00013182 0.19900449 0.14145778 -77.58962990 0.01524937 0.40459755 0.06439209
2426.10284352 1.00032521 0.00013183 -0.20743054 0.02841324 -79.55042048 0.01084300 0.42890768 0.08419800
2426.10326105 1.00021540 0.00013182 0.04661982 0.01338525 -81.48160144 0.00741059 0.46173908 0.08419800
2426.10367857 1.00013649 0.00013182 0.54762834 -0.00212947 -83.37947011 0.00957042 0.52832755 0.10400391
2426.10409610 0.99983332 0.00013180 -0.29790488 0.49239475 -85.23859605 0.00668505 0.52109498 0.10400391
2426.10451362 1.00005396 0.00013181 0.53988546 0.40149671 -87.08083347 0.00544151 0.50805958 0.07427979
2426.10493115 1.00016174 0.00013183 0.42026156 -0.18763690 -88.87817799 0.01404959 0.58315333 0.08419800
2426.10534867 1.00000784 0.00013182 -0.01691717 0.21252130 -90.66557305 0.01193301 0.54248880 0.10400391
2426.10576620 1.00010141 0.00013182 -0.05986076 0.31522268 -92.41770113 0.01403584 0.30995347 0.08419800
2426.10618372 0.99997338 0.00013181 -0.10228382 -0.15660745 -94.15695671 0.01487448 0.48525124 0.10400391
2426.10660125 1.00016713 0.00013183 0.39582926 -0.25784862 -95.87478463 0.01723267 0.61339032 0.10400391
2426.10701877 1.00009215 0.00013183 0.63520724 0.28182039 -97.57597898 0.01995162 0.55623638 0.10400391
2426.10743630 1.00040603 0.00013184 0.34208471 -0.12582137 -99.26614577 0.02535255 0.35721804 0.12387085
2426.10785382 1.00007604 0.00013183 -0.25515649 0.14930640 -100.93920387 0.02334977 0.53494231 0.08419800
2426.10827135 1.00030212 0.00013184 0.29556251 -0.42510343 -102.60796722 0.01862385 0.44847073 0.08419800
2426.10868887 1.00006675 0.00013182 -0.10901815 -0.33195424 -104.26346687 0.02094248 0.49274394 0.12387085
2426.10910640 1.00017301 0.00013183 -0.09210099 0.22614992 -105.91690361 0.02081266 0.50709551 0.10400391
2426.10952392 1.00012994 0.00013182 -0.01483506 0.02026040 -107.56490342 0.02182203 0.42115989 0.08419800
2426.10994145 0.99999757 0.00013182 0.56864470 0.47986129 -109.21256149 0.02308142 0.50689042 0.10400391
2426.11035897 1.00004789 0.00013183 -0.07733099 0.00553663 -110.85983884 0.02894162 0.51410411 0.10400391
2426.11077650 1.00007169 0.00013182 0.05393975 0.05086396 -112.51128129 0.02753534 0.34792830 0.10400391
2426.11119402 1.00003907 0.00013182 0.17567831 0.02141640 -114.16423514 0.02647970 0.38691980 0.08419800
2426.11161155 0.99993480 0.00013181 0.01681957 0.06211974 -115.82891541 0.02473262 0.36071713 0.10400391
2426.11202907 1.00016041 0.00013182 -0.01535559 -0.19384278 -117.49762645 0.01847835 0.39294160 0.10400391
2426.11244660 1.00029799 0.00013183 0.31273994 0.20047458 -119.18218493 0.02138710 0.25978519 0.08419800
2426.11286412 1.00008124 0.00013182 0.16035526 0.28614017 -120.87720559 0.02506729 0.34888914 0.08419800
2426.11328165 1.00028840 0.00013184 -0.11493916 -0.33189341 -122.58749772 0.02761679 0.44738828 0.12387085
2426.11369917 1.00022974 0.00013184 0.87188494 -0.01375030 -124.31829142 0.03078456 0.40835883 0.12387085
2426.11411670 1.00120237 0.00013191 0.04030841 0.18982720 -126.06099151 0.04997264 0.37533266 0.10400391
2426.11453422 1.00002021 0.00013184 0.35734269 0.03851302 -127.83798720 0.06925924 0.41704498 0.10400391
2426.11495175 0.99988543 0.00013186 0.26159802 0.55633974 -129.62460306 0.12975832 0.43419199 0.10400391
2426.11536927 1.00020906 0.00013198 -0.09896545 -0.46319056 -131.45390590 0.33727801 0.48705478 0.10400391
2426.11578680 1.00026836 0.00013204 -0.17834602 0.22560234 -133.30004108 0.45190632 0.41281544 0.10400391
2426.11620432 1.00044383 0.00013214 0.16364110 0.30749574 -135.18339079 0.66744128 0.32542451 0.10400391
2426.11662184 1.00025092 0.00013210 0.22255839 -0.39583841 -137.09943882 0.58732768 0.39452440 0.12387085
2426.13749810 0.99979468 0.00013201 -0.08979114 0.72706252 98.98587190 0.45695522 0.63704904 0.24349976
2426.13791562 0.99964450 0.00013198 0.16725226 0.06972499 97.07327057 0.41445852 0.68875771 0.22348022
2426.13833315 0.99976419 0.00013194 0.11080747 -0.03760039 95.21404559 0.29792443 0.72098420 0.24349976
2426.13875067 0.99987817 0.00013191 0.15462945 0.04265028 93.37082113 0.21535513 0.63002531 0.24349976
2426.13916820 0.99987929 0.00013184 0.36905459 -0.01660988 91.56258359 0.08479105 0.58958219 0.20352173
2426.13958572 0.99978372 0.00013183 0.39189276 0.30402774 89.77805872 0.07427573 0.57931004 0.20352173
2426.14000324 0.99963965 0.00013182 -0.28794977 0.12685569 88.01377728 0.07249274 0.61087193 0.20352173
2426.14042077 0.99972486 0.00013182 0.67554820 -0.01070820 86.27779360 0.06866407 0.48511531 0.18356323
2426.14083829 0.99971678 0.00013182 0.18599129 0.33816013 84.55052962 0.06679825 0.63221770 0.18356323
2426.14125582 0.99981478 0.00013183 0.69558853 0.05913848 82.85283511 0.06388691 0.54310953 0.19354248
2426.14167335 0.99965837 0.00013183 -0.00435943 0.53760040 81.16044602 0.07273563 0.70810074 0.17361450
2426.14209087 0.99965866 0.00013183 -0.19731277 0.03370650 79.48626481 0.07846842 0.57692063 0.16363525
2426.14250840 0.99965832 0.00013182 -0.04089401 0.23211244 77.81938764 0.06773976 0.52722759 0.16363525
2426.14292592 0.99985245 0.00013183 0.73534387 -0.05506206 76.16175503 0.06641082 0.55529187 0.16363525
2426.14334345 0.99978274 0.00013183 0.29497689 0.32769531 74.51056223 0.06470027 0.68880882 0.14373779
2426.14376097 0.99978557 0.00013182 0.60817230 0.14303967 72.86259817 0.05315859 0.54609250 0.12387085
2426.14417850 0.99994310 0.00013183 0.12170603 0.01101241 71.21765562 0.04269644 0.66553233 0.14373779
2426.14459602 0.99980231 0.00013182 -0.22467305 -0.03972986 69.57267510 0.04843996 0.55700862 0.16363525
2426.14501354 0.99993541 0.00013183 0.52586377 0.22907034 67.92460644 0.04006685 0.63830740 0.14373779
2426.14543107 0.99981764 0.00013182 -0.40275881 -0.24884400 66.27314441 0.04086572 0.58985186 0.14373779
2426.14584859 0.99976309 0.00013182 0.03419220 0.19353858 64.61533977 0.04079635 0.70562952 0.12387085
2426.14626612 0.99977727 0.00013181 0.07882751 -0.18611585 62.94796634 0.03835276 0.55963966 0.14373779
2426.14668364 0.99980053 0.00013182 -0.01545318 0.07927720 61.27345222 0.04096105 0.66724005 0.12387085
2426.14710117 0.99990500 0.00013182 0.59050685 0.21239962 59.58037570 0.03914301 0.64202223 0.14373779
2426.14751869 1.00014342 0.00013184 -0.30785999 -0.02415430 57.88185561 0.03531145 0.53172756 0.14373779
2426.14793622 0.99979190 0.00013182 0.24324940 0.14182283 56.15411083 0.03470914 0.82681792 0.12387085
2426.14835374 0.99973316 0.00013181 0.44508427 0.04453638 54.41709537 0.02589173 0.67120838 0.14373779
2426.14877127 1.00011985 0.00013183 0.39862710 0.31248480 52.65220280 0.02262855 0.63344558 0.12387085
2426.14918879 1.00001445 0.00013183 0.28980416 0.32039425 50.86645720 0.01961410 0.80639366 0.10400391
2426.14960632 1.00015316 0.00013183 0.15297027 -0.36706012 49.05766683 0.01373085 0.74072824 0.12387085
2426.15002384 1.00009208 0.00013182 -0.21348168 -0.00833536 47.21282166 0.01390628 0.63640600 0.10400391
2426.15044137 1.00007299 0.00013183 0.19959009 0.21647602 45.35259739 0.00940512 0.83728576 0.14373779
2426.15085889 0.99981361 0.00013181 0.22418505 -0.03218545 43.43819326 0.00986027 0.79279687 0.10400391
2426.15127641 1.00035188 0.00013184 -0.07902271 -0.08797761 41.50951054 0.00979880 0.66422200 0.12387085
2426.15169394 1.00002453 0.00013182 -0.19477519 -0.02950840 39.52556587 0.00883189 0.68090007 0.12387085
2426.15211146 1.00023752 0.00013183 0.48692173 -0.13482599 37.51420023 0.01120442 0.69976033 0.12387085
2426.15252899 1.00012887 0.00013183 0.23270869 0.23284253 35.45801159 0.00760147 0.82985713 0.12387085
2426.15294651 1.00020090 0.00013184 0.22948793 0.12886347 33.35416766 0.00385199 0.95098484 0.12387085
2426.15336404 1.00018596 0.00013183 0.83482987 0.20248236 31.21926532 0.00513222 0.87526539 0.11392212
2426.15378156 0.99993428 0.00013182 0.00315570 0.19566804 29.01458143 0.00403331 0.86967962 0.12387085
2426.15419909 1.00054691 0.00013186 0.25801939 -0.06321489 26.79069064 0.00410630 0.83701059 0.12387085
2426.15461661 1.00093139 0.00013188 0.33661917 0.16810660 24.48301820 0.00825734 0.89632085 0.10400391
2426.15503414 1.00031310 0.00013184 -0.36733034 0.33937699 22.14951555 0.00055423 0.88454773 0.12387085
2426.15545166 1.00028906 0.00013184 0.07388249 -0.29946458 19.75036350 0.00318125 0.73946024 0.10400391
2426.15586918 1.00006735 0.00013182 -0.23810919 0.30062059 17.30424896 0.00533837 0.80514764 0.10400391
2426.15628671 1.00040783 0.00013184 0.14047758 -0.01721830 14.81269304 0.00572228 0.68931445 0.10400391
2426.15670423 1.00038444 0.00013184 0.15885875 0.07580920 12.25456464 0.00495995 0.77024978 0.12387085
2426.15712176 1.00020629 0.00013183 0.04460277 0.22858360 9.67232169 0.00778442 0.78048042 0.10400391
2426.15753928 1.00044043 0.00013185 0.42582470 0.07933804 7.00751275 0.00686990 0.70308481 0.10400391
2426.15795681 1.00033915 0.00013184 -0.04717288 0.22329034 4.32479137 0.01367199 0.75635359 0.12387085
2426.15837433 0.99995002 0.00013182 0.05690026 -0.04331954 1.57889592 0.01980613 0.64401811 0.12387085
2426.15879186 0.99987307 0.00013182 0.52531070 -0.13981505 -1.19441615 0.02766558 0.59937738 0.12387085
2426.15920938 0.99990461 0.00013182 0.19425467 0.29258943 -4.00674743 0.02793179 0.58519433 0.10400391
2426.15962691 0.99987210 0.00013182 -0.47533998 -0.36401802 -6.85186404 0.03928047 0.50913849 0.12387085
2426.16004443 0.99998117 0.00013182 0.14135598 -0.10446580 -9.71552308 0.04488460 0.32459260 0.12387085
2426.16046196 0.99993271 0.00013183 0.40002602 0.28814796 -12.60825741 0.04755460 0.60630808 0.10400391
2426.16087948 0.99999290 0.00013184 -0.09470362 0.50133854 -15.50681862 0.05974875 0.48346569 0.12387085
2426.16129701 0.99984787 0.00013182 0.07895764 0.44858846 -18.41850768 0.06044539 0.16571121 0.12387085
2426.16171453 1.00003525 0.00013183 0.31043008 -0.08968119 -21.32809496 0.06920506 0.10233701 0.10400391
2426.16213206 0.99969309 0.00013182 0.34026286 -0.15082745 -24.23325006 0.07609045 0.24599991 0.10400391
2426.16254958 0.99973858 0.00013182 -0.37709025 0.49312484 -27.12422587 0.07363098 0.26954040 0.10400391
2426.16296711 0.99976018 0.00013182 0.45100528 -0.22633244 -30.00326891 0.07839097 0.30597053 0.10400391
2426.16338463 0.99979125 0.00013182 -0.08295920 0.25924799 -32.84784409 0.07583128 0.21698023 0.10400391
2426.16380216 0.99962364 0.00013181 0.11910339 0.07745194 -35.68202247 0.07556905 0.13508066 0.10400391
2426.16421968 0.99990168 0.00013183 0.28934869 -0.30536628 -38.45564533 0.07813196 0.08496722 0.10400391
2426.16463721 0.99982988 0.00013182 0.10397553 0.64352643 -41.21276366 0.07667372 0.18898554 0.12387085
2426.16505473 0.99984583 0.00013182 0.23186284 -0.58749086 -43.91235446 0.07046410 0.23646996 0.12387085
2426.16547226 0.99961754 0.00013181 0.63471925 0.69481623 -46.57487116 0.07459491 0.30902327 0.12387085
2426.16588978 0.99988512 0.00013182 0.18303077 0.00158189 -49.19106706 0.06528193 0.24486049 0.10400391
2426.16630731 1.00002621 0.00013183 0.77015418 0.06577026 -51.74759010 0.04916598 0.26862684 0.10400391
2426.16672483 0.99983430 0.00013181 -0.19152190 0.30694816 -54.27478712 0.04300466 0.35994666 0.10400391
2426.16714236 1.00011099 0.00013183 -0.06789642 0.11839864 -56.71945853 0.04333847 0.37480664 0.12387085
2426.16755988 1.00022377 0.00013184 0.03725031 0.31126794 -59.14328715 0.03536654 0.36057097 0.10400391
2426.16797741 0.99994647 0.00013182 -0.41961092 0.05341932 -61.48629074 0.03725178 0.39920145 0.10400391
2426.16839493 0.99999532 0.00013182 0.65407640 0.10635191 -63.79795238 0.03483901 0.44832154 0.08419800
2426.16881246 0.99999419 0.00013182 0.12242176 0.07264541 -66.05112991 0.02884095 0.37219240 0.10400391
2426.16922998 0.99996481 0.00013182 -0.11129546 -0.04204186 -68.25480998 0.02390091 0.52943196 0.12387085
2426.16964751 1.00015473 0.00013183 0.12824517 0.18903627 -70.42187500 0.02003260 0.49377540 0.10400391
2426.17006503 1.00005677 0.00013182 0.25701088 0.11128011 -72.52423283 0.01986190 0.47592382 0.10400391
2426.17048256 1.00011571 0.00013182 0.07726593 -0.03449744 -74.60855338 0.01609288 0.48338999 0.12387085
2426.17090009 1.00000745 0.00013181 0.32214198 0.20954004 -76.62014975 0.01414924 0.34709638 0.10400391
2426.17131762 1.00001350 0.00013182 -0.03624178 0.14906304 -78.61459125 0.01238148 0.50309950 0.10400391
2426.17173514 1.00001442 0.00013181 -0.27666080 -0.11657338 -80.55811339 0.00838811 0.40308754 0.12387085
2426.17215267 1.00013383 0.00013182 0.58679807 0.19761500 -82.47250403 0.00655849 0.53143983 0.12387085
2426.17257019 0.99984511 0.00013180 -0.17613378 0.20059626 -84.35502808 0.01071638 0.45745038 0.12387085
2426.17298772 1.00025126 0.00013182 0.13455658 0.67005354 -86.19970313 0.00507425 0.39476757 0.10400391
2426.17340524 1.00020322 0.00013183 0.99977225 -0.17151375 -88.02842025 0.00755747 0.50191214 0.10400391
2426.17382277 1.00005593 0.00013181 -0.17691457 0.06260648 -89.81346868 0.01165495 0.39141948 0.10400391
2426.17424029 1.00001947 0.00013181 0.22154987 0.33901194 -91.58905052 0.01149072 0.39059951 0.12387085
2426.17465782 1.00037990 0.00013184 -0.65196174 -0.31364080 -93.33133775 0.01518049 0.62711886 0.10400391
2426.17507534 1.00011568 0.00013182 0.52940983 0.28711367 -95.06113190 0.01450001 0.42323118 0.10400391
2426.17549287 1.00026414 0.00013184 0.52862906 -0.26983452 -96.77073596 0.01846620 0.61976264 0.10400391
2426.17591039 1.00051599 0.00013186 0.41743121 0.44165248 -98.46449808 0.01995791 0.64811683 0.10400391
2426.17632791 1.00014927 0.00013183 -0.13995706 -0.45716721 -100.14805883 0.02063008 0.56352465 0.10400391
2426.17674544 1.00019948 0.00013183 0.05537120 -0.12764663 -101.81611557 0.02121975 0.40570433 0.12387085
2426.17716296 1.00018432 0.00013183 -0.06106448 -0.15192261 -103.48034863 0.01931776 0.55909287 0.12387085
2426.17758049 1.00014704 0.00013183 0.01379400 -0.30165491 -105.13264960 0.01964480 0.47057326 0.12387085
2426.17799801 1.00027675 0.00013183 -0.01548572 0.06570942 -106.78339376 0.02113705 0.35511997 0.12387085
2426.17841554 1.00033069 0.00013183 0.15830567 0.24251643 -108.43015512 0.02051959 0.23860353 0.10400391
2426.17883306 1.00007569 0.00013182 0.27373284 0.45619372 -110.07736061 0.02333746 0.34150145 0.14373779
2426.17925059 1.00019345 0.00013183 0.10016917 -0.00462400 -111.72494759 0.02665669 0.50399133 0.12387085
2426.18300831 1.00039044 0.00013185 0.39683780 -0.14602093 -126.97546941 0.04452998 0.47679406 0.14373779
2426.18342583 1.00016867 0.00013185 0.58370745 0.34734729 -128.76358885 0.08349252 0.32084454 0.11392212
2426.18384336 1.00029037 0.00013192 -0.28967401 -0.66719395 -130.56177553 0.21185727 0.32863474 0.12387085
2426.18426088 1.00017263 0.00013201 -0.13784242 -0.13786809 -132.40394416 0.41056761 0.31135125 0.14373779
2426.18467841 1.00060249 0.00013209 -0.04717288 0.48223412 -134.26387188 0.53281639 0.09799453 0.14373779
2426.18509593 1.00024653 0.00013215 0.38330406 -0.36237526 -136.16180934 0.69692779 0.48070403 0.12387085
2426.18551346 0.99997507 0.00013208 0.16793546 0.04940375 -138.09397723 0.58213520 0.50905260 0.12387085
2426.20597217 0.99959530 0.00013202 -0.05934023 0.93416888 99.90196026 0.50136470 0.49870402 0.26351929
2426.20638969 0.99942076 0.00013202 0.33404905 1.00000000 97.99190530 0.51225974 0.66651581 0.24349976
2426.20680722 0.99991456 0.00013200 0.10348754 -0.29009491 96.09550477 0.40970300 0.55275345 0.22348022
2426.20722474 0.99969114 0.00013196 0.30893356 0.13160136 94.25058369 0.34569830 0.79269380 0.24349976
2426.20764227 0.99936588 0.00013183 0.29933631 0.11785106 92.42134325 0.13265085 0.66317192 0.22348022
2426.20805979 0.99964485 0.00013183 0.35083610 0.08943782 90.62546432 0.08296314 0.74616693 0.20352173
2426.20847732 0.99954253 0.00013182 0.04141454 0.34260160 88.85271786 0.07625556 0.57532911 0.22348022
2426.20889484 0.99955041 0.00013182 0.19383174 -0.14729862 87.09924123 0.07506214 0.69653144 0.22348022
2426.20931237 0.99953000 0.00013182 0.23511614 0.10981990 85.37265734 0.07123045 0.66411418 0.20352173
2426.20972989 0.99970697 0.00013182 0.60241395 0.11706011 83.65404567 0.06748453 0.56270347 0.20352173
2426.21014742 0.99980234 0.00013183 0.15921660 0.12813337 81.96375229 0.07378885 0.66090771 0.18356323
2426.21056494 0.99963264 0.00013182 -0.16787039 0.67108786 80.27834511 0.07180634 0.60060598 0.19354248
2426.21098247 0.99967991 0.00013182 -0.27926347 0.06686541 78.60957779 0.06854053 0.52860971 0.18356323
2426.21139999 0.99956468 0.00013182 0.57606220 0.18295206 76.94739253 0.07034606 0.58558757 0.17361450
2426.21181752 0.99993471 0.00013183 0.42507645 0.00194695 75.29321142 0.06243648 0.44629188 0.18356323
2426.21223504 0.99984327 0.00013183 0.53692496 0.28315893 73.64467843 0.05012121 0.63072538 0.14373779
2426.21265257 0.99993550 0.00013183 0.30909625 0.42711121 71.99882448 0.04854473 0.69011424 0.16363525
2426.21307009 0.99970747 0.00013181 0.08116989 -0.56011194 70.35429466 0.04291636 0.64810509 0.16363525
2426.21348762 0.99982782 0.00013182 0.17379139 0.33231929 68.70923629 0.04146961 0.58131560 0.16363525
2426.21390514 0.99985687 0.00013182 -0.40832195 -0.26089072 67.05975634 0.03943402 0.50595804 0.14373779
2426.21432267 1.00021336 0.00013184 0.16627628 0.01247262 65.40615346 0.03815406 0.61185653 0.16363525
2426.21474019 0.99997616 0.00013183 -0.02026807 0.31850815 63.74506488 0.04053329 0.70324784 0.12387085
2426.21515772 1.00012263 0.00013184 0.07768885 -0.39316136 62.07336361 0.04167769 0.61945043 0.12387085
2426.21557524 0.99976698 0.00013182 0.38414991 0.17972742 60.39398843 0.03985945 0.64123261 0.12387085
2426.21599277 1.00004950 0.00013183 0.05602186 -0.07897299 58.69462209 0.03551712 0.53798287 0.14373779
2426.21641029 1.00002147 0.00013183 -0.16315310 0.16117060 56.98944950 0.03034328 0.64821294 0.14373779
2426.21682782 1.00008935 0.00013183 0.42673564 0.11480895 55.25311403 0.02922037 0.71123476 0.14373779
2426.21724535 1.00008503 0.00013183 0.39918017 0.20661962 53.50678861 0.02385046 0.63092982 0.12387085
2426.21766288 0.99991688 0.00013182 0.34963238 0.24081285 51.73164619 0.02177947 0.74124074 0.16363525
2426.21808040 1.00008510 0.00013183 0.42286420 0.23156486 49.93431838 0.01559434 0.72986350 0.17361450
2426.21849793 0.99998991 0.00013182 -0.19513306 -0.15946703 48.11316156 0.01241994 0.67747743 0.12387085
2426.21891545 1.00033117 0.00013184 0.13065261 -0.12466537 46.25441750 0.00658168 0.76004746 0.14373779
2426.21933298 1.00012568 0.00013183 -0.04512330 0.42206132 44.38017724 0.00696451 0.82277455 0.12387085
2426.21975050 1.00007115 0.00013182 0.30408615 -0.13154052 42.44970299 0.00425774 0.68275374 0.14373779
2426.22016803 1.00017992 0.00013183 -0.25434315 -0.03784376 40.50448656 0.01047100 0.72117802 0.12387085
2426.22058555 1.00034607 0.00013184 0.25457090 -0.35470918 38.50289519 0.00940825 0.81331606 0.16363525
2426.22100308 1.00012773 0.00013183 0.24611230 0.14857629 36.47261758 0.00731526 0.85147951 0.14373779
2426.22142060 1.00021108 0.00013183 0.26407054 0.28474081 34.39681831 0.00800573 0.79880498 0.14373779
2426.22183813 1.00024534 0.00013183 0.38613442 -0.05840837 32.27195811 0.00618625 0.75764680 0.12387085
2426.22225565 1.00015503 0.00013183 0.60680592 0.12436116 30.11605076 0.00788426 0.88537683 0.12387085
2426.22267318 1.00007133 0.00013183 0.03145943 0.00231200 27.88841783 0.00693220 0.92146698 0.12387085
2426.22309070 1.00028721 0.00013183 0.19191229 0.08207593 25.64123295 0.00128340 0.73633165 0.12387085
2426.22350823 1.00043483 0.00013184 0.08881515 0.03401071 23.31016843 0.00194353 0.75003146 0.14373779
2426.22392575 1.00013846 0.00013183 -0.12876570 0.20449014 20.95239331 0.00000000 0.90701195 0.14373779
2426.22434328 1.00048448 0.00013185 -0.06812415 0.00115600 18.52902348 0.00708462 0.77425040 0.12387085
2426.22476080 1.00045859 0.00013185 -0.22246079 0.05719153 16.05818378 0.00550628 0.71176383 0.12387085
2426.22517833 1.00028750 0.00013184 0.45923612 0.17790216 13.54268203 0.00591974 0.88993576 0.14373779
2426.22559585 1.00039470 0.00013184 -0.16747999 0.23831832 10.96053325 0.00567881 0.75969641 0.12387085
2426.22601337 1.00024064 0.00013183 0.29387078 0.18666342 8.35510120 0.00656547 0.70275561 0.14373779
2426.22643090 1.00003316 0.00013182 0.44716638 0.21793623 5.66825108 0.00808685 0.76448822 0.20352173
2426.22684842 1.00008531 0.00013183 -0.16907410 0.00888294 2.96407026 0.01656503 0.69644436 0.12387085
2426.22726595 1.00002953 0.00013183 0.50217974 0.11420053 0.19919911 0.02214275 0.68453141 0.12387085
2426.22768347 1.00006808 0.00013183 0.36202747 0.02944755 -2.59203396 0.02972538 0.55727486 0.14373779
2426.22810100 0.99988858 0.00013182 -0.27451363 0.01539304 -5.41970386 0.03138951 0.48789767 0.12387085
2426.22851852 0.99994618 0.00013182 0.01138656 -0.20449014 -8.27803026 0.03992054 0.39929857 0.12387085
2426.22893605 1.00010681 0.00013183 0.12967663 -0.11979800 -11.15316160 0.04650202 0.33684302 0.12387085
2426.22935357 1.00007113 0.00013183 -0.04496064 0.38890240 -14.05320460 0.05070235 0.32631801 0.12387085
2426.22977110 0.99992390 0.00013182 0.26572973 0.63068873 -16.95777214 0.06177359 0.22469933 0.12387085
2426.23018862 0.99978450 0.00013182 0.17506018 0.32720858 -19.87061469 0.06953656 0.21794569 0.12387085
2426.23060614 0.99994920 0.00013183 0.26042682 -0.53291553 -22.77967351 0.07122422 0.15433804 0.12387085
2426.23102367 0.99973897 0.00013182 -0.12844037 0.53541005 -25.68092638 0.07337391 0.19571127 0.14373779
2426.23144119 0.99964305 0.00013180 0.19249788 -0.17784132 -28.56494506 0.06808606 0.07479246 0.12387085
2426.23185872 0.99948634 0.00013180 -0.11581755 0.21817960 -31.43485264 0.07542198 0.13044874 0.10400391
2426.23227624 0.99961987 0.00013181 0.17945215 0.00249452 -34.26659644 0.07616003 0.04035496 0.12387085
2426.23269377 0.99983348 0.00013183 0.21754831 -0.23046970 -37.08725336 0.07856149 0.21082682 0.14373779
2426.23311129 0.99974923 0.00013182 0.03552606 0.53735703 -39.84285303 0.08178375 0.17140031 0.14373779
2426.23352882 0.99979851 0.00013183 0.30753464 0.09667803 -42.58125425 0.08002958 0.27957015 0.14373779
2426.23394634 0.99952717 0.00013181 0.42113996 -0.19706741 -45.26065165 0.07970001 0.26236488 0.14373779
2426.23436386 0.99987210 0.00013182 0.29403344 0.71805793 -47.90150085 0.06900819 0.22859962 0.12387085
2426.23478139 0.99987294 0.00013183 0.67655671 -0.29484060 -50.49566676 0.05913863 0.44740936 0.14373779
2426.23519891 0.99979869 0.00013181 0.14743966 0.55080312 -53.02850451 0.04865368 0.30806727 0.12387085
2426.23561644 1.00012609 0.00013183 -0.22594184 0.04891701 -55.53225878 0.04340790 0.34921670 0.14373779
2426.23603396 0.99998973 0.00013182 0.20176980 0.22876613 -57.95249089 0.04095739 0.41582921 0.12387085
2426.23645149 1.00002398 0.00013183 -0.13299499 0.21659771 -60.35199744 0.04066544 0.39895483 0.14373779
2426.23686902 0.99995338 0.00013182 -0.13823281 -0.04417133 -62.67183035 0.03526618 0.38273554 0.12387085
2426.23728654 0.99988420 0.00013182 0.57528138 0.32909468 -64.95981354 0.03246339 0.49512591 0.12387085
2426.23770406 1.00014301 0.00013183 0.22363199 -0.27677050 -67.19013330 0.02630340 0.41557812 0.12387085
2426.23812159 1.00019777 0.00013183 -0.13035981 0.01119494 -69.37123246 0.02107082 0.47024549 0.12387085
2426.23853911 1.00015631 0.00013182 0.31202421 0.27494523 -71.51685137 0.01746808 0.30167231 0.14373779
2426.23895664 0.99988317 0.00013181 -0.08204828 -0.13756388 -73.59842374 0.01775140 0.43794153 0.12387085
2426.23937416 1.00026660 0.00013183 0.35327607 0.28285471 -75.66224698 0.01527207 0.56465633 0.14373779
2426.23979169 1.00004600 0.00013182 0.15963954 0.05530543 -77.65536882 0.01383511 0.52403662 0.10400391
2426.24020921 1.00011793 0.00013182 -0.18716247 0.03741786 -79.63126884 0.00998703 0.39833117 0.12387085
2426.24062674 1.00026016 0.00013183 0.02205739 -0.00559747 -81.55802664 0.00272136 0.46194249 0.12387085
2426.24104426 1.00026293 0.00013183 0.43669075 0.09089803 -83.45608545 0.00829870 0.60572859 0.10400391
2426.24146179 1.00024277 0.00013183 -0.23117965 0.53839135 -85.32372117 0.00606713 0.51919923 0.14373779
2426.24187931 1.00008324 0.00013182 0.60638297 0.37855926 -87.15421987 0.00764504 0.48144637 0.14373779
2426.24229684 1.00004760 0.00013182 0.40731344 -0.21343392 -88.96964852 0.01165950 0.59997025 0.12387085
2426.24271436 1.00013686 0.00013182 0.01929208 0.32806036 -90.74299733 0.01190044 0.52966113 0.14373779
2426.24313189 1.00015537 0.00013182 -0.14831804 0.35884643 -92.50739263 0.01512741 0.31130703 0.12387085
2426.24354941 1.00017828 0.00013183 -0.03237035 -0.00833536 -94.24016109 0.01585635 0.48471290 0.12387085
2426.24396694 1.00023218 0.00013183 0.45259938 -0.25255537 -95.96086974 0.01514307 0.52620930 0.12387085
2426.24438446 1.00027911 0.00013184 0.53250051 0.26563641 -97.66253720 0.01692707 0.57932080 0.12387085
2426.24480199 1.00025135 0.00013184 0.40295401 -0.18982720 -99.34955908 0.02104883 0.55580375 0.14373779
2426.24521951 1.00017657 0.00013183 -0.22223307 0.00906547 -101.02735179 0.01786222 0.53489947 0.16363525
2426.24563704 1.00043986 0.00013184 0.10443100 -0.34625214 -102.69048912 0.01723780 0.44866589 0.12387085
2426.24605456 0.99987501 0.00013181 -0.06509858 -0.39352641 -104.35013440 0.02351292 0.47181477 0.10400391
2426.25273496 1.00020200 0.00013201 -0.05468801 -0.35714287 -131.50409706 0.41064262 0.46513088 0.14373779
2426.25315248 1.00002504 0.00013205 -0.41089207 0.32532245 -133.35959886 0.51389770 0.41809514 0.14373779
2426.25357000 1.00047512 0.00013222 0.25554687 0.26624483 -135.23387339 0.82438182 0.31788617 0.16363525
2426.25398753 1.00019257 0.00013214 0.06952307 -0.45996591 -137.14722160 0.68820725 0.46849471 0.14373779
