# time-2457000 flux       flux_err   x_off      y_off      roll       bg         contam     deltaT    
2439.67222448 0.99998577 0.00013200 -0.30655244 -0.52000219 71.54220698 0.31799177 0.67028737 0.36401367
2439.67264200 0.99983090 0.00013193 -0.48953873 -0.11039675 69.89709215 0.21203100 0.48035531 0.38418579
2439.67305951 0.99949410 0.00013189 -0.13269827 0.85119241 68.27776623 0.17324480 0.50199464 0.38418579
2439.67347703 0.99972931 0.00013189 -0.72096688 -0.29882404 66.68115107 0.14802751 0.36216750 0.38418579
2439.67389455 0.99976310 0.00013188 -0.12169547 0.11940873 65.10471791 0.12115990 0.68079423 0.34387207
2439.67431207 0.99985220 0.00013187 -0.15258701 0.67018354 63.54611357 0.09701038 0.54704296 0.34387207
2439.67472959 0.99973432 0.00013186 -0.41232216 -0.40652820 62.00286022 0.07934216 0.48527986 0.34387207
2439.67514711 0.99954619 0.00013184 -0.17986019 0.37526101 60.47196023 0.05908406 0.73868320 0.34387207
2439.67556463 0.99992692 0.00013186 -0.06426919 0.29690075 58.95172772 0.04949948 0.66945448 0.36401367
2439.67598215 0.99988189 0.00013185 -0.61731404 0.28997692 57.43954230 0.04192109 0.63115368 0.33380127
2439.67639967 0.99974761 0.00013183 0.03898981 -0.08737224 55.93283863 0.03848370 0.47917858 0.37411499
2439.67681718 0.99975835 0.00013184 -0.10429282 -0.04044401 54.42943552 0.03394121 0.63118035 0.32373047
2439.67723471 0.99981397 0.00013184 -0.11111111 0.15748984 52.92691604 0.03237319 0.74094784 0.32373047
2439.67765222 0.99974910 0.00013184 -0.21697928 0.28816354 51.42329791 0.02655541 0.78901622 0.32373047
2439.67806974 0.99967022 0.00013183 0.01334121 0.19188921 49.91602381 0.02269271 0.70501197 0.32373047
2439.67848726 1.00008432 0.00013185 -0.79956186 -0.29272446 48.40298093 0.01981103 0.61006026 0.30364990
2439.67890478 0.99997927 0.00013185 -0.29163590 -0.00967139 46.88139244 0.01815240 0.72980317 0.32373047
2439.67932230 0.99989763 0.00013184 -0.04177128 0.25063193 45.34927061 0.01287618 0.72297965 0.30364990
2439.67973982 0.99991338 0.00013184 -0.34874219 0.20375866 43.80406538 0.01204521 0.79896563 0.32373047
2439.68015734 0.99988139 0.00013184 -0.20809335 0.01637543 42.24280950 0.00878153 0.78226100 0.32373047
2439.68057485 1.00000035 0.00013184 -0.52461475 -0.06671063 40.66409853 0.01120075 0.66646392 0.32373047
2439.68099237 0.99971921 0.00013183 -0.23851721 0.29981318 39.06442987 0.01926750 0.91553847 0.28356934
2439.68140989 1.00000081 0.00013185 0.29988185 -0.17463458 37.44178388 0.01113352 0.80498914 0.32373047
2439.68182741 0.99992233 0.00013184 -0.50497216 0.34926915 35.79291465 0.01104603 0.93743996 0.30364990
2439.68224493 0.99997564 0.00013184 -0.33197951 0.04687328 34.11560824 0.00965085 0.77077452 0.28356934
2439.68266245 0.99991547 0.00013184 -0.08194260 -0.09187823 32.40667671 0.00988935 0.70641487 0.28356934
2439.68307997 0.99980974 0.00013184 0.12169547 0.36976591 30.66337183 0.00688052 1.00000000 0.30364990
2439.68349749 1.00013306 0.00013185 -0.46263477 0.01186944 28.88258225 0.00706955 0.84469790 0.26351929
2439.68391500 1.00023420 0.00013186 -0.38566434 -0.11682603 27.06129635 0.00262301 0.81676363 0.30364990
2439.68433253 1.00008566 0.00013184 -0.29751882 -0.07193098 25.19669989 0.00374498 0.72617171 0.28356934
2439.68475004 1.00006925 0.00013185 -0.22192684 0.27448070 23.28534693 0.00213120 0.92371562 0.30364990
2439.68516756 0.99993460 0.00013184 -0.57091516 0.33124518 21.32419293 0.00499881 0.91424233 0.28356934
2439.68558508 1.00023223 0.00013185 -0.09528381 -0.35432464 19.31010974 0.00408754 0.60632322 0.30364990
2439.68600260 0.99999147 0.00013184 -0.45357653 0.15100561 17.24000658 0.00458824 0.74750703 0.30364990
2439.68642012 1.00004770 0.00013185 -0.24309556 0.14254314 15.11090427 0.00741733 0.76406382 0.28356934
2439.68683764 1.00018825 0.00013185 0.00319992 0.05209364 12.91942528 0.00686647 0.74633790 0.30364990
2439.68725516 0.99994886 0.00013184 -0.75023383 0.25409386 10.66347592 0.00880436 0.77615762 0.28356934
2439.68767267 1.00013529 0.00013185 -0.29776499 0.07149138 8.34035564 0.00600878 0.67293394 0.28356934
2439.68809019 1.00014656 0.00013185 0.03534682 0.04923618 5.94757576 0.00544255 0.68924604 0.28356934
2439.68850771 1.00010337 0.00013185 -0.66472208 0.28266841 3.48350162 0.01069186 0.63294666 0.30364990
2439.68892523 0.99995480 0.00013184 -0.02899621 -0.15584131 0.94732702 0.01838294 0.49738993 0.28356934
2439.68934275 1.00002719 0.00013185 0.09358539 -0.05335751 -1.66193782 0.01829093 0.63107189 0.26351929
2439.68976027 0.99972643 0.00013183 -0.69576132 0.31355095 -4.34412419 0.02788813 0.55932551 0.30364990
2439.69017779 0.99984604 0.00013184 -0.79791266 -0.47505221 -7.09841713 0.03225022 0.60183835 0.28356934
2439.69059531 0.99975666 0.00013184 0.07591198 0.04907133 -9.92251018 0.03829596 0.55500057 0.28356934
2439.69101283 0.99995318 0.00013185 -0.02611628 0.31217715 -12.81332805 0.04539790 0.56853458 0.28356934
2439.69143035 0.99965298 0.00013184 -0.60581893 0.25200573 -15.76756378 0.05674146 0.44680820 0.28356934
2439.69184786 0.99988476 0.00013185 -0.22044995 0.22799209 -18.77956981 0.06138711 0.16653566 0.28356934
2439.69226539 0.99952944 0.00013183 -0.03825137 -0.52923399 -21.84263873 0.06707406 0.23498857 0.28356934
2439.69268290 0.99962980 0.00013183 -0.26670113 0.12886031 -24.95016337 0.07040881 0.01622398 0.28356934
2439.69310042 1.00006598 0.00013187 -0.56527841 0.29503241 -28.09307636 0.06847786 0.29767009 0.26351929
2439.69351794 0.99970589 0.00013184 -0.23664649 0.06956808 -31.26219162 0.07024225 0.11787897 0.30364990
2439.69393546 0.99962155 0.00013184 -0.41301137 0.36416090 -34.44822581 0.07471422 0.21932376 0.28356934
2439.69435298 0.99939954 0.00013183 -0.07861961 -0.18754809 -37.64033953 0.07657718 0.28488899 0.26351929
2439.69477050 0.99947463 0.00013183 -0.31250924 0.81212223 -40.82847788 0.07869427 0.13357067 0.28356934
2439.69518802 0.99939498 0.00013182 -0.28905135 -0.35965490 -44.00175212 0.07509184 0.24925695 0.28356934
2439.69560553 0.99947828 0.00013183 0.01814109 0.40229696 -47.15055093 0.06632905 0.38069118 0.28356934
2439.69602305 0.99973718 0.00013184 -0.24646778 -0.28865808 -50.26545060 0.06121791 0.24776567 0.28356934
2439.69644057 0.99993079 0.00013185 0.02377788 -0.03319046 -53.33829120 0.04462522 0.51389044 0.28356934
2439.69685809 0.99984333 0.00013184 -0.76268893 -0.00538521 -56.36061228 0.04212820 0.35170954 0.28356934
2439.69727561 0.99969862 0.00013183 -0.08302565 0.16930433 -59.32670364 0.03695815 0.56222120 0.26351929
2439.69769313 0.99988611 0.00013184 -0.35703737 0.02038686 -62.23049989 0.03582732 0.34397730 0.30364990
2439.69811065 0.99991967 0.00013184 0.17469108 -0.00631938 -65.06823566 0.02928643 0.52947996 0.30364990
2439.69852817 0.99947638 0.00013181 -0.48656034 -0.01917793 -67.83597851 0.02745237 0.51701689 0.28356934
2439.69894568 0.99979671 0.00013183 -0.34984985 0.42526650 -70.53278662 0.02324353 0.52209743 0.28356934
2439.69936321 1.00011562 0.00013185 -0.16302368 -0.22216727 -73.15660823 0.01757386 0.42354599 0.26351929
2439.69978072 0.99999965 0.00013184 0.01127357 0.15029123 -75.70712863 0.01328831 0.52479501 0.24349976
2439.70019824 0.99975074 0.00013182 -0.21274553 0.06868887 -78.18557274 0.01201539 0.49429095 0.28356934
2439.70061576 0.99992734 0.00013183 -0.48311427 -0.16732608 -80.59262457 0.00821878 0.38074645 0.25350952
2439.70103328 0.99997949 0.00013183 0.15179934 -0.08495439 -82.92958987 0.00558774 0.52353377 0.26351929
2439.70145080 0.99985263 0.00013182 -0.44587210 0.75233543 -85.19915886 0.00443887 0.50348083 0.26351929
2439.70186832 0.99974623 0.00013182 0.15846995 0.17699747 -87.40320992 0.00930059 0.46245982 0.28356934
2439.70228584 1.00004629 0.00013184 -0.07091518 -0.35102758 -89.54485765 0.00918144 0.63349639 0.27352905
2439.70270335 1.00013155 0.00013184 -0.54081130 0.47043630 -91.62682137 0.00653468 0.45345499 0.26351929
2439.70312088 1.00016369 0.00013185 -0.80007875 -0.20908891 -93.65222085 0.00707292 0.52064125 0.26351929
2439.70353839 0.99983059 0.00013182 0.26766109 -0.06802946 -95.62400630 0.00738999 0.42841702 0.28356934
2439.70395592 1.00003328 0.00013184 0.28587604 0.29684579 -97.54563245 0.01223837 0.39140508 0.28356934
2439.70437344 1.00004682 0.00013184 -0.55262637 -0.30783603 -99.41992345 0.01542784 0.46890813 0.26351929
2439.70479096 1.00004705 0.00013184 -0.35250825 -0.29365864 -101.25033180 0.01496938 0.39320480 0.26351929
2439.70520848 1.00010066 0.00013184 -0.17619258 -0.00511045 -103.03951669 0.01881869 0.41112247 0.24349976
2439.70562600 0.99982881 0.00013183 -0.27910697 -0.34360918 -104.79086676 0.01451724 0.45355666 0.26351929
2439.70604352 0.99992441 0.00013183 -0.17021120 0.35201672 -106.50740533 0.01367088 0.38689150 0.24349976
2439.70646104 1.00000944 0.00013183 -0.38701817 0.22595890 -108.19179577 0.01355495 0.35088283 0.26351929
2439.70687856 0.99991240 0.00013184 0.05309408 0.46785361 -109.84700235 0.01714908 0.57198765 0.26351929
2439.70729608 0.99996386 0.00013184 -0.36486486 -0.20562699 -111.47587141 0.01740306 0.48801215 0.24349976
2439.70771359 1.00007024 0.00013184 -0.23888643 0.26382020 -113.08093900 0.01742122 0.23752730 0.26351929
2439.70813112 0.99979805 0.00013183 -0.02985773 -0.19782394 -114.66520446 0.01273063 0.54907739 0.24349976
2439.70854863 0.99984179 0.00013182 -0.62824297 0.28942740 -116.23088252 0.01430039 0.36549057 0.26351929
2439.70896615 1.00015113 0.00013184 -0.22913897 -0.46972194 -117.78069174 0.01112011 0.33424826 0.24349976
2439.70938367 1.00003382 0.00013183 -0.17346035 0.23205847 -119.31693296 0.01134711 0.27636341 0.24349976
2439.70980119 0.99972524 0.00013182 -0.21887462 0.22689307 -120.84228262 0.01455334 0.32364877 0.26351929
2439.71021871 1.00019221 0.00013185 -0.28060848 -0.17210683 -122.35884950 0.01531095 0.37023685 0.24349976
2439.71063622 1.00001179 0.00013184 0.08309949 0.00983625 -123.86924367 0.01589843 0.56072181 0.28356934
2439.71105375 0.99987580 0.00013183 -0.28329149 0.06088581 -125.37597011 0.02014591 0.37753273 0.25350952
2439.71147126 0.99993134 0.00013183 -0.30153105 0.11594681 -126.88057011 0.01394554 0.32257924 0.26351929
2439.71188878 0.99997882 0.00013183 -0.03071924 0.36174306 -128.38620285 0.01907049 0.29838658 0.26351929
2439.71230630 0.99997469 0.00013184 -0.41904199 0.03110232 -129.89458160 0.02125881 0.44784997 0.26351929
2439.71272382 1.00029385 0.00013186 -0.32198593 -0.48681173 -131.40855306 0.02351524 0.25694515 0.26351929
2439.71314134 0.99991640 0.00013184 -0.01991336 0.43818003 -132.93035055 0.02680434 0.36036827 0.24349976
2439.71355886 0.99998177 0.00013184 -0.41749126 0.65501702 -134.46221814 0.02237878 0.42469624 0.26351929
2439.71397638 1.00018562 0.00013185 -0.15994683 -0.44867569 -136.00647714 0.02474536 0.37137555 0.26351929
2439.71439390 0.99977962 0.00013182 -0.15204549 0.15155512 -137.56567275 0.03207106 0.16771131 0.26351929
2439.71481141 1.00016405 0.00013185 -0.37040320 -0.02610177 -139.14235624 0.03219326 0.21772395 0.26351929
2439.71522894 1.00035941 0.00013187 -0.20112735 0.09935158 -140.73908565 0.04444200 0.22308545 0.26351929
2439.71564645 1.00024226 0.00013187 -0.19512135 0.28508627 -142.35835794 0.05727748 0.22038569 0.26351929
2439.71606397 1.00013228 0.00013191 -0.67629105 0.00604462 -144.00289373 0.15171433 0.30338374 0.26351929
2439.71648149 1.00033690 0.00013207 0.02712549 0.08687768 -145.67561780 0.42129048 0.22952178 0.24349976
2439.71689901 1.00010398 0.00013211 -0.31250924 0.25684142 -147.37897481 0.53388821 0.20174863 0.28356934
2439.71731653 1.00104363 0.00013224 -0.29503274 -0.48653698 -149.11626212 0.66000012 0.25789093 0.28356934
2439.73986255 0.99964290 0.00013204 0.63188601 0.00642928 75.73999803 0.44324900 0.51151190 0.38418579
2439.74028007 0.99951057 0.00013200 0.74575394 0.26052314 74.02449139 0.37751154 0.50791734 0.38418579
2439.74069758 0.99947305 0.00013198 -0.37473539 0.38377842 72.32471671 0.34099917 0.65604821 0.40441895
2439.74111511 0.99990872 0.00013191 -0.59567767 -0.74216944 70.67569923 0.15033525 0.56622075 0.36401367
2439.74153262 0.99965855 0.00013189 -0.30719244 0.10341796 69.03694509 0.15053090 0.62078433 0.34387207
2439.74195014 0.99978059 0.00013190 -0.31477380 0.25475326 67.43375050 0.14521203 0.70550449 0.36401367
2439.74236766 0.99977937 0.00013189 -0.45564416 -0.36712825 65.84570818 0.14071547 0.54989389 0.33380127
2439.74278518 0.99974129 0.00013188 -0.18584158 0.42213431 64.27829303 0.12041123 0.66452103 0.34387207
2439.74320270 1.00000231 0.00013188 -0.34770837 -0.27426091 62.72875530 0.09309932 0.54603898 0.35394287
2439.74362021 0.99984128 0.00013186 -0.32294589 -0.06363337 61.18888568 0.06912534 0.63636807 0.32373047
2439.74403774 0.99982442 0.00013185 0.25530449 0.12358501 59.66680562 0.05500989 0.65175137 0.32373047
2439.74445525 1.00007409 0.00013186 -0.56350613 -0.04714804 58.14854668 0.04187692 0.50421146 0.32373047
2439.74487277 0.99972500 0.00013185 -0.32658887 0.13880646 56.64140489 0.06468491 0.62832192 0.30364990
2439.74529029 0.99981577 0.00013184 0.05203564 0.13869657 55.13603626 0.03244935 0.69207757 0.28356934
2439.74570781 0.99977315 0.00013184 -0.13538128 0.01384768 53.63426191 0.03846324 0.69509729 0.28356934
2439.74612533 1.00001006 0.00013185 -0.10621277 0.23705901 52.13136827 0.03269713 0.65258540 0.26351929
2439.74654285 0.99995631 0.00013185 -0.22709595 0.21205626 50.62753045 0.02692541 0.77981958 0.30364990
2439.74696037 0.99997440 0.00013185 -0.47932360 -0.54187274 49.11653883 0.01905477 0.76827619 0.26351929
2439.74737789 0.99992989 0.00013184 -0.51572883 0.25640181 47.60341353 0.02204462 0.64015098 0.26351929
2439.74779540 1.00004194 0.00013185 -0.16989121 -0.24414770 46.07358749 0.01519890 0.68939677 0.26351929
2439.74821293 1.00010799 0.00013185 -0.22628365 0.68293220 44.53814005 0.01654192 0.76170466 0.28356934
2439.74863044 1.00008855 0.00013185 -0.13104908 -0.00021980 42.98395676 0.01595313 0.83933238 0.28356934
2439.74904796 0.99998930 0.00013184 -0.51435041 -0.36817232 41.41507454 0.01250840 0.60266783 0.28356934
2439.74946548 0.99993965 0.00013184 -0.56874907 0.14457633 39.82869027 0.01155447 0.79347897 0.26351929
2439.74988300 1.00025186 0.00013186 -0.01986413 -0.33805913 38.21489179 0.01096996 0.64498606 0.26351929
2439.75030052 0.99995124 0.00013185 -0.34165314 0.30679196 36.58832497 0.01162926 0.94793381 0.26351929
2439.75071804 0.99989898 0.00013184 -0.39088270 0.19265853 34.91752277 0.00931721 0.79627799 0.26351929
2439.75113557 0.99978492 0.00013183 -0.01971644 -0.00697879 33.23444219 0.00910881 0.80486229 0.27352905
2439.75155308 1.00014391 0.00013186 0.08484714 0.40086824 31.50109035 0.00867376 0.92929806 0.26351929
2439.75197061 0.99986310 0.00013183 -0.06894600 0.02566216 29.74362837 0.00469100 0.73245460 0.26351929
2439.75238812 1.00008287 0.00013185 -0.76795650 -0.27283219 27.94325830 0.00618625 0.73273447 0.24349976
2439.75280564 1.00010557 0.00013185 -0.20415497 0.05791845 26.09808521 0.00450532 0.78471371 0.26351929
2439.75322316 0.99987350 0.00013184 0.06148772 0.30206615 24.22120321 0.00420363 0.86602062 0.24349976
2439.75364068 1.00027995 0.00013186 -0.72992665 0.16765578 22.27408597 0.00316739 0.77761242 0.26351929
2439.75405820 1.00022267 0.00013185 -0.41136217 -0.26997471 20.30707678 0.00633798 0.63736310 0.24349976
2439.75447572 1.00014840 0.00013185 -0.26101512 -0.09055940 18.24714372 0.00462988 0.77264964 0.24349976
2439.75489324 1.00029421 0.00013186 -0.62364006 0.16622706 16.15931084 0.01282311 0.75898659 0.26351929
2439.75531076 1.00013332 0.00013186 0.03418993 0.12951973 13.99314132 0.01794030 0.81295192 0.26351929
2439.75572827 1.00023771 0.00013187 -0.35972038 0.11160567 11.77083797 0.02343831 0.74713234 0.24349976
2439.75614580 1.00011581 0.00013185 -0.22758825 0.00686889 9.48975931 0.00933855 0.63624060 0.24349976
2439.75656331 0.99985259 0.00013183 0.01887953 0.01549621 7.12118670 0.00296011 0.68705950 0.24349976
2439.75698083 0.99985769 0.00013183 -0.35592970 0.21134190 4.71763446 0.00885666 0.78078743 0.26351929
2439.75739835 1.00021664 0.00013186 -0.51619655 -0.02500275 2.19413137 0.01217306 0.64652355 0.24349976
2439.75781587 0.99982629 0.00013183 0.31797370 0.10204418 -0.35858684 0.01664518 0.58314539 0.26351929
2439.75823339 0.99983883 0.00013184 -0.11404027 0.05302780 -3.01943843 0.02586665 0.54205091 0.22348022
2439.75865091 0.99983151 0.00013184 -0.72921282 0.17177711 -5.73017199 0.03273603 0.54697147 0.26351929
2439.75906843 1.00004025 0.00013185 -0.32905036 -0.36119354 -8.51821822 0.03849730 0.39522271 0.22348022
2439.75948594 0.99958636 0.00013183 -0.02092256 0.14023519 -11.38031856 0.04317190 0.61050225 0.26351929
2439.75990346 0.99966616 0.00013183 -0.34738839 0.47428289 -14.28822321 0.04874258 0.26727680 0.24349976
2439.76032098 0.99993896 0.00013185 -0.17973712 0.64358723 -17.28552726 0.05879570 0.20005015 0.22348022
2439.76073850 0.99993320 0.00013185 0.00024615 0.02313441 -20.30542133 0.06268903 0.15617275 0.24349976
2439.76115602 0.99980791 0.00013185 -0.17771870 -0.47450268 -23.40539049 0.07112289 0.11859225 0.24349976
2439.76157354 0.99954687 0.00013183 -0.77361786 0.93741071 -26.52319230 0.07096792 0.34834551 0.24349976
2439.76199106 0.99967430 0.00013184 -0.08684094 -0.27371138 -29.68330226 0.06682849 0.30310447 0.24349976
2439.76240858 0.99974826 0.00013184 -0.44818589 0.08451478 -32.85917654 0.07424491 0.19920792 0.22348022
2439.76282610 0.99956247 0.00013183 -0.18941072 0.00005495 -36.04942188 0.07610894 0.11264560 0.26351929
2439.76324362 0.99994405 0.00013186 -0.09570226 0.05500605 -39.23806436 0.07405917 0.26979026 0.22348022
2439.76366113 0.99944371 0.00013183 -0.17213115 0.31965050 -42.42610784 0.08325158 0.24547994 0.24349976
2439.76407866 0.99924239 0.00013182 0.18532467 0.02731069 -45.58030406 0.07722798 0.33131955 0.24349976
2439.76449617 1.00002260 0.00013186 -0.26569194 0.49148259 -48.72064023 0.06535282 0.21128636 0.22348022
2439.76491369 0.99990863 0.00013185 -0.08834244 -0.29618639 -51.80923105 0.05261792 0.42443244 0.22348022
2439.76533121 0.99989790 0.00013184 -0.51597500 0.37009561 -54.85986362 0.04676941 0.34192777 0.24349976
2439.76574873 0.99984440 0.00013184 -0.22510216 0.22568414 -57.85928390 0.03973317 0.39160921 0.24349976
2439.76616625 1.00017949 0.00013186 -0.20979176 0.08434993 -60.78823787 0.03444304 0.33855360 0.22348022
2439.76658376 0.99987245 0.00013184 -0.24238172 -0.04885152 -63.67945354 0.03206584 0.36148493 0.24349976
2439.76700129 0.99983978 0.00013183 0.07372126 -0.06335861 -66.46414512 0.02660224 0.50924395 0.26351929
2439.76741880 0.99992104 0.00013184 -0.53025156 -0.15776458 -69.22068672 0.02443839 0.46417142 0.24349976
2439.76783632 0.99978278 0.00013182 -0.28334072 0.36152324 -71.86244742 0.01620455 0.41187309 0.24349976
2439.76825384 1.00006206 0.00013184 -0.26842415 -0.18199801 -74.46169485 0.01670668 0.37863265 0.24349976
2439.76867136 1.00015301 0.00013184 -0.25683060 0.08803165 -76.97423918 0.01329334 0.34466621 0.24349976
2439.76908888 0.99998620 0.00013183 -0.28617141 -0.00653918 -79.41607461 0.00948007 0.39706471 0.20352173
2439.76950640 1.00016330 0.00013184 -0.35268056 -0.05984174 -81.80118786 0.00516913 0.31721095 0.24349976
2439.76992392 1.00006854 0.00013184 -0.20198888 0.42570612 -84.09175062 0.00486806 0.46560020 0.22348022
2439.77034144 1.00014148 0.00013184 -0.39110422 0.64897239 -86.35503825 0.00308296 0.37704494 0.24349976
2439.77075895 0.99997159 0.00013183 0.30059567 -0.35635784 -88.50549174 0.00571096 0.46392231 0.22348022
2439.77117648 0.99990281 0.00013183 -0.46760696 0.11710078 -90.63161903 0.00812566 0.52639026 0.20352173
2439.77159399 1.00018021 0.00013185 -0.65187317 0.36767778 -92.67721362 0.00974204 0.48653853 0.22348022
2439.77201151 1.00000475 0.00013184 -0.20329346 -0.24156500 -94.67945881 0.00972893 0.48797510 0.24349976
2439.77242903 1.00029580 0.00013185 0.52525479 -0.08121771 -96.63037480 0.00855364 0.37854415 0.24349976
2439.77284655 1.00013947 0.00013185 -0.13973810 0.19090010 -98.52305251 0.01636195 0.42634303 0.22348022
2439.77326407 0.99989879 0.00013183 -0.74284941 -0.32877240 -100.38878637 0.01636744 0.54755446 0.22348022
2439.77368159 1.00041787 0.00013186 -0.14057501 -0.07220574 -102.18618212 0.01330830 0.40098136 0.22348022
2439.77409911 1.00002440 0.00013184 -0.29911879 -0.37773383 -103.96788655 0.01408541 0.55648541 0.22348022
2439.77451663 1.00017911 0.00013184 -0.21390243 0.25140125 -105.69300711 0.01367634 0.28931712 0.20352173
2439.77493414 1.00012500 0.00013184 -0.35506818 0.36196285 -107.39769645 0.01444071 0.35832208 0.23348999
2439.77535166 1.00002124 0.00013184 0.22943436 0.36421585 -109.06637320 0.01509688 0.36799381 0.20352173
2439.77576918 1.00012346 0.00013184 -0.27834392 -0.01186944 -110.70733875 0.01688224 0.39057065 0.22348022
2439.77618670 1.00007858 0.00013184 -0.39807022 -0.22222222 -112.32881321 0.01503763 0.49422248 0.22348022
2439.77660422 0.99986275 0.00013183 -0.07002904 0.22579405 -113.91863380 0.01323537 0.42528525 0.24349976
2439.77702174 1.00012925 0.00013184 -0.13707970 -0.16864491 -115.49995014 0.01432275 0.36095849 0.23348999
2439.77743926 1.00014121 0.00013184 -0.56047851 0.14858776 -117.05160913 0.01286602 0.38176703 0.22348022
2439.77785677 1.00020306 0.00013185 -0.03665141 -0.38630620 -118.59715044 0.01363923 0.50730505 0.24349976
2439.77827430 1.00016775 0.00013184 -0.14195342 0.21491373 -120.12582877 0.01202446 0.23185054 0.21350098
2439.77869181 1.00000868 0.00013183 -0.40744844 0.29981318 -121.64688145 0.01315009 0.28929540 0.24349976
2439.77910933 1.00026900 0.00013186 -0.18854921 -0.32009012 -123.16007823 0.01751495 0.46336483 0.24349976
2439.77952685 0.99996394 0.00013183 0.08738247 0.10143972 -124.66757955 0.01803508 0.32146697 0.22348022
2439.77994437 0.99996619 0.00013183 -0.54058975 0.24618089 -126.17286427 0.01663786 0.29698024 0.22348022
2439.78036189 1.00012918 0.00013185 0.00721213 0.23694912 -127.67760776 0.01760908 0.46197963 0.20352173
2439.78077941 0.99986482 0.00013183 -0.22906514 0.46669963 -129.18343132 0.01929007 0.34990951 0.20352173
2439.78119693 0.99999239 0.00013184 -0.64429182 -1.00000000 -130.69461098 0.01893204 0.53786673 0.24349976
2439.78161445 1.00024669 0.00013185 -0.51474428 -0.26013848 -132.21145792 0.02126123 0.29745985 0.24349976
2439.78203196 0.99979648 0.00013182 -0.21153940 1.00000000 -133.73694771 0.02414071 0.32008129 0.26351929
2439.78244949 1.00024345 0.00013185 -0.33840397 0.04110342 -135.27577968 0.02373092 0.33462966 0.22348022
2439.78286700 1.00006665 0.00013184 -0.16784817 -0.71337509 -136.82273908 0.02639102 0.14942032 0.24349976
2439.78328452 1.00026355 0.00013186 -0.02062718 0.44345534 -138.39456438 0.03267450 0.18201238 0.24349976
2439.78370204 1.00014082 0.00013186 -0.53037465 -0.31481481 -139.97361894 0.03785122 0.51014662 0.22348022
2439.78411956 1.00028081 0.00013187 -0.41882047 0.27904165 -141.58724955 0.05342215 0.24691929 0.22348022
2439.78453708 0.99996329 0.00013186 -0.48737261 0.29184526 -143.21454311 0.07699380 0.24970844 0.24349976
2439.78495460 0.99983696 0.00013197 -0.61357260 0.49505439 -144.87393110 0.27281204 0.57258863 0.22348022
2439.78537212 1.00004007 0.00013202 -0.01988874 0.22260688 -146.56200432 0.37533704 0.27490793 0.22348022
2439.78578963 1.00031868 0.00013213 -0.30770934 -0.07973403 -148.27609201 0.54926824 0.16925063 0.24349976
2439.78620715 1.00028605 0.00013212 -0.26899031 -0.03665238 -150.03782573 0.52931382 0.31858757 0.24349976
2439.80917070 0.99958257 0.00013201 1.00000000 0.40520936 73.12470580 0.38771909 0.59273794 0.38418579
2439.80958823 0.99993789 0.00013197 0.99369860 0.46807343 71.44045557 0.27282142 0.64618222 0.36401367
2439.81000574 0.99947850 0.00013191 -0.59978831 -0.05940213 69.80529238 0.21187526 0.55487515 0.36401367
2439.81042326 0.99970121 0.00013191 -0.59836066 0.60572588 68.17979196 0.18807800 0.49445872 0.33380127
2439.81084078 0.99980821 0.00013190 -0.58967161 -0.34152105 66.58783497 0.16037125 0.56051496 0.32373047
2439.81125830 0.99992320 0.00013190 -0.06089696 0.19117485 65.01028013 0.13669539 0.55714802 0.32373047
2439.81167582 0.99957423 0.00013186 -0.10143750 0.35850093 63.45180779 0.10342862 0.55739320 0.34387207
2439.81209333 0.99977623 0.00013186 -0.30327868 -0.42878339 61.91014400 0.08235784 0.66846162 0.28356934
2439.81251086 0.99976046 0.00013185 0.06018313 0.27640399 60.37726923 0.06079229 0.64493792 0.30364990
2439.81292837 0.99984025 0.00013185 -0.19430906 0.06682053 58.86049142 0.04922982 0.64011928 0.30364990
2439.81334589 0.99997317 0.00013185 -0.64237189 0.04484009 57.34700291 0.03956440 0.64370653 0.26351929
2439.81376341 0.99980586 0.00013184 -0.09639148 0.14842290 55.84311864 0.03851847 0.63910377 0.28356934
2439.81418093 0.99972789 0.00013184 -0.21198247 0.01285856 54.34031224 0.03270884 0.70690495 0.26351929
2439.81459845 1.00003012 0.00013186 -0.23930489 0.22062863 52.83972865 0.03026108 0.73906491 0.26351929
2439.81501597 0.99987261 0.00013185 -0.18675232 0.13182767 51.33689285 0.03188011 0.77317888 0.26351929
2439.81543349 1.00010636 0.00013186 -0.28036234 -0.11468294 49.83231850 0.02568759 0.67959435 0.26351929
2439.81585101 0.99998687 0.00013184 -0.86917245 -0.30212110 48.31881065 0.01686326 0.57486130 0.26351929
2439.81626852 0.99978979 0.00013183 -0.29508197 0.18765798 46.80267946 0.02121797 0.70252033 0.26351929
2439.81668605 0.99986969 0.00013184 -0.16248216 0.17699747 45.26815315 0.01953998 0.78703720 0.24349976
2439.81710356 0.99987076 0.00013184 -0.24312016 0.19903286 43.72737234 0.01679791 0.81045815 0.22348022
2439.81752108 1.00010072 0.00013185 -0.24127406 -0.16479833 42.16635621 0.01350638 0.65316471 0.26351929
2439.81793860 1.00000503 0.00013184 -0.77950078 -0.09583471 40.58950390 0.01395549 0.65088156 0.24349976
2439.81835612 0.99979446 0.00013184 -0.24472013 0.40724257 38.99422206 0.02024780 0.97013610 0.24349976
2439.81877364 0.99998948 0.00013184 0.20289962 -0.04236729 37.36963111 0.00970878 0.66315779 0.24349976
2439.81919116 1.00011828 0.00013185 -0.39890710 0.15628091 35.73175795 0.00985724 0.86354215 0.24349976
2439.81960868 1.00043861 0.00013187 -0.31007236 0.10748434 34.04709006 0.00831117 0.77262875 0.22348022
2439.82002620 1.00006425 0.00013185 -0.08159799 -0.00456094 32.34957984 0.01092688 0.71787992 0.24349976
2439.82044371 1.00021144 0.00013186 0.15268548 0.24172986 30.60040038 0.00881830 0.89457645 0.24349976
2439.82086124 1.00024199 0.00013186 -0.54925418 -0.16941422 28.82564031 0.00546511 0.80048807 0.24349976
2439.82127875 1.00001626 0.00013184 -0.36978781 -0.01033081 27.00669271 0.00493763 0.77963014 0.24349976
2439.82169627 1.00018945 0.00013185 0.02744548 0.10220903 25.14080682 0.00427528 0.78404244 0.24349976
2439.82211379 1.00030745 0.00013186 -0.29554966 0.00379163 23.24257024 0.00344471 0.72582768 0.24349976
2439.82253131 0.99982321 0.00013183 -0.64633489 0.20408836 21.27129680 0.00644832 0.90814732 0.20352173
2439.82294883 1.00041365 0.00013187 -0.08260719 -0.19787888 19.27939012 0.00522729 0.74626159 0.24349976
2439.82336634 1.00009090 0.00013185 -0.45579186 0.16793054 17.19271947 0.00552600 0.73453523 0.22348022
2439.82378387 1.00020881 0.00013185 -0.40355930 0.30409935 15.07668656 0.00443270 0.77078871 0.24349976
2439.82420138 1.00034676 0.00013186 0.12061241 -0.04363117 12.88130297 0.00236802 0.75123616 0.24349976
2439.82461890 1.00012379 0.00013185 -0.73356962 0.20551708 10.62766748 0.00695337 0.77027668 0.24349976
2439.82503642 1.00012928 0.00013185 -0.24954462 0.17304100 8.31483256 0.00762267 0.69201349 0.24349976
2439.82545394 1.00027088 0.00013186 0.11674789 0.03346522 5.91239870 0.00579299 0.65128723 0.22348022
2439.82587146 0.99995037 0.00013184 -0.62521535 0.27156830 3.47543944 0.01225086 0.63304149 0.20352173
2439.82628898 1.00043058 0.00013187 -0.30002955 -0.20134081 0.91634166 0.01557003 0.51309536 0.22348022
2439.82670650 0.99982535 0.00013183 -0.00950130 -0.24546653 -1.67198699 0.01801838 0.55875965 0.20352173
2439.82712402 0.99995998 0.00013184 -0.54238665 0.39894494 -4.36762583 0.03048244 0.53475805 0.22348022
2439.82754153 1.00005087 0.00013185 -0.68448776 -0.32684910 -7.11360539 0.03129069 0.44314825 0.20352173
2439.82795906 1.00026520 0.00013187 -0.00598139 0.14666447 -9.93543162 0.03980157 0.54939945 0.22348022
2439.82837657 0.99975721 0.00013184 -0.06111849 0.32965162 -12.83042648 0.04035145 0.58060087 0.24349976
2439.82879409 0.99957789 0.00013183 -0.41623589 0.34185076 -15.76936435 0.05704570 0.29290993 0.22348022
2439.82921161 0.99983933 0.00013184 -0.32353666 0.24387296 -18.79457120 0.05969006 0.17431218 0.22348022
2439.82962913 0.99966213 0.00013183 -0.11827401 -0.59237278 -21.84109903 0.06303541 0.02848949 0.22348022
2439.83004665 0.99940538 0.00013182 -0.10288978 0.12462908 -24.96164268 0.07248395 0.23042096 0.24349976
2439.83046417 0.99951915 0.00013183 -0.42901099 0.19677986 -28.09818643 0.06906321 0.24651132 0.22348022
2439.83088169 0.99979624 0.00013184 -0.28068233 -0.19188921 -31.27143815 0.06806807 0.13474390 0.20352173
2439.83129921 0.99978381 0.00013185 -0.27615321 0.33899328 -34.45626338 0.07297040 0.19853355 0.22348022
2439.83171672 0.99936096 0.00013182 0.00334761 -0.12111221 -37.65132665 0.07753743 0.26765722 0.22348022
2439.83213424 0.99956328 0.00013183 -0.37754148 0.64265305 -40.83787469 0.08193546 0.14738753 0.20352173
2439.83255176 0.99965573 0.00013184 -0.37416926 -0.35207164 -44.02169538 0.07538603 0.23381788 0.22348022
2439.83296928 0.99969175 0.00013184 0.19376753 0.30085725 -47.16331087 0.06397874 0.38069701 0.22348022
2439.83338680 0.99981099 0.00013185 0.03158076 0.00653918 -50.28932269 0.06363856 0.41233014 0.22348022
2439.83380432 0.99987415 0.00013184 -0.22241914 0.10418727 -53.35833230 0.04723606 0.30454811 0.24349976
2439.83422184 0.99988759 0.00013184 -0.63053215 -0.01417738 -56.38614138 0.03689851 0.35349052 0.21350098
2439.83463935 0.99970948 0.00013183 -0.17134348 0.19254863 -59.35971895 0.03514610 0.34031483 0.20352173
2439.83505688 0.99966214 0.00013182 -0.71451777 -0.07995384 -62.25930648 0.03328504 0.36075842 0.22348022
2439.83547439 0.99975593 0.00013183 0.30382022 0.09402132 -65.12038394 0.02905345 0.37435357 0.22348022
2439.83589191 0.99971576 0.00013183 -0.57820117 -0.03253105 -67.87209086 0.02501079 0.51890119 0.22348022
2439.83630943 0.99982512 0.00013183 -0.47476986 0.55824816 -70.59518412 0.02023133 0.49818217 0.24349976
2439.83672695 0.99980665 0.00013183 -0.08157337 -0.22650841 -73.20316297 0.01571906 0.60484293 0.20352173
2439.83714447 1.00013275 0.00013185 -0.03898981 0.25458843 -75.76775044 0.01398497 0.54452586 0.20352173
2439.83756199 1.00000871 0.00013184 -0.33121645 0.10836355 -78.24658161 0.01093535 0.51521310 0.22348022
2439.83797951 1.00004932 0.00013184 -0.39393491 -0.07011759 -80.65439364 0.00756483 0.47123730 0.24349976
2439.83839703 1.00020542 0.00013184 0.24196327 -0.09094406 -83.00682344 0.00113021 0.45111509 0.20352173
2439.83881454 0.99977889 0.00013182 -0.52407324 0.80723155 -85.26516510 0.00494078 0.50791715 0.24349976
2439.83923207 0.99983523 0.00013182 0.18283857 0.24585119 -87.49666036 0.00523683 0.38674494 0.20352173
2439.83964958 1.00043009 0.00013186 -0.28900212 -0.44213650 -89.61793924 0.00874119 0.31391097 0.20352173
2439.84006710 1.00010983 0.00013184 -0.54290354 0.44263107 -91.71483836 0.00648612 0.45416653 0.22348022
2439.84048462 0.99993720 0.00013183 -0.71629006 0.03676228 -93.73408031 0.00498223 0.50646174 0.22348022
2439.84090214 1.00020698 0.00013185 0.36215723 0.13127816 -95.71027502 0.00574358 0.49158770 0.22348022
2439.84131966 1.00010628 0.00013184 0.19541673 0.15259919 -97.63690269 0.01346150 0.35702833 0.20352173
2439.84173718 1.00005214 0.00013184 -0.60384977 -0.26393011 -99.50660026 0.01318235 0.54766058 0.22348022
2439.84215470 1.00015919 0.00013185 -0.50625217 0.00258270 -101.35079953 0.01318306 0.51115007 0.22348022
2439.84257221 1.00034928 0.00013186 -0.26679960 0.12072755 -103.12838185 0.01520924 0.32413866 0.22348022
2439.84298974 0.99987023 0.00013183 -0.23004971 -0.20930871 -104.89097361 0.01368697 0.42969978 0.20352173
2439.84340726 1.00020890 0.00013185 -0.41424212 0.33597100 -106.59948725 0.01353387 0.43079262 0.20352173
2439.84382478 0.99999800 0.00013183 -0.27425787 0.10979228 -108.28813771 0.01108607 0.38147131 0.20352173
2439.84424230 0.99998817 0.00013184 0.14040270 0.48032752 -109.94263832 0.01310806 0.50382366 0.20352173
2439.84465982 0.99994032 0.00013184 -0.41239601 -0.35091770 -111.57024800 0.01750153 0.49771357 0.20352173
2439.84507734 0.99978543 0.00013182 -0.23615418 0.16386417 -113.17947523 0.01342901 0.25073220 0.22348022
2439.84549486 0.99994777 0.00013184 -0.06257077 -0.15545665 -114.75875274 0.01356702 0.55810498 0.18356323
2439.84591238 1.00000563 0.00013183 -0.78122383 0.27865699 -116.33011448 0.01339180 0.38064398 0.18356323
2439.84632990 1.00000774 0.00013183 -0.28865752 -0.31629848 -117.87406657 0.01343131 0.34339594 0.20352173
2439.84674741 0.99979926 0.00013182 -0.07527199 0.08671282 -119.41226734 0.01130482 0.53473677 0.20352173
2439.84716494 1.00013145 0.00013184 -0.18667848 0.12303550 -120.93516390 0.01396343 0.33322758 0.20352173
2439.84758245 0.99983368 0.00013183 -0.24856004 -0.20930871 -122.45135828 0.01786828 0.37023872 0.22348022
2439.84799997 1.00009511 0.00013185 0.02173485 -0.09847236 -123.96083900 0.01834239 0.58319017 0.20352173
2439.84841749 1.00003188 0.00013184 -0.41404518 -0.10534125 -125.46596476 0.01765129 0.30474343 0.20352173
2439.84883501 1.00005891 0.00013184 -0.38615665 0.27552480 -126.96945784 0.01369436 0.34388803 0.22348022
2439.84925253 0.99975579 0.00013182 0.07431202 0.63886142 -128.47404219 0.01957233 0.50096260 0.22348022
2439.84967005 1.00014608 0.00013185 -0.45239502 -0.04137817 -129.98022907 0.01955880 0.44810287 0.20352173
2439.85008757 1.00017925 0.00013185 -0.39521489 -0.36525992 -131.49354321 0.01938198 0.43312748 0.20352173
2439.85050509 0.99989079 0.00013184 -0.19881357 0.44455436 -133.01328694 0.02375685 0.48870994 0.20352173
2439.85092260 0.99997969 0.00013184 -0.29087284 0.53071767 -134.54256105 0.02538248 0.35561970 0.22348022
2439.85134013 1.00037742 0.00013186 -0.01410427 -0.60132980 -136.08675131 0.03058818 0.23094533 0.20352173
2439.85175764 0.99990021 0.00013184 -0.22106533 0.04681833 -137.63976490 0.03143295 0.48401031 0.22348022
2439.85217516 1.00006831 0.00013185 -0.28078079 -0.12182657 -139.21974943 0.03481390 0.47458970 0.20352173
2439.85259268 0.99980081 0.00013183 -0.07332742 0.13287175 -140.80746219 0.04786133 0.20838107 0.22348022
2439.85301020 1.00005170 0.00013187 -0.51326734 0.24216947 -142.43143719 0.07312482 0.30246830 0.22348022
2439.85342772 1.00011533 0.00013190 -0.79237431 0.25695130 -144.07014689 0.13085555 0.28997005 0.20352173
2439.85384524 1.00003877 0.00013201 0.10540048 0.28541598 -145.74249053 0.34574451 0.22484597 0.22348022
2439.85426276 1.00022460 0.00013214 -0.32516122 0.38855919 -147.44495382 0.56824501 0.21921027 0.22348022
2439.85468027 0.99994775 0.00013221 -0.55661398 -0.34009233 -149.17404280 0.73114526 0.59083835 0.22348022
2439.87889637 0.99952656 0.00013189 0.51405501 0.91378176 68.94169542 0.16093000 0.63191424 0.32373047
2439.87931389 0.99887935 0.00013185 0.09607148 0.60781407 67.32891610 0.17954199 0.49026855 0.31369019
2439.87973141 0.99958961 0.00013188 -0.86415106 -0.62853062 65.74748575 0.14266807 0.56944958 0.32373047
2439.88014893 0.99988741 0.00013189 -0.20718259 0.46323773 64.17976935 0.11627403 0.66509641 0.28356934
2439.88056644 0.99969669 0.00013186 -0.21597007 -0.31503463 62.62978400 0.08575112 0.60002235 0.28356934
2439.88098397 0.99970737 0.00013185 -0.25655985 0.02192549 61.09541585 0.06512277 0.63960345 0.30364990
2439.88140148 0.99979830 0.00013185 0.25747058 0.09358171 59.56902864 0.05117192 0.54759355 0.30364990
2439.88181900 0.99997858 0.00013185 -0.66036528 -0.05291790 58.05711261 0.04250896 0.50871211 0.28356934
2439.88223652 0.99999319 0.00013186 -0.13488899 -0.06017145 56.54802664 0.04087077 0.75448749 0.26351929
2439.88265404 0.99995300 0.00013185 -0.06599222 0.04989559 55.04659705 0.03193072 0.57638533 0.28356934
2439.88307156 1.00016290 0.00013186 -0.17262344 0.12248599 53.54563267 0.03211478 0.69610537 0.22348022
2439.88348908 0.99968373 0.00013183 -0.26224586 0.02945379 52.04551040 0.02982983 0.72065474 0.26351929
2439.88390659 0.99991220 0.00013184 -0.09407768 0.29305419 50.54213593 0.02478890 0.68571464 0.23348999
2439.88432412 0.99979984 0.00013184 -0.56845373 -0.58973515 49.03623391 0.02210142 0.70732940 0.22348022
2439.88474163 0.99975133 0.00013184 -0.74984002 0.32662931 47.51988768 0.02295811 0.79727200 0.22348022
2439.88515915 1.00004873 0.00013185 -0.10796042 -0.17282119 46.00040436 0.01701668 0.64155553 0.28356934
2439.88557667 0.99989992 0.00013184 -0.04418353 0.45312673 44.46073980 0.01715647 0.69029796 0.22348022
2439.88599419 0.99991321 0.00013184 -0.25971052 -0.06929333 42.91404080 0.01539439 0.79213423 0.22348022
2439.88641171 0.99995485 0.00013184 -0.60254514 -0.24392791 41.34561477 0.01761476 0.63838855 0.24349976
2439.88682923 0.99994507 0.00013185 -0.76995027 0.16139136 39.76013454 0.01601161 0.82842608 0.22348022
2439.88724675 0.99982592 0.00013184 0.32961649 -0.49071327 38.15544788 0.01430077 0.87190931 0.22348022
2439.88766427 0.99987804 0.00013184 -0.09415153 0.29959336 36.51934028 0.01400030 0.83795860 0.22348022
2439.88808178 1.00012091 0.00013185 -0.39250726 0.51164961 34.86951853 0.01152837 0.73403978 0.20352173
2439.88849931 1.00019690 0.00013185 0.02705164 -0.24233432 33.17053289 0.00442935 0.74068953 0.22348022
2439.88891682 1.00014573 0.00013185 -0.04194358 0.04203759 31.45810857 0.00820263 0.71648096 0.22348022
2439.88933434 0.99993672 0.00013184 -0.20976715 0.32679415 29.69200374 0.00592686 0.78634281 0.24349976
2439.88975187 0.99995101 0.00013184 -0.57084131 -0.09116387 27.89898514 0.00267142 0.79848986 0.24349976
2439.89016939 1.00008579 0.00013184 -0.20371191 -0.12688208 26.06088469 0.00343447 0.72400788 0.22348022
2439.89058691 0.99982333 0.00013183 -0.27022105 0.17150237 24.17356032 0.01031481 0.83936539 0.20352173
2439.89100443 0.99991266 0.00013184 -0.61664945 -0.05401693 22.25333071 0.00456749 0.78843503 0.24349976
2439.89142195 1.00018805 0.00013186 -0.32690889 -0.01604572 20.25706269 0.00671709 0.82861952 0.20352173
2439.89183946 1.00017382 0.00013185 -0.33097032 0.00274755 18.23951706 0.00664195 0.75349445 0.22348022
2439.89225699 1.00035778 0.00013186 -0.70267808 0.18282229 16.12529456 0.00601158 0.76101795 0.22348022
2439.89267450 1.00019543 0.00013185 0.15910994 -0.03308056 13.98026645 0.00140012 0.77456409 0.22348022
2439.89309202 1.00003486 0.00013184 -0.45461035 0.22991538 11.75464808 0.00357025 0.74896119 0.20352173
2439.89350954 1.00034202 0.00013186 -0.19059223 0.05187383 9.46904943 0.00677764 0.57928377 0.22348022
2439.89392706 1.00023927 0.00013185 -0.02515630 0.11226509 7.12404939 0.00563414 0.67097333 0.20352173
2439.89434458 0.99992628 0.00013184 -0.45739183 0.33102539 4.68719514 0.01239968 0.72175502 0.22348022
2439.89476210 0.99996201 0.00013184 -0.54391277 -0.32767338 2.21607274 0.01156313 0.61682942 0.20352173
2439.89517962 0.99992284 0.00013184 0.20132427 0.20683591 -0.37873961 0.02034028 0.67614461 0.22348022
2439.89559714 0.99998323 0.00013185 -0.00359376 0.30789098 -3.00287270 0.02425641 0.71842697 0.22348022
2439.89601465 1.00011502 0.00013185 -0.69768131 0.19760413 -5.73321833 0.02894462 0.52392313 0.19354248
2439.89643218 0.99989662 0.00013184 -0.28969133 -0.27882186 -8.51422256 0.03759230 0.37187109 0.22348022
2439.89684969 0.99989872 0.00013184 0.12747994 0.32063964 -11.36917389 0.04484175 0.40819681 0.22348022
2439.89726721 0.99983457 0.00013184 -0.56306309 0.35443455 -14.29619239 0.04355099 0.30897010 0.22348022
2439.89768473 0.99955489 0.00013183 -0.07492739 0.50714362 -17.26508716 0.05641654 0.45803232 0.22348022
2439.89810225 0.99982720 0.00013184 0.08487175 0.15595120 -20.31708924 0.05906864 0.28524690 0.20352173
2439.89851977 0.99990359 0.00013185 -0.41303599 -0.51456201 -23.38896503 0.06501352 0.13885693 0.18356323
2439.89893729 0.99918993 0.00013181 -0.70494264 0.96147931 -26.52826628 0.06604505 0.34404662 0.20352173
2439.89935481 0.99975437 0.00013185 0.03748831 -0.51285857 -29.68144188 0.06602163 0.38271726 0.22348022
2439.89977232 0.99972539 0.00013184 -0.37350464 -0.09742829 -32.86562957 0.06828507 0.22728019 0.22348022
2439.90018984 0.99975287 0.00013184 -0.22864668 0.07220574 -36.05686792 0.07432942 0.11843337 0.20352173
2439.90060736 0.99955660 0.00013184 -0.00066460 0.11182547 -39.25412880 0.07827479 0.27364213 0.20352173
2439.90102488 0.99960195 0.00013184 -0.32513660 0.16260028 -42.43645421 0.07532318 0.23067591 0.18356323
2439.90144240 0.99918449 0.00013181 0.09993600 -0.15666556 -45.61404079 0.07471779 0.33654670 0.20352173
2439.90185992 0.99971031 0.00013184 -0.12622459 0.42295855 -48.74091803 0.06384959 0.17095895 0.18356323
2439.90227744 0.99978840 0.00013184 0.12189239 -0.22414552 -51.85033287 0.05114851 0.39008251 0.20352173
2439.90269496 0.99971450 0.00013183 -0.63117218 0.30464888 -54.89791636 0.04274816 0.34278627 0.22348022
2439.90311247 0.99995040 0.00013184 -0.41466057 0.12270579 -57.90116405 0.03796392 0.37040437 0.20352173
2439.90353000 1.00006417 0.00013185 -0.32767195 0.18617430 -60.84787849 0.03920509 0.39269949 0.20352173
2439.90394751 0.99945296 0.00013182 -0.07317974 -0.08891087 -63.71699385 0.03623736 0.54664276 0.18356323
2439.90436503 0.99971866 0.00013182 -0.15209472 -0.14452137 -66.54707957 0.02771870 0.29567849 0.18356323
2439.90478255 0.99977830 0.00013183 -0.59919757 0.03231124 -69.26488728 0.02209123 0.45796837 0.18356323
2439.90520007 0.99971437 0.00013182 -0.29249743 0.23563029 -71.95380813 0.01673753 0.42695612 0.20352173
2439.90561759 0.99977471 0.00013183 -0.05023876 -0.15397297 -74.52789831 0.01575609 0.57260364 0.18356323
2439.90603511 0.99994894 0.00013183 -0.13412593 0.33162984 -77.05776906 0.01141326 0.32900050 0.18356323
2439.90645263 0.99997672 0.00013183 -0.45904100 0.00148368 -79.50271215 0.00882300 0.39967044 0.20352173
2439.90687015 0.99983808 0.00013182 -0.36757249 -0.03253105 -81.87676405 0.00793990 0.31932481 0.20352173
2439.90728766 0.99984918 0.00013182 -0.25491065 0.46274316 -84.19696124 0.00409609 0.49257582 0.18356323
2439.90770519 0.99990822 0.00013183 -0.44422290 0.58039343 -86.42349923 0.00147668 0.52670517 0.18356323
2439.90812270 0.99987283 0.00013183 0.26035053 -0.51511157 -88.62354288 0.00736679 0.45991827 0.18356323
2439.90854022 1.00015230 0.00013184 -0.61527103 0.19919771 -90.71650311 0.00852294 0.47787392 0.18356323
2439.90895774 0.99980887 0.00013182 -0.65854377 0.08039345 -92.78487389 0.00991749 0.51883144 0.22348022
2439.90937526 0.99985032 0.00013182 -0.10094520 -0.36696342 -94.77806546 0.00696448 0.27211090 0.18356323
2439.90979278 1.00015054 0.00013184 0.35255748 -0.20337400 -96.72877660 0.01054033 0.39035620 0.20352173
2439.91021030 1.00031675 0.00013185 -0.22913897 0.23486097 -98.63203606 0.01327192 0.38466031 0.18356323
2439.91062781 0.99997488 0.00013184 -0.80923545 -0.21266073 -100.47941978 0.01630825 0.54137035 0.20352173
2439.91104534 0.99999861 0.00013184 0.08341949 -0.10534125 -102.30265802 0.01493694 0.57927439 0.18356323
2439.91146285 1.00007825 0.00013184 -0.32390589 -0.21881525 -104.06135313 0.01463541 0.44609618 0.17361450
2439.91188037 1.00026283 0.00013185 -0.20058583 0.21925487 -105.80559244 0.01417868 0.28949796 0.20352173
2439.91229789 0.99989831 0.00013183 -0.42950326 0.15578635 -107.49795964 0.01644348 0.39007455 0.20352173
2439.91271541 1.00012916 0.00013184 0.19758283 0.27821738 -109.17094866 0.01606858 0.35623614 0.18356323
2439.91313293 0.99999151 0.00013184 -0.28599912 0.12677218 -110.81178130 0.01620566 0.37342700 0.18356323
2439.91355044 0.99999537 0.00013183 -0.49072024 0.02566216 -112.42685018 0.01594143 0.35215652 0.21350098
2439.91396797 0.99998115 0.00013183 -0.18931226 0.25151116 -114.02488428 0.01494280 0.34679005 0.20352173
2439.91438548 1.00015178 0.00013184 -0.22763747 -0.27640399 -115.59409196 0.01350072 0.36823498 0.18356323
2439.91480300 1.00008988 0.00013184 -0.30091566 0.18293218 -117.15589975 0.01398869 0.32687833 0.20352173
2439.91522052 0.99996921 0.00013183 -0.23337272 -0.28349268 -118.69260564 0.01116463 0.43927088 0.20352173
2439.91563804 1.00002914 0.00013183 -0.22352681 0.28409716 -120.22401301 0.01315396 0.23913734 0.18356323
2439.91605556 1.00008825 0.00013184 -0.43752769 0.27486536 -121.74166115 0.01220986 0.29273192 0.18356323
2439.91647308 1.00021443 0.00013184 -0.35831735 -0.49604353 -123.25349238 0.01543789 0.20226986 0.18356323
2439.91689060 0.99986610 0.00013183 0.34992370 -0.09187823 -124.75958114 0.01516284 0.44970407 0.18356323
2439.91730812 0.99999605 0.00013183 -0.58265644 0.16430376 -126.26277201 0.01559966 0.32648091 0.18356323
2439.91772563 1.00008405 0.00013184 -0.21695466 0.04588416 -127.76486788 0.01665797 0.39613662 0.20352173
2439.91814316 0.99979694 0.00013182 -0.28370994 0.37223870 -129.27008090 0.01567554 0.21231382 0.20352173
2439.91856067 0.99981379 0.00013182 -0.69563824 -0.74859875 -130.77732325 0.01604552 0.37790881 0.18356323
2439.91897819 1.00007385 0.00013184 -0.29188204 0.01566106 -132.29313398 0.02183886 0.30440251 0.18356323
2439.91939571 0.99991645 0.00013183 -0.34020087 0.97598636 -133.81637066 0.02522496 0.33351796 0.18356323
2439.91981323 1.00003247 0.00013184 -0.18945995 -0.20678097 -135.35041585 0.02829468 0.30748369 0.18356323
2439.92023075 1.00020614 0.00013185 -0.05233102 -0.66205078 -136.90063246 0.02743168 0.22167450 0.22348022
2439.92064827 1.00020933 0.00013185 -0.05385714 0.31948566 -138.46020573 0.03336557 0.17110091 0.18356323
2439.92106579 0.99994840 0.00013185 -0.38935658 -0.18738323 -140.04875887 0.04176487 0.49848891 0.20352173
2439.92148331 0.99996328 0.00013185 -0.14815636 0.36185294 -141.64564531 0.06076396 0.23859052 0.18356323
2439.92190082 0.99997361 0.00013188 -0.66174370 0.28662491 -143.28067233 0.10412042 0.26265285 0.20352173
2439.92231835 0.99986112 0.00013197 -0.59914833 0.56863391 -144.93146321 0.27794067 0.56938424 0.22348022
2439.92273586 1.00021259 0.00013209 0.01166741 0.27030444 -146.61692933 0.47502275 0.26114070 0.20352173
2439.92315338 1.00031006 0.00013237 -0.40496233 -0.19787888 -148.33432199 1.00000000 0.22680811 0.20352173
2439.94695197 0.99968685 0.00013196 0.72246838 0.91290253 71.34829428 0.27761778 0.52753085 0.32373047
2439.94736949 0.99973741 0.00013190 0.17284498 0.38306406 69.69349326 0.16313446 0.62865129 0.28356934
2439.94778700 0.99971240 0.00013187 -0.30148181 0.22579405 68.08431313 0.11399311 0.60953391 0.30364990
2439.94820453 0.99988628 0.00013188 -0.48267120 -0.32838774 66.48361638 0.10842050 0.55052781 0.26351929
2439.94862204 0.99988977 0.00013188 -0.37106779 0.17007363 64.91216425 0.09359874 0.71686090 0.28356934
2439.94903957 0.99978485 0.00013187 -0.21552700 0.33520168 63.35369625 0.08994483 0.68449474 0.26351929
2439.94945708 0.99988532 0.00013186 -0.48520651 -0.42686009 61.81155527 0.07393438 0.56412042 0.26351929
2439.94987460 0.99960799 0.00013184 0.06180771 0.31080338 60.28401930 0.06198720 0.64676571 0.24349976
2439.95029212 0.99991464 0.00013185 -0.31642297 0.02362897 58.76366655 0.05057054 0.55797478 0.26351929
2439.95070963 0.99980117 0.00013184 -0.56808448 0.06984284 57.25603042 0.03904788 0.62613090 0.24349976
2439.95112716 0.99973622 0.00013184 -0.02003643 0.07715134 55.75067907 0.03863939 0.62712705 0.24349976
2439.95154467 1.00006067 0.00013186 -0.31300151 -0.03286075 54.25133518 0.03455821 0.58241525 0.22348022
2439.95196219 0.99994831 0.00013185 -0.06997982 0.16771074 52.75177759 0.03323869 0.61727545 0.22348022
2439.95237971 0.99960748 0.00013183 -0.16728203 0.28453675 51.25188405 0.03251411 0.78202210 0.26351929
2439.95279723 1.00018987 0.00013186 -0.09324078 -0.06830421 49.74751021 0.02446549 0.55446915 0.24349976
2439.95321475 0.99982531 0.00013184 -0.64663023 -0.49269152 48.23984018 0.02087456 0.78334483 0.24349976
2439.95363227 0.99989219 0.00013184 -0.21693005 0.03445433 46.71999639 0.02231441 0.73838027 0.22348022
2439.95404979 1.00000845 0.00013185 0.01875646 0.47670072 45.19655095 0.01722588 0.68933122 0.22348022
2439.95446731 1.00005020 0.00013185 -0.36722788 0.07066710 43.65087866 0.01782360 0.78154787 0.20352173
2439.95488482 1.00024722 0.00013186 -0.13186137 -0.32344213 42.09751297 0.01908653 0.58949606 0.22348022
2439.95530235 0.99992649 0.00013184 -0.74257863 -0.01423233 40.52108492 0.02177543 0.68605807 0.20352173
2439.95571986 0.99972397 0.00013184 -0.20115197 0.18117376 38.92634239 0.02429317 0.87012323 0.22348022
2439.95613738 0.99999910 0.00013185 0.28626987 -0.20386855 37.31145063 0.01910330 0.80155922 0.20352173
2439.95655490 0.99990655 0.00013184 -0.33495790 0.62671721 35.66341791 0.01010686 0.74535559 0.22348022
2439.95697242 1.00010914 0.00013185 -0.26980260 0.10885812 34.00132480 0.01073481 0.77293496 0.22348022
2439.95738994 1.00006265 0.00013185 -0.04819574 -0.22909111 32.28731619 0.01221828 0.73116306 0.20352173
2439.95780746 1.00010248 0.00013185 0.15573770 0.34152105 30.55919345 0.01019494 0.90292092 0.18356323
2439.95822498 0.99998106 0.00013184 -0.66262984 0.01318826 28.77581756 0.00905661 0.84619201 0.22348022
2439.95864250 1.00013368 0.00013185 -0.34879142 -0.00659413 26.96395301 0.00617299 0.76775878 0.20352173
2439.95906001 1.00021355 0.00013185 -0.20944715 0.14974172 25.10571820 0.00273612 0.73651024 0.20352173
2439.95947754 1.00013131 0.00013185 -0.59961599 0.10380261 23.19599401 0.00726941 0.80745695 0.22348022
2439.95989505 1.00022310 0.00013186 -0.34834835 0.09176832 21.25285219 0.00144730 0.86758809 0.20352173
2439.96031257 1.00010894 0.00013185 -0.15332545 -0.07742609 19.23085510 0.00601647 0.83987798 0.20352173
2439.96073009 1.00009441 0.00013185 -0.71441936 0.26590833 17.18691873 0.00602377 0.79412527 0.22348022
2439.96114761 1.00011457 0.00013185 -0.30972776 0.05802836 15.04451552 0.00563534 0.66557619 0.20352173
2439.96156513 1.00006694 0.00013184 0.05198641 0.11754039 12.86973162 0.00144618 0.78290006 0.22348022
2439.96198264 1.00006584 0.00013185 -0.72561908 0.06478734 10.61331742 0.00785756 0.78803717 0.18356323
2439.96240017 0.99996501 0.00013184 -0.28402993 0.07176613 8.29501566 0.00418065 0.67357429 0.18356323
2439.96281768 1.00006094 0.00013184 -0.05846010 0.06764480 5.91722815 0.00755980 0.64625497 0.20352173
2439.96323520 1.00011335 0.00013185 -0.55858320 -0.04236729 3.44552914 0.01134894 0.65971297 0.18356323
2439.96365272 1.00037060 0.00013186 -0.15773150 -0.08011869 0.94010578 0.01862636 0.46829903 0.18356323
2439.96407024 0.99978013 0.00013183 0.03436223 -0.17479943 -1.69070406 0.02234854 0.58169940 0.18356323
2439.96448776 0.99991368 0.00013184 -0.59863144 0.27821738 -4.35069845 0.02476169 0.55017077 0.18356323
2439.96490528 0.99988146 0.00013184 -0.65910995 -0.39240575 -7.11569314 0.03462517 0.48038218 0.20352173
2439.96532280 0.99979231 0.00013184 0.12548614 0.07237059 -9.93133757 0.03966098 0.55248559 0.18356323
2439.96574032 0.99977141 0.00013184 -0.08588096 0.43724585 -12.81901583 0.04207050 0.55755947 0.20352173
2439.96615783 0.99963060 0.00013183 -0.45155811 0.63105834 -15.77713684 0.05357600 0.32811305 0.20352173
2439.96657536 0.99981764 0.00013184 -0.34118545 0.46323773 -18.77510933 0.06128811 0.06697916 0.18356323
2439.96699287 0.99944469 0.00013181 -0.14338109 -0.48994395 -21.85219325 0.06330949 0.00030343 0.20352173
2439.96741039 0.99965289 0.00013183 -0.13993502 0.25772062 -24.94771567 0.07007077 0.10742737 0.20352173
2439.96782791 0.99937563 0.00013182 -0.50529218 0.40125290 -28.10362682 0.06903070 0.25998741 0.18356323
2439.96824543 0.99972402 0.00013184 -0.35738197 -0.18227278 -31.27134757 0.07142837 0.13370956 0.18356323
2439.96866295 0.99950174 0.00013183 -0.60771430 0.19221893 -34.46441386 0.07390386 0.33465155 0.20352173
2439.96908047 0.99954223 0.00013183 -0.02067641 -0.38037148 -37.65987611 0.07483683 0.26530575 0.19354248
2439.96949798 0.99926182 0.00013181 -0.16725743 0.54500496 -40.85727875 0.07846080 0.15157484 0.20352173
2439.96991551 0.99977901 0.00013185 -0.33463791 -0.22238708 -44.03272662 0.07620965 0.24576659 0.18356323
2439.97033302 0.99986283 0.00013185 -0.02439325 0.50241786 -47.20150303 0.06748499 0.31320666 0.18356323
2439.97075054 0.99970631 0.00013183 -0.17949097 -0.11160567 -50.31155834 0.05768210 0.24530936 0.17361450
2439.97116806 1.00011086 0.00013186 -0.14131345 -0.03373997 -53.40244223 0.04417619 0.30993709 0.20352173
2439.97158558 0.99988847 0.00013184 -0.72702211 0.06165513 -56.42683907 0.03658862 0.33468939 0.20352173
2439.97200310 0.99976012 0.00013184 -0.08605327 0.25843498 -59.40395350 0.03789186 0.55178389 0.18356323
2439.97242062 1.00001390 0.00013184 -0.25934130 -0.16413891 -62.32245969 0.03053453 0.35303606 0.18356323
2439.97283814 1.00004767 0.00013185 -0.19066608 0.04670843 -65.16023812 0.02732222 0.39025353 0.20352173
2439.97325565 0.99977711 0.00013183 -0.45712104 0.26909551 -67.95863352 0.02198447 0.47918373 0.20352173
2439.97367317 0.99982496 0.00013183 -0.22955742 0.32217827 -70.64210095 0.02088340 0.41197335 0.17361450
2439.97409069 0.99983921 0.00013183 -0.26507655 -0.26948017 -73.29634422 0.01775699 0.41352894 0.18356323
2439.97450821 0.99958750 0.00013181 -0.05964161 0.28156939 -75.83654737 0.01237325 0.53964171 0.19354248
2439.97492573 1.00016062 0.00013185 -0.48609266 0.22590394 -78.33172965 0.00877299 0.48313448 0.20352173
2439.97534325 1.00004637 0.00013184 -0.56953675 -0.12061765 -80.74326664 0.00642829 0.45699522 0.17361450
2439.97576077 0.99995849 0.00013183 0.16898045 0.11545224 -83.08373042 0.00232146 0.52081351 0.20352173
2439.97617829 1.00010203 0.00013184 -0.55875546 0.72568417 -85.37182927 0.00000000 0.52450047 0.20352173
2439.97659580 1.00011905 0.00013184 0.36107418 -0.09545005 -87.56692773 0.00667526 0.51573749 0.18356323
2439.97701333 1.00005355 0.00013184 -0.35208979 -0.27926147 -89.73610752 0.00730681 0.38659852 0.18356323
2439.97743084 1.00008308 0.00013184 -0.53815293 0.59204310 -91.80141118 0.00364625 0.52861033 0.18356323
2439.97784836 1.00002465 0.00013184 -0.84189928 -0.24760963 -93.84204900 0.01101473 0.52907872 0.19354248
2439.97826588 0.99974085 0.00013182 0.28132230 -0.03808111 -95.80979079 0.00934856 0.41198444 0.20352173
2439.97868340 1.00021937 0.00013185 0.30138335 0.40724257 -97.73568265 0.01202452 0.41989077 0.17361450
2439.97910092 0.99997917 0.00013184 -0.52449173 -0.39669195 -99.61600403 0.01522790 0.47731982 0.18356323
2439.97951844 1.00014614 0.00013185 -0.84625608 -0.11622156 -101.44198117 0.01484230 0.60063404 0.18356323
2439.97993596 1.00000478 0.00013183 -0.10675430 -0.02318936 -103.24517231 0.01487953 0.32062216 0.19354248
2439.98035348 1.00024583 0.00013185 -0.15480234 -0.23585010 -104.98530478 0.01257041 0.29660972 0.20352173
2439.98077099 1.00004281 0.00013184 -0.34504998 0.13281679 -106.71157619 0.01436083 0.39605985 0.20352173
2439.98118852 1.00026314 0.00013185 -0.28087923 0.05192878 -108.38863471 0.01276760 0.37548705 0.17361450
2439.98160603 0.99986134 0.00013183 -0.13698125 0.62929994 -110.04682466 0.01894370 0.35982089 0.20352173
2439.98202355 0.99993063 0.00013183 -0.53096539 -0.13204747 -111.67461764 0.01632039 0.49351026 0.19354248
2439.98244107 1.00000811 0.00013183 -0.21237631 0.07423893 -113.27762757 0.01554720 0.26269744 0.17361450
2439.98285860 1.00004123 0.00013184 0.00733520 -0.39954939 -114.86471062 0.01036898 0.54110573 0.18356323
2439.98327612 0.99987879 0.00013183 -0.75217843 0.39641720 -116.42465254 0.01271938 0.37455690 0.18356323
2439.98369364 1.00004835 0.00013184 -0.00920593 -0.48686668 -117.97773735 0.01082188 0.46173085 0.20352173
2439.98411116 0.99995152 0.00013183 -0.11982474 0.25876471 -119.50742500 0.01051658 0.27332584 0.17361450
2439.98452867 1.00014606 0.00013185 -0.40227932 0.45647874 -121.03230864 0.01252388 0.46808696 0.17361450
2439.98494619 1.00011822 0.00013184 -0.37421849 -0.19029564 -122.54523020 0.01584696 0.39778759 0.18356323
2439.98536371 0.99996857 0.00013184 0.17326343 -0.09011979 -124.05332165 0.01562656 0.47163756 0.18356323
2439.98578123 0.99997276 0.00013183 -0.39464876 0.01126497 -125.55684987 0.01631328 0.33158308 0.19354248
2439.98619875 1.00012811 0.00013184 -0.25367990 0.20441806 -127.05868234 0.01488384 0.33444249 0.17361450
2439.98661627 0.99987824 0.00013183 0.07359819 0.33849874 -128.55993986 0.01858517 0.27288203 0.17361450
2439.98703379 1.00020152 0.00013185 -0.53564221 -0.16331466 -130.06605027 0.01838210 0.41492286 0.18356323
2439.98745131 1.00006974 0.00013184 -0.13946733 -0.42999232 -131.57476518 0.02034711 0.43003224 0.20352173
2439.98786882 1.00195376 0.00013196 -0.10463742 0.33558634 -133.09371992 0.02480250 0.23922873 0.20352173
2439.98828635 1.00012671 0.00013185 -0.45525032 0.49978021 -134.62110066 0.02388690 0.41266209 0.17361450
2439.98870386 1.00018863 0.00013186 0.04893418 -0.77920651 -136.16028503 0.02683521 0.40424063 0.20352173
2439.98912138 1.00001311 0.00013184 -0.04790036 0.23183866 -137.71709796 0.03584668 0.17169996 0.20352173
2439.98953890 1.00001579 0.00013184 -0.30271256 -0.01313331 -139.28373501 0.03687812 0.21087373 0.20352173
2439.98995642 1.00064701 0.00013189 -0.11891399 0.24332345 -140.88157243 0.05008372 0.23377156 0.20352173
2439.99037394 1.00005799 0.00013186 -0.21693005 0.13056380 -142.48826499 0.07086504 0.21913703 0.18356323
2439.99079146 1.00009780 0.00013190 -0.89858711 0.17309594 -144.13494459 0.13508191 0.25642270 0.18356323
2439.99120898 1.00016501 0.00013203 0.07842269 0.26244643 -145.79844936 0.36624924 0.22376863 0.18356323
2439.99162650 1.00014190 0.00013213 -0.26099050 0.36580944 -147.49793970 0.56748693 0.22615424 0.20352173
2439.99204401 1.00001456 0.00013224 -0.35304978 -0.35668755 -149.22471976 0.76955024 0.60512013 0.20352173
2440.01500755 0.99982068 0.00013201 0.79818344 0.43131113 73.84126109 0.36511804 0.53154731 0.35394287
2440.01542507 0.99934285 0.00013197 0.56862599 0.64078468 72.14781505 0.33272874 0.61960285 0.32373047
2440.01584259 0.99984198 0.00013192 -1.00000000 -0.85641277 70.49466700 0.17506449 0.57846031 0.30364990
2440.01626011 0.99979697 0.00013190 -0.30401713 0.36212769 68.85337577 0.15286082 0.61033059 0.30364990
2440.01667763 0.99965596 0.00013189 -0.20486881 0.15650071 67.25574384 0.13928463 0.69975283 0.26351929
2440.01709514 1.00002682 0.00013189 -0.29338354 -0.32756346 65.66617731 0.11337303 0.52552449 0.28356934
2440.01751267 0.99955191 0.00013186 -0.22342835 0.63138807 64.10416423 0.10595116 0.50751436 0.24349976
2440.01793018 0.99985924 0.00013187 -0.31706297 -0.25436860 62.55442176 0.08551538 0.60692475 0.26351929
2440.01834770 1.00003562 0.00013187 -0.30647862 0.17161226 61.01958582 0.06407742 0.67338797 0.26351929
2440.01876522 0.99987957 0.00013185 0.06429380 0.26728213 59.49813199 0.05190122 0.62841633 0.28356934
2440.01918273 0.99983439 0.00013184 -0.60855114 -0.06478734 57.98306408 0.04049479 0.50355263 0.22348022
2440.01960026 0.99986976 0.00013185 -0.32946882 0.27008462 56.47909235 0.04166432 0.63477641 0.22348022
2440.02001777 1.00017119 0.00013186 -0.00792596 0.11484779 54.97696016 0.03558587 0.57756087 0.24349976
2440.02043529 1.00010052 0.00013186 -0.02941466 0.33992746 53.47900460 0.03133199 0.63827244 0.24349976
2440.02085281 1.00000368 0.00013185 -0.19174913 0.09402132 51.98028979 0.02684808 0.77651098 0.22348022
2440.02127033 1.00018470 0.00013186 -0.14690100 0.20936367 50.48013384 0.02577985 0.78440373 0.22348022
2440.02168785 1.00009236 0.00013185 -0.44072762 -0.40751731 48.97426935 0.02099668 0.60340151 0.20352173
2440.02210537 0.99984587 0.00013183 -0.56323534 0.27810749 47.46423823 0.01943492 0.64144787 0.20352173
2440.02252289 1.00008021 0.00013185 -0.18672772 -0.13353115 45.94033623 0.01549505 0.68017385 0.20352173
2440.02294041 0.99999420 0.00013185 -0.11381873 0.39229587 44.41229010 0.01392795 0.82415964 0.22348022
2440.02335792 1.00014351 0.00013185 -0.10938808 -0.07379932 42.86058387 0.01391128 0.72434219 0.20352173
2440.02377545 1.00016859 0.00013185 -0.65071630 -0.23661941 41.30035172 0.01517650 0.66462794 0.20352173
2440.02419296 1.00016139 0.00013185 -0.46664697 0.00016485 39.71565310 0.01499740 0.69346159 0.20352173
2440.02461048 1.00010372 0.00013185 0.26419041 -0.27585450 38.11126516 0.01328405 0.69319023 0.18356323
2440.02502800 1.00035476 0.00013187 -0.16351597 0.38663590 36.48590246 0.00844503 0.94581702 0.22348022
2440.02544552 1.00030868 0.00013186 -0.40737459 0.49857128 34.82541533 0.00744591 0.73240224 0.18356323
2440.02586304 1.00012175 0.00013185 -0.07236745 -0.23167381 33.15058124 0.00816817 0.72432878 0.20352173
2440.02628056 1.00029815 0.00013186 -0.06549992 0.09187823 31.42091787 0.00873405 0.71799996 0.18356323
2440.02669808 1.00023349 0.00013186 -0.11214493 0.16276515 29.67659857 0.00817555 0.72405750 0.20352173
2440.02711560 1.00014273 0.00013185 -0.52980852 -0.28453675 27.87558424 0.01145509 0.75696707 0.20352173
2440.02753311 1.00021333 0.00013185 -0.12711072 0.09176832 26.04457283 0.00276771 0.77041098 0.20352173
2440.02795064 1.00026904 0.00013186 -0.06860138 0.16666667 24.16601155 0.00572044 0.86929385 0.18356323
2440.02836815 1.00038795 0.00013187 -0.64621180 -0.06308386 22.23378106 0.00319867 0.78627022 0.18356323
2440.02878567 1.00014861 0.00013185 -0.32873037 0.10160457 20.26762979 0.00262478 0.82384933 0.22348022
2440.02920320 1.00040007 0.00013187 -0.31698912 0.08440488 18.21971198 0.00252374 0.74620869 0.20352173
2440.02962072 1.00021518 0.00013185 -0.56106925 0.07610726 16.14920969 0.00241182 0.74420196 0.18356323
2440.03003824 1.00026899 0.00013186 -0.02579629 0.04022420 13.97846348 0.00101854 0.83514514 0.20352173
2440.03045575 0.99978865 0.00013183 -0.50883669 0.12770633 11.77396035 0.00420958 0.74639338 0.20352173
2440.03087328 1.00016030 0.00013185 -0.13210751 0.32377183 9.48700093 0.00463316 0.68391100 0.18356323
2440.03129079 1.00033858 0.00013186 0.04918033 0.07572260 7.13628458 0.00743136 0.67200169 0.18356323
2440.03170831 1.00000454 0.00013184 -0.49463397 0.19798879 4.72585049 0.00824995 0.74156665 0.20352173
2440.03212583 1.00024946 0.00013186 -0.59735143 -0.06401803 2.21963264 0.01138749 0.70463680 0.20352173
2440.03254335 1.00012525 0.00013185 0.41377443 0.09204308 -0.31984947 0.01950371 0.52827415 0.20352173
2440.03296087 1.00000383 0.00013185 -0.11251415 0.30387956 -2.98582648 0.02244135 0.71187462 0.18356323
2440.03337839 0.99994803 0.00013184 -0.81428152 -0.04896142 -5.68092599 0.02645242 0.55085632 0.18356323
2440.03379591 1.00016821 0.00013186 -0.28582680 -0.29047149 -8.47949351 0.03632493 0.37193709 0.20352173
2440.03421343 0.99981021 0.00013184 0.04755575 0.36157820 -11.32859046 0.04502542 0.46335943 0.20352173
2440.03463094 0.99993949 0.00013185 -0.39479643 0.23898230 -14.24732591 0.04714081 0.27988123 0.18356323
2440.03504847 0.99990291 0.00013185 -0.21008714 0.63177270 -17.23476045 0.05798788 0.21339406 0.18356323
2440.03546598 0.99988679 0.00013185 0.07637966 -0.08489944 -20.25976781 0.06023472 0.18414961 0.19354248
2440.03588350 0.99976021 0.00013184 -0.48345888 -0.56077594 -23.35983924 0.06634741 0.14621561 0.18356323
2440.03630102 0.99960147 0.00013183 -0.47725594 0.75634682 -26.47668116 0.07084631 0.11986803 0.20352173
2440.03671854 0.99960149 0.00013184 0.17176193 -0.40878117 -29.64705286 0.06911174 0.27568311 0.20352173
2440.03713606 1.00009073 0.00013187 -0.48392653 0.12699197 -32.82676574 0.07047456 0.21763509 0.20352173
2440.03755358 1.00055424 0.00013189 -0.21601930 -0.00774810 -36.02613661 0.07070132 0.11233142 0.17361450
2440.03797110 0.99974208 0.00013184 -0.14941171 0.10451698 -39.22296866 0.07612820 0.05188628 0.19354248
2440.03838862 0.99956719 0.00013184 -0.07576429 0.29646114 -42.41779834 0.08240763 0.45456495 0.18356323
2440.03880613 0.99866247 0.00013178 0.17764486 -0.37240356 -45.58436063 0.07446197 0.22653726 0.17361450
2440.03922365 1.00007245 0.00013186 -0.30770934 0.28514123 -48.74270395 0.06332390 0.19611069 0.19354248
2440.03964117 0.99953666 0.00013185 0.11923399 -0.09764809 -51.83428187 0.09914126 0.38872701 0.17361450
2440.04005869 0.99997703 0.00013184 -0.62659383 0.38289922 -54.90503620 0.03906331 0.33925209 0.18356323
2440.04047621 1.00017232 0.00013186 -0.31469995 0.16122651 -57.90500803 0.03852300 0.38840100 0.18356323
2440.04089372 0.99982482 0.00013183 -0.49192634 -0.01906803 -60.85502813 0.03477678 0.38851353 0.18356323
2440.04131125 0.99998801 0.00013184 -0.29653424 -0.06121552 -63.74483806 0.03091743 0.34403771 0.20352173
2440.04172876 0.99977277 0.00013183 0.13488899 0.17721727 -66.55091817 0.02906065 0.53533055 0.17361450
2440.04214628 1.00003530 0.00013184 -0.61263722 0.00714364 -69.31746091 0.02168986 0.47339445 0.18356323
2440.04256380 1.00005219 0.00013184 -0.40722689 0.41301242 -71.96717019 0.01710967 0.43732764 0.18356323
2440.04298132 1.00003085 0.00013184 -0.10611431 -0.17782174 -74.58754716 0.01409262 0.38110694 0.18356323
2440.04339884 1.00010102 0.00013184 -0.28927287 0.24475217 -77.09427780 0.00985826 0.32737444 0.19354248
2440.04381636 0.99998100 0.00013183 -0.56719834 -0.08121771 -79.55547889 0.00753779 0.46047163 0.19354248
2440.04423388 1.00005933 0.00013184 -0.39004579 -0.09770305 -81.93443617 0.00832538 0.51871784 0.18356323
2440.04465140 0.99999953 0.00013183 -0.34925911 0.42620069 -84.24254796 0.00056145 0.47474337 0.18356323
2440.04506891 1.00022359 0.00013185 -0.43890613 0.49593362 -86.49982230 0.00203573 0.52092473 0.19354248
2440.04548644 1.00010820 0.00013184 0.23962487 -0.38597649 -88.66499289 0.00605206 0.46242252 0.17361450
2440.04590395 1.00002821 0.00013184 -0.52998078 0.28788877 -90.80470466 0.00583647 0.50695793 0.18356323
2440.04632147 0.99991196 0.00013183 -0.86220646 0.11589186 -92.84327327 0.00668395 0.53933786 0.18356323
2440.04673899 1.00028516 0.00013185 -0.09124698 -0.14160897 -94.85713416 0.00759020 0.25409278 0.20352173
2440.04715651 1.00029660 0.00013186 0.30997390 -0.04165293 -96.80081935 0.01028838 0.47741802 0.19354248
2440.04757403 1.00023936 0.00013185 -0.34928370 0.23590505 -98.70334694 0.01294585 0.41806352 0.17361450
2440.04799155 1.00019233 0.00013185 -0.59365922 -0.61512256 -100.56239813 0.01607421 0.49630941 0.18356323
2440.04840907 1.00021967 0.00013186 0.01533501 -0.03890537 -102.36786423 0.01577578 0.58221544 0.18356323
2440.04882659 1.00054344 0.00013187 -0.52705163 -0.09605451 -104.15167711 0.01406567 0.46960918 0.17361450
2440.04924410 1.00012991 0.00013185 -0.39051345 0.17518409 -105.87436063 0.01517470 0.48021281 0.19354248
2440.04966162 1.00038240 0.00013186 -0.41027912 0.08522914 -107.58385798 0.01354721 0.39211245 0.17361450
2440.05007914 1.00006712 0.00013184 -0.03945749 0.26332563 -109.24654784 0.01734943 0.46370122 0.17361450
2440.05049666 1.00020956 0.00013186 -0.47725594 -0.00263765 -110.89090102 0.02093905 0.49675330 0.18356323
2440.05091418 1.00017763 0.00013185 -0.38051987 0.11034179 -112.50645897 0.01654474 0.33941928 0.20352173
2440.05133169 1.00019220 0.00013185 0.00248609 0.06181998 -114.09817784 0.00951512 0.43516414 0.20352173
2440.05174922 1.00017116 0.00013185 -0.36001575 -0.04604902 -115.67501951 0.01429007 0.41085396 0.16363525
2440.05216673 0.99999021 0.00013184 -0.65869147 0.45515990 -117.22642843 0.01152405 0.55129560 0.19354248
2440.05258425 1.00028202 0.00013185 -0.10663122 -0.16749093 -118.77153902 0.01270891 0.34184372 0.16363525
2440.05300177 1.00018673 0.00013185 -0.05587555 0.21255083 -120.29544774 0.01182525 0.36517528 0.18356323
2440.05341929 0.99990147 0.00013183 -0.40124550 0.11072645 -121.81498153 0.01298785 0.30656363 0.19354248
2440.05383681 0.99996719 0.00013183 -0.28427607 -0.25376415 -123.32389062 0.01314262 0.43835439 0.17361450
2440.05425433 0.99999598 0.00013183 0.17530645 -0.03395978 -124.82880330 0.01715968 0.28844482 0.18356323
2440.05467185 1.00012046 0.00013184 -0.51447350 0.18128365 -126.32997174 0.01606780 0.33027873 0.19354248
2440.05508937 1.00034312 0.00013186 -0.14212573 0.14040004 -127.83108417 0.01385166 0.39650222 0.16363525
2440.05550688 1.00027468 0.00013185 -0.30633092 0.26711726 -129.33215015 0.01787819 0.26770569 0.17361450
2440.05592440 1.00028029 0.00013185 -0.51969182 -0.86635894 -130.83987987 0.01699404 0.30323089 0.19354248
2440.05634192 1.00019009 0.00013185 -0.38888890 -0.05747885 -132.35066429 0.01924746 0.28882901 0.20352173
2440.05675944 1.00022118 0.00013185 -0.11251415 0.84404880 -133.87321826 0.02412037 0.32840029 0.20352173
2440.05717696 1.00031197 0.00013186 -0.20169349 -0.08226179 -135.40503839 0.02401806 0.31432085 0.17361450
2440.05759448 1.00049199 0.00013187 -0.10288978 -0.50032973 -136.94957605 0.02694869 0.12664983 0.18356323
2440.05801200 1.00035645 0.00013186 0.10266824 0.34267503 -138.51345210 0.02755781 0.19598313 0.18356323
2440.05842952 1.00014068 0.00013186 -0.31031853 -0.16029234 -140.08785170 0.03370116 0.50940673 0.20352173
2440.05884703 1.00002688 0.00013185 -0.34116083 0.35580832 -141.69537108 0.05264971 0.27361098 0.19354248
2440.05926456 1.00025318 0.00013189 -0.41680205 0.09550500 -143.31233283 0.08526332 0.29617950 0.20352173
2440.05968207 1.00031912 0.00013198 -0.32479200 0.31173757 -144.97106573 0.26205805 0.26448654 0.17361450
2440.06009959 1.00032956 0.00013206 -0.08302565 0.14281788 -146.64782310 0.41222324 0.29433658 0.18356323
2440.06051711 1.00024872 0.00013219 -0.53441149 -0.09396637 -148.36177173 0.66346915 0.29071189 0.18356323
2440.06093463 1.00008116 0.00013219 -0.32722887 0.14375205 -150.11113526 0.68905214 0.29064926 0.18356323
2440.08306314 0.99996547 0.00013212 0.63355976 0.40751731 76.38660041 0.55375973 0.64794217 0.35394287
2440.08348065 0.99981023 0.00013213 0.34029931 0.41768327 74.64975521 0.58241364 0.65909361 0.33380127
2440.08389817 1.00000605 0.00013204 -0.40109780 0.04407078 72.94544122 0.39436589 0.58017052 0.34387207
2440.08431569 1.00012790 0.00013200 -0.43110323 -0.07561270 71.26733889 0.30329595 0.45145320 0.30364990
2440.08473321 0.99991625 0.00013194 -0.47476986 -0.36421585 69.62827528 0.21239630 0.43742474 0.30364990
2440.08515073 0.99993332 0.00013193 0.07591198 0.35696229 68.00049365 0.19797385 0.65904205 0.34387207
2440.08556825 1.00002025 0.00013193 -0.61187416 -0.32899219 66.41394871 0.17784716 0.53628053 0.28356934
2440.08598577 0.99994495 0.00013191 -0.37247083 0.09347181 64.83516193 0.14745070 0.65305381 0.30364990
2440.08640329 0.99975600 0.00013189 -0.11406489 0.29893395 63.28199048 0.12171666 0.76592782 0.28356934
2440.08682080 0.99989392 0.00013187 -0.29244819 -0.36861193 61.74040552 0.08538274 0.52092450 0.26351929
2440.08723833 1.00011425 0.00013188 0.14916556 0.16122651 60.21250255 0.06641041 0.57843245 0.24349976
2440.08765584 1.00005912 0.00013186 -0.27994388 -0.06627102 58.69680230 0.05165928 0.60822119 0.22348022
2440.08807336 0.99990330 0.00013185 -0.69307834 -0.06264424 57.18672028 0.04608234 0.60133431 0.22348022
2440.08849088 1.00016078 0.00013187 0.15608232 0.25387406 55.68592006 0.04136942 0.66560394 0.24349976
2440.08890840 1.00006910 0.00013186 -0.06257077 0.00021980 54.18645436 0.03299484 0.60110584 0.22348022
2440.08932592 1.00002543 0.00013185 -0.31297690 0.32327729 52.68977480 0.03080098 0.62199414 0.24349976
2440.08974344 1.00010045 0.00013186 -0.36274800 0.09446093 51.19142130 0.03140390 0.70929471 0.24349976
2440.09016096 1.00005206 0.00013185 -0.04883572 -0.06192988 49.69016883 0.02480579 0.56111662 0.20352173
2440.09057848 1.00034783 0.00013187 -0.59922218 -0.29701066 48.18212650 0.01658542 0.59268116 0.22348022
2440.09099599 1.00007368 0.00013185 -0.14591640 0.10797890 46.66934835 0.01338278 0.72549332 0.22348022
2440.09141351 1.00012796 0.00013185 -0.11568946 0.37603033 45.14099607 0.01324231 0.80559667 0.18356323
2440.09183103 1.00013143 0.00013185 -0.04920494 0.19892296 43.60804208 0.01522372 0.74379114 0.20352173
2440.09224855 1.00041423 0.00013187 -0.32383204 -0.36932629 42.04917931 0.01296261 0.59773302 0.22348022
2440.09266607 1.00045667 0.00013187 -0.73206812 -0.19155951 40.48112230 0.01254570 0.69984101 0.24349976
2440.09308358 1.00026336 0.00013187 -0.38241521 0.23535553 38.88761872 0.01736631 0.82309100 0.19354248
2440.09350111 1.00005047 0.00013184 0.23384039 -0.23205847 37.27285618 0.01095062 0.65359241 0.22348022
2440.09391862 0.99997102 0.00013185 -0.58652097 0.32992637 35.63607307 0.01151625 0.92943464 0.22348022
2440.09433614 1.00026611 0.00013186 -0.31206617 0.24898340 33.96216562 0.00834657 0.76288880 0.22348022
2440.09475366 1.00030888 0.00013186 0.03470684 -0.11808990 32.27360548 0.00808091 0.68834070 0.22348022
2440.09517118 1.00035439 0.00013186 0.07224438 0.07759094 30.52774860 0.00377950 0.75567640 0.22348022
2440.09558870 1.00016359 0.00013185 -0.71757001 0.03978459 28.76656139 0.00581720 0.83702126 0.20352173
2440.09600622 1.00009471 0.00013185 -0.19777974 -0.11677107 26.94674557 0.00678702 0.81974832 0.18356323
2440.09642374 1.00028659 0.00013186 -0.18884458 0.18513024 25.09531954 0.00273548 0.83583992 0.18356323
2440.09684126 1.00009469 0.00013185 -0.43590310 0.25118145 23.19524063 0.00033893 0.92686302 0.20352173
2440.09725877 1.00031610 0.00013186 -0.37151086 0.19117485 21.23933171 0.00361452 0.89768820 0.20352173
2440.09767630 1.00044303 0.00013187 -0.11773249 -0.24304868 19.24916761 0.00247002 0.72347259 0.18356323
2440.09809381 1.00040010 0.00013186 -0.40016246 0.09523024 17.17399466 0.00285754 0.68273874 0.18356323
2440.09851133 1.00029886 0.00013186 -0.24582779 0.10512144 15.07544567 0.00237851 0.64824244 0.18356323
2440.09892885 1.00013281 0.00013185 -0.09341308 0.20392351 12.87533269 0.00240570 0.87944121 0.20352173
2440.09934637 1.00011331 0.00013185 -0.68630928 0.12754148 10.63987244 0.00618673 0.77673128 0.20352173
2440.09976389 1.00023300 0.00013185 -0.15079014 0.05297285 8.32112018 0.00539045 0.68308243 0.18356323
2440.10018141 1.00051110 0.00013187 -0.03569143 0.05060996 5.93664486 0.00587717 0.63345693 0.18356323
2440.10059892 1.00042291 0.00013187 -0.61940628 0.13490494 3.49242423 0.00768817 0.66373410 0.17361450
2440.10101645 1.00019037 0.00013185 -0.04593118 -0.12204638 0.95073684 0.01553620 0.49927153 0.20352173
2440.10143396 1.00024195 0.00013186 0.04945109 -0.24733487 -1.62348975 0.01445666 0.52631399 0.18356323
2440.10185148 0.99980206 0.00013183 -0.49074483 0.40938565 -4.32544174 0.02634111 0.54099245 0.18356323
2440.10226900 1.00035466 0.00013187 -0.77132869 -0.39262557 -7.05622848 0.03202211 0.48221499 0.17361450
2440.10268652 1.00004127 0.00013185 0.18936150 0.31849653 -9.88847771 0.03511011 0.48406129 0.22348022
2440.10310404 0.99998816 0.00013184 -0.18830305 0.23865260 -12.77096316 0.03833363 0.31545648 0.20352173
2440.10352155 0.99996895 0.00013185 -0.40700537 0.38020661 -15.72074698 0.04839153 0.29413314 0.18356323
2440.10393908 0.99999178 0.00013185 -0.23012356 0.38482252 -18.73712329 0.05588359 0.17253285 0.17361450
2440.10435659 1.00019582 0.00013186 -0.13626741 -0.50758326 -21.78882972 0.06390499 0.00000000 0.22348022
2440.10477411 1.00006403 0.00013186 -0.15970069 0.01329817 -24.91032722 0.06735206 0.04935670 0.20352173
2440.10519163 0.99974572 0.00013185 -0.49618471 0.23315749 -28.04685865 0.07304057 0.25200225 0.20352173
2440.10560915 0.99994015 0.00013185 -0.27465171 -0.04714804 -31.23011468 0.06985821 0.11699162 0.20352173
2440.10602667 0.99969303 0.00013184 -0.43014327 0.28129464 -34.42002531 0.06885460 0.22766644 0.20352173
2440.10644419 0.99970403 0.00013185 0.16770048 -0.33448732 -37.62354032 0.07661334 0.25307482 0.16363525
2440.10686170 0.99964946 0.00013184 -0.28612217 0.56473237 -40.81970035 0.07622103 0.14737923 0.18356323
2440.10727923 0.99982731 0.00013185 -0.32506278 -0.54676336 -44.01007641 0.06536985 0.23514118 0.17361450
2440.10769674 0.99986918 0.00013184 -0.20166889 0.53132212 -47.16525346 0.06360523 0.13577817 0.18356323
2440.10811426 0.99994145 0.00013185 -0.14635947 -0.13364106 -50.31008420 0.05842401 0.24305492 0.20352173
2440.10853178 1.00001894 0.00013185 -0.10941269 -0.03022310 -53.38158954 0.04942849 0.31185660 0.19354248
2440.10894930 0.99999304 0.00013185 -0.68805689 0.03923508 -56.43023186 0.03851673 0.34217479 0.20352173
2440.10936682 1.00001899 0.00013185 -0.03121154 -0.05071986 -59.40391267 0.02983225 0.57970645 0.18356323
2440.10978434 1.00006750 0.00013185 -0.52941465 -0.15237938 -62.32507399 0.03250040 0.34601752 0.19354248
2440.11020186 1.00007691 0.00013185 0.02476247 0.38526210 -65.18450002 0.02834806 0.48529921 0.17361450
2440.11061937 1.00000818 0.00013185 -0.63619357 -0.07270030 -67.95781216 0.02554869 0.51395777 0.19354248
2440.11103689 1.00031224 0.00013186 -0.22401910 0.23282778 -70.69172474 0.01874027 0.42493393 0.20352173
2440.11145442 1.00010452 0.00013184 -0.30005416 -0.19304319 -73.30664010 0.01562221 0.40554506 0.18356323
2440.11187193 1.00031316 0.00013185 -0.26318121 0.25261018 -75.89205040 0.01203020 0.34142525 0.17361450
2440.11228945 1.00010998 0.00013184 -0.39762715 0.21947467 -78.36497903 0.01011425 0.49709838 0.20352173
2440.11270697 1.00019515 0.00013184 -0.52274406 -0.25508296 -80.79194698 0.00429512 0.41788751 0.18356323
2440.11312449 1.00015289 0.00013184 0.01592576 0.13776240 -83.13835794 0.00038624 0.59531325 0.20352173
2440.11354201 1.00039259 0.00013186 -0.55415249 0.73106933 -85.41389059 0.00187643 0.52468565 0.17361450
2440.11395952 0.99997036 0.00013183 0.32402894 -0.12666227 -87.63999705 0.00395360 0.50612879 0.17361450
2440.11437704 1.00008693 0.00013184 -0.37217546 -0.19677986 -89.77496007 0.00467217 0.39090863 0.18356323
2440.11479456 0.99995862 0.00013183 -0.65367007 0.69738436 -91.88503191 0.00486872 0.53065634 0.20352173
2440.11521208 0.99989913 0.00013183 -0.81499535 -0.02082646 -93.89716158 0.00851683 0.59283163 0.18356323
2440.11562960 1.00005708 0.00013184 0.24292324 -0.27332672 -95.88461390 0.00798189 0.48830266 0.19354248
2440.11604712 1.00022884 0.00013185 0.03997440 0.22744258 -97.80443937 0.01267463 0.54782765 0.17361450
2440.11646464 1.00023107 0.00013186 -0.78850985 -0.37427190 -99.68362322 0.01614038 0.55071964 0.20352173
2440.11688216 1.00050254 0.00013187 -0.51176584 -0.06956808 -101.52105445 0.01402242 0.40067975 0.19354248
2440.11729967 1.00022432 0.00013185 -0.12693842 0.03368502 -103.30629121 0.01527693 0.30337679 0.17361450
2440.11771720 1.00030906 0.00013186 -0.22527446 -0.11798000 -105.07114936 0.01242987 0.44050857 0.18356323
2440.11813471 1.00027838 0.00013185 -0.09333924 0.09638422 -106.77692547 0.01154527 0.41261584 0.17361450
2440.11855223 0.99999844 0.00013184 -0.07687195 0.04571931 -108.47009980 0.01255756 0.59614166 0.17361450
2440.11896975 1.00031777 0.00013185 -0.12634766 0.43202549 -110.11865726 0.01374660 0.31183925 0.19354248
2440.11938727 1.00031157 0.00013186 -0.42672181 -0.29354873 -111.74945359 0.01357946 0.49796725 0.18356323
2440.11980479 1.00018514 0.00013184 -0.12317235 0.09753819 -113.35314976 0.01187145 0.25840923 0.20352173
2440.12022231 1.00023782 0.00013185 -0.15352237 0.01818881 -114.93416961 0.00967718 0.34747116 0.19354248
2440.12063983 0.99982144 0.00013182 -0.78159308 0.45340148 -116.50139153 0.00738387 0.53163211 0.17361450
2440.12105734 1.00031206 0.00013185 -0.10141288 -0.45504999 -118.04450780 0.01009607 0.34504943 0.19354248
2440.12147486 1.00021221 0.00013184 -0.24277556 0.20386855 -119.58180735 0.01039697 0.26248231 0.19354248
2440.12189240 1.00010869 0.00013184 -0.38957810 0.34415871 -121.10006884 0.01504032 0.31526454 0.17361450
2440.12230991 1.00015631 0.00013185 -0.18894304 -0.14292780 -122.61434892 0.01670495 0.36855663 0.17361450
2440.12272743 1.00026902 0.00013185 0.22411756 -0.01593582 -124.11949091 0.01620748 0.40738941 0.19354248
2440.12314495 1.00034547 0.00013186 -0.52564859 -0.18111880 -125.62168574 0.01558197 0.30156152 0.21350098
2440.12356247 1.00033732 0.00013185 -0.13803968 0.30486867 -127.12118496 0.01089119 0.32296276 0.19354248
2440.12397999 1.00024972 0.00013185 -0.01183971 0.53253102 -128.62194825 0.01430598 0.49839482 0.17361450
2440.12439750 1.00025523 0.00013185 -0.32171515 -0.55857790 -130.12309894 0.02019772 0.23245791 0.18356323
2440.12481503 1.00010462 0.00013184 -0.26057205 -0.47796461 -131.63304200 0.02190615 0.24771214 0.18356323
2440.12523254 0.99998249 0.00013184 -0.25281841 0.76178700 -133.14651479 0.02367934 0.28062039 0.17361450
2440.12565006 1.00021429 0.00013185 -0.53741449 0.51522148 -134.67312895 0.02434618 0.42377057 0.20352173
2440.12606758 1.00024065 0.00013185 -0.18392162 -0.74557644 -136.21005735 0.02344749 0.31073077 0.20352173
2440.12648510 1.00014846 0.00013185 0.02668242 0.05077481 -137.76074519 0.02921292 0.46923427 0.17361450
2440.12690262 0.99825413 0.00013189 -0.31022006 -0.09039455 -139.33236431 0.32525506 0.45929105 0.20352173
2440.12732014 1.00053403 0.00013188 -0.28137153 0.27854708 -140.91503005 0.04651896 0.22858169 0.17361450
2440.12773765 1.00051388 0.00013190 -0.37195393 0.09402132 -142.53305096 0.07451740 0.21966239 0.18356323
2440.12815518 1.00030197 0.00013193 -0.85226208 0.24706012 -144.16106975 0.15764451 0.28766281 0.17361450
2440.12857269 1.00035058 0.00013207 -0.03766061 0.25112650 -145.83248150 0.42722165 0.29744629 0.20352173
2440.12899021 1.00066777 0.00013214 -0.31292769 0.27700847 -147.52311874 0.53159188 0.21647530 0.20352173
2440.12940773 1.00001450 0.00013215 -0.53613448 -0.32756346 -149.25220525 0.59618986 0.59086779 0.20352173
