# time-2457000 flux       flux_err   x_off      y_off      roll       bg         contam     deltaT    
2408.45489506 1.00030418 0.00013185 1.00000000 -0.94085836 -84.63843956 0.02806468 0.65220980 0.24349976
2408.48161711 0.99986842 0.00013202 0.31458086 -0.75067937 127.73813279 0.25544287 0.52021227 0.36401367
2408.48203464 0.99974858 0.00013203 0.09574328 -1.00000000 125.78313948 0.28006826 0.55803162 0.34387207
2408.48245218 0.99979817 0.00013194 -0.18152338 0.54613209 123.86072827 0.15964271 0.81813105 0.38418579
2408.48286971 0.99943877 0.00013189 -0.08382855 -0.13671465 121.96851279 0.14102707 0.64271429 0.38418579
2408.48328724 0.99976245 0.00013183 -0.50991184 -0.25645095 120.10492676 0.04655287 0.56196702 0.36401367
2408.48370477 0.99937805 0.00013179 0.11707825 0.72780842 118.26735816 0.03373540 0.58595437 0.33380127
2408.48412231 0.99953544 0.00013180 -0.46988305 -0.19994618 116.45395333 0.03451042 0.53306848 0.34387207
2408.48453984 0.99967195 0.00013181 -0.34216666 -0.00804520 114.66283090 0.03084932 0.69297125 0.35394287
2408.48495737 0.99977613 0.00013182 -0.15502341 0.29229113 112.89172027 0.03199846 0.67069228 0.34387207
2408.48537490 0.99948781 0.00013180 -0.36391249 0.11088390 111.13849353 0.03041525 0.72163836 0.32373047
2408.48579244 0.99946195 0.00013180 -0.39141026 0.50135881 109.40090353 0.03472029 0.64953028 0.30364990
2408.48620997 0.99930290 0.00013179 -0.19687165 0.37069824 107.67715760 0.03309918 0.71316610 0.31369019
2408.48662750 0.99971049 0.00013182 -0.17139880 0.15635678 105.96482285 0.03183841 0.80444765 0.31369019
2408.48704503 0.99962143 0.00013181 -0.52599376 0.11147585 104.26252808 0.03067915 0.67437394 0.30364990
2408.48746257 0.99964895 0.00013181 -0.50732929 0.21948069 102.56738572 0.03484523 0.62594391 0.28356934
2408.48788011 0.99975465 0.00013182 -0.80279088 0.37683305 100.87832260 0.03252198 0.62479742 0.28356934
2408.48829764 0.99958421 0.00013181 -0.40561402 0.55565721 99.19250679 0.03228540 0.78897003 0.28356934
2408.48871517 0.99947875 0.00013180 -0.34078738 0.04517691 97.50832777 0.03133379 0.70258374 0.28356934
2408.48913270 0.99957875 0.00013181 -0.23481680 0.05012781 95.82364212 0.03274634 0.82854942 0.24349976
2408.48955024 0.99964616 0.00013181 -0.36042026 -0.06535719 94.13620921 0.03285966 0.78445213 0.28356934
2408.48996777 0.99948640 0.00013180 -0.18924154 0.17524552 92.44457380 0.03586593 0.72208686 0.26351929
2408.49038530 0.99931806 0.00013180 -0.25424424 -0.00675367 90.74624103 0.03541451 0.81537620 0.24349976
2408.49080283 0.99977881 0.00013182 -0.34216666 0.27060407 89.03949627 0.03460511 0.62329362 0.26351929
2408.49122037 0.99988580 0.00013183 -0.32954761 0.08440737 87.32203962 0.03087028 0.68290852 0.28356934
2408.49163790 0.99988723 0.00013182 0.01225221 0.07316023 85.59193585 0.03007055 0.49954069 0.24349976
2408.49205543 0.99977169 0.00013182 -0.13492098 0.33114490 83.84714168 0.03196967 0.54534621 0.26351929
2408.49247296 0.99982390 0.00013182 -0.01231090 0.10561012 82.08571417 0.03354286 0.57560478 0.28356934
2408.49289050 0.99970166 0.00013182 -0.70647532 0.62696087 80.30505760 0.03987375 0.50389785 0.26351929
2408.49330802 0.99972918 0.00013181 -0.66961598 0.03624378 78.50376634 0.03088416 0.59547522 0.24349976
2408.49372556 0.99962429 0.00013181 0.08277208 0.33787164 76.67893278 0.03479629 0.65222296 0.26351929
2408.49414309 0.99987102 0.00013182 -0.02648531 0.34793487 74.82909860 0.02656062 0.52609865 0.26351929
2408.49456062 0.99981655 0.00013181 0.10921337 0.58735371 72.95205574 0.02185045 0.52234668 0.24349976
2408.49497815 1.00010975 0.00013182 -0.51275843 -0.23815417 71.04559685 0.01847974 0.51521290 0.26351929
2408.49539569 0.99972801 0.00013180 -0.35821924 0.39034039 69.10747237 0.01512656 0.69204395 0.24349976
2408.49581322 1.00010856 0.00013182 -0.68238175 -0.26296246 67.13582157 0.01427575 0.54427588 0.26351929
2408.49623075 1.00012470 0.00013183 -0.52511334 0.00061886 65.12849514 0.01603491 0.63381989 0.24349976
2408.49664828 1.00015815 0.00013183 -0.33286378 0.08155522 63.08374914 0.01422633 0.62138098 0.26351929
2408.49706581 0.99980531 0.00013180 -0.36150607 0.10512579 60.99982441 0.01294618 0.72070538 0.27352905
2408.49748335 0.99997020 0.00013181 -0.19660753 0.17691377 58.87433097 0.01028259 0.72245552 0.24349976
2408.49790088 1.00000000 0.00013182 -0.51178998 0.15129827 56.70672910 0.01131597 0.69065735 0.26351929
2408.49831841 1.00003494 0.00013182 -0.00409385 0.22658415 54.49471183 0.00959105 0.71687830 0.24349976
2408.49873594 0.99989081 0.00013181 -0.36922422 0.21275394 52.23713358 0.00897088 0.83098801 0.26351929
2408.49915348 1.00013498 0.00013182 -0.02683746 0.23379524 49.93343225 0.00699110 0.78105407 0.22348022
2408.49957101 1.00033394 0.00013183 -0.59422457 0.14279564 47.58269779 0.00389387 0.67945984 0.24349976
2408.49998854 1.00021069 0.00013182 -0.14073162 0.21824297 45.18418025 0.00205475 0.74812633 0.24349976
2408.50040607 1.00033816 0.00013183 -0.23047350 0.18251042 42.73844790 0.00000000 0.92612175 0.22348022
2408.50082361 1.00001345 0.00013181 -0.85887223 -0.01498722 40.24554273 0.00320372 0.78372602 0.22348022
2408.50124113 1.00026939 0.00013183 -0.03834133 0.16141531 37.70651006 0.00393481 0.76362575 0.24349976
2408.50165867 1.00011263 0.00013182 -0.31728074 0.22136419 35.12219435 0.00304728 0.90182096 0.24349976
2408.50207620 1.00022079 0.00013183 -0.13882408 0.14005113 32.49524034 0.00234679 0.85993482 0.24349976
2408.50249373 1.00000049 0.00013181 0.02918519 0.37145165 29.82746084 0.00260159 0.95337242 0.22348022
2408.50291126 1.00030149 0.00013183 -0.36282668 -0.09662317 27.12174949 0.00369450 0.90348285 0.26351929
2408.50332880 1.00049063 0.00013185 0.09351294 0.40352482 24.38144619 0.00433934 0.97651405 0.24349976
2408.50374633 1.00015904 0.00013182 -0.79008377 0.05846899 21.61102957 0.00172179 0.98667239 0.24349976
2408.50416386 1.00029226 0.00013183 -0.08652844 0.23799273 18.81432693 0.00403756 0.92275478 0.24349976
2408.50458139 1.00032205 0.00013183 -0.94667721 0.08575273 15.99652710 0.00546310 0.82382375 0.25350952
2408.50499892 1.00027942 0.00013183 -0.08189168 0.18584689 13.16257392 0.00536083 0.86988174 0.24349976
2408.50541646 1.00037273 0.00013184 -0.66283691 -0.00164133 10.31807424 0.00807980 0.71240919 0.24349976
2408.50583399 1.00020346 0.00013183 -0.19610864 0.32178125 7.46848954 0.00717463 0.74964504 0.24349976
2408.50625152 1.00003118 0.00013181 -0.32455871 0.33566529 4.62022244 0.00389222 0.79191930 0.22348022
2408.50666905 1.00018906 0.00013182 -0.34278294 0.00142607 1.77840101 0.00604334 0.65124633 0.24349976
2408.50708659 1.00044004 0.00013184 0.04664642 0.07143818 -1.05108260 0.00882354 0.63393944 0.24349976
2408.50750412 1.00003144 0.00013182 -0.14645420 0.04770618 -3.86289435 0.01282298 0.75796137 0.24349976
2408.50792165 0.99991114 0.00013181 -0.86142534 0.00976725 -6.65218615 0.01916322 0.50770186 0.24349976
2408.50833918 0.99991456 0.00013181 -0.12623440 0.07283735 -9.41381628 0.02116161 0.53162309 0.22348022
2408.50875672 1.00000371 0.00013182 -0.01099030 0.42618054 -12.14372142 0.02379858 0.60399680 0.24349976
2408.50917425 0.99998590 0.00013182 -0.68631423 0.24568814 -14.83825171 0.02528154 0.36058555 0.22348022
2408.50959178 0.99981874 0.00013181 -0.11854558 0.47342929 -17.49379223 0.02741265 0.47133189 0.24349976
2408.51000931 0.99947894 0.00013180 -0.09421726 0.46831697 -20.10766585 0.02917271 0.64226036 0.22348022
2408.51042685 0.99964648 0.00013180 -0.32722923 -0.11497377 -22.67790915 0.03224497 0.10554945 0.24349976
2408.51084438 0.99969968 0.00013181 -0.64414316 -0.16787300 -25.20277239 0.03927942 0.15753039 0.22348022
2408.51126191 0.99976019 0.00013181 -0.83028865 0.31812188 -27.68105240 0.03673412 0.32663174 0.22348022
2408.51167944 0.99981051 0.00013182 0.19578584 0.06815552 -30.11160236 0.03752767 0.27934603 0.20352173
2408.51209697 0.99997466 0.00013183 -0.58016759 0.21560608 -32.49500168 0.04076684 0.22673153 0.22348022
2408.51251450 0.99978670 0.00013181 -0.33180732 0.21565990 -34.83088880 0.03714452 0.13081729 0.22348022
2408.51293204 0.99958373 0.00013180 -0.79210871 0.06401184 -37.11975291 0.03768448 0.26357293 0.22348022
2408.51334957 0.99967074 0.00013181 -0.11992487 -0.00330957 -39.36236772 0.04085421 0.36916610 0.22348022
2408.51376710 0.99962874 0.00013181 -0.25747237 0.35412350 -41.55999865 0.04014405 0.26170234 0.24349976
2408.51418463 0.99990939 0.00013182 -0.21885225 -0.22922105 -43.71353044 0.03754953 0.26521605 0.24349976
2408.51460216 0.99972064 0.00013181 -0.01888454 0.44307816 -45.82529724 0.04006507 0.38077431 0.24349976
2408.51501970 0.99992624 0.00013182 -0.50955963 0.52019376 -47.89575773 0.03888822 0.23980172 0.20352173
2408.51543723 0.99961422 0.00013181 0.02404954 -0.12406834 -49.92760956 0.03804927 0.50198564 0.20352173
2408.51585476 0.99992328 0.00013182 0.07511262 0.11298265 -51.92247543 0.03054784 0.48073484 0.20352173
2408.51627229 0.99982202 0.00013181 -0.60440785 0.40939057 -53.88226170 0.03064197 0.39190537 0.22348022
2408.51668983 1.00012309 0.00013183 -0.62201583 0.12439123 -55.80898898 0.03082805 0.40267453 0.22348022
2408.51710736 1.00023091 0.00013184 -0.55833369 0.23514059 -57.70473775 0.03103778 0.42533490 0.20352173
2408.51752489 1.00011371 0.00013183 -0.20899180 -0.07746536 -59.57145742 0.02800435 0.45487506 0.23348999
2408.51794242 0.99999018 0.00013183 -0.76246864 0.26328534 -61.41143142 0.03196833 0.42860018 0.20352173
2408.51835996 0.99996748 0.00013183 -0.21016566 0.30961928 -63.22646122 0.03365007 0.42584555 0.20352173
2408.51877749 0.99980032 0.00013182 -0.21767840 -0.00051123 -65.01937460 0.03363800 0.45710680 0.20352173
2408.51919502 0.99982015 0.00013182 -0.00485686 0.44157138 -66.79136147 0.03261898 0.61106454 0.22348022
2408.51961255 1.00034155 0.00013185 -0.47152647 -0.12170053 -68.54524974 0.03022259 0.35850255 0.22348022
2408.52003009 0.99997273 0.00013182 -0.20233011 0.22044934 -70.28263935 0.02823749 0.29204716 0.22348022
2408.52044762 1.00021428 0.00013184 0.07138560 0.60021526 -72.00528625 0.02848428 0.47695675 0.22348022
2408.52086515 1.00011567 0.00013183 -0.55671966 -0.03845016 -73.71472844 0.02955334 0.42990294 0.22348022
2408.52128268 1.00023849 0.00013185 0.24910860 0.41676310 -75.41505583 0.03165206 0.56723650 0.21350098
2408.52170021 0.99997284 0.00013183 -0.60364485 -0.29578906 -77.10844988 0.02973840 0.52728569 0.24349976
2408.52211774 1.00011044 0.00013183 -0.76745754 0.31091079 -78.79600064 0.02938781 0.49798030 0.20352173
2408.52253527 1.00021288 0.00013184 -0.40702266 0.21964213 -80.47867037 0.02679252 0.53853520 0.22348022
2408.52295281 1.00020373 0.00013184 -0.19097298 0.44749093 -82.15989165 0.02820583 0.49181038 0.20352173
2408.52337034 1.00005984 0.00013183 -0.06589779 0.06627203 -83.84081602 0.02546651 0.55262721 0.22348022
2408.52378787 1.00013704 0.00013183 -0.60490674 0.17556842 -85.52318029 0.02565370 0.43254774 0.20352173
2408.52420540 1.00021876 0.00013184 -0.29547623 0.26694471 -87.21057221 0.02677621 0.43109639 0.22348022
2408.52462294 1.00037454 0.00013186 -0.18152338 -0.05911476 -88.90337845 0.03518751 0.48519085 0.22348022
2408.52504047 1.00038323 0.00013186 -0.67888951 0.13725279 -90.60288015 0.04203912 0.48289416 0.22348022
2408.52545800 1.00025971 0.00013187 -0.12001291 0.49845284 -92.31542531 0.05387302 0.70889711 0.26351929
2408.52796320 1.00010416 0.00013186 -0.33509412 -0.62082607 -102.90341988 0.06461528 0.36623404 0.22348022
2408.52838073 0.99996631 0.00013186 -0.24966618 -0.87617379 -104.74358401 0.07555829 0.47210914 0.22348022
2408.52879826 1.00047930 0.00013200 -0.27508032 -0.05863043 -106.60274019 0.19053421 0.43253883 0.24349976
2408.52921579 1.00025216 0.00013201 -0.35258469 0.03436029 -108.50351032 0.21355828 0.43559183 0.23348999
2408.52963333 1.00047912 0.00013208 -0.29527080 0.27980626 -110.41621562 0.28517537 0.39429852 0.26351929
2408.55050994 0.99996265 0.00013201 0.15379085 -0.29874882 126.73458534 0.23718275 0.57958716 0.32373047
2408.55092748 0.99972849 0.00013198 -0.29063404 0.27103457 124.79561527 0.21881846 0.63708137 0.32373047
2408.55134501 0.99974619 0.00013193 0.14727589 0.14268801 122.88816513 0.16516626 0.52111456 0.30364990
2408.55176254 0.99959168 0.00013189 -0.67498642 0.17185524 121.00385210 0.12098472 0.65721227 0.32373047
2408.55218007 0.99970869 0.00013181 -0.06627929 0.05599354 119.15787522 0.03660016 0.50355544 0.32373047
2408.55259760 0.99952662 0.00013180 -0.37271646 0.33641869 117.32247389 0.03569206 0.53330122 0.32373047
2408.55301513 0.99951078 0.00013180 -0.15825152 -0.19262747 115.52719635 0.03000490 0.72117469 0.30364990
2408.55343267 0.99979970 0.00013182 -0.40449885 0.16265303 113.74072293 0.03251898 0.70953186 0.28356934
2408.55385020 0.99976960 0.00013181 -0.10161260 0.31440872 111.98012169 0.03142642 0.45241179 0.30364990
2408.55426773 0.99958862 0.00013181 -0.57406348 -0.06169783 110.23291974 0.03135329 0.65866162 0.30364990
2408.55468526 0.99949618 0.00013180 -0.14577922 0.88225484 108.50025530 0.03160903 0.65701332 0.28356934
2408.55510280 0.99977362 0.00013182 -0.16805330 -0.04926678 106.78292382 0.03293325 0.73486081 0.26351929
2408.55552033 0.99943273 0.00013180 -0.23895468 0.00115700 105.07199956 0.03339291 0.68730170 0.26351929
2408.55593786 0.99990943 0.00013182 -0.91662633 0.42235973 103.37529436 0.03290597 0.47201569 0.26351929
2408.55635539 0.99949541 0.00013180 -0.54330826 0.08316965 101.68097451 0.03133904 0.65809559 0.26351929
2408.55677293 0.99959801 0.00013181 -0.62087131 0.75546885 99.99369816 0.03490791 0.53460563 0.26351929
2408.55719046 0.99952459 0.00013180 -0.19854441 0.17879726 98.30750121 0.02888286 0.69915106 0.24349976
2408.55760799 0.99961502 0.00013180 -0.30709746 0.06002960 96.62297634 0.03039845 0.58515741 0.24349976
2408.55802552 0.99960058 0.00013181 -0.22325425 0.06546482 94.93604088 0.03460950 0.78246775 0.26351929
2408.55844306 0.99966762 0.00013182 -0.23722322 0.02892506 93.24752612 0.03596665 0.72017465 0.22348022
2408.55886059 0.99952518 0.00013180 -0.46198881 0.07256828 91.55052403 0.03244823 0.67179667 0.24349976
2408.55927812 0.99989827 0.00013183 -0.12353450 0.16916454 89.85079162 0.03373277 0.62456194 0.24349976
2408.55969565 0.99981488 0.00013182 -0.63281536 0.11518902 88.13532776 0.03192281 0.65630000 0.22348022
2408.56011318 0.99973797 0.00013181 0.33145514 0.00029598 86.41323274 0.02944621 0.66889023 0.22348022
2408.56053071 0.99990600 0.00013183 -0.40963450 0.44749093 84.67478705 0.02926582 0.70269364 0.24349976
2408.56094824 0.99957539 0.00013180 0.12332908 0.05384098 82.92115204 0.03117253 0.57931441 0.22348022
2408.56136578 0.99971014 0.00013181 -0.35402268 0.60699582 81.15309671 0.03377406 0.53712200 0.22348022
2408.56178331 0.99951436 0.00013180 -0.76907164 -0.01923853 79.35820830 0.03376262 0.58787645 0.22348022
2408.56220084 0.99946263 0.00013180 -0.41127789 0.38452846 77.55382395 0.03171022 0.79945930 0.22348022
2408.56261837 0.99981911 0.00013181 0.14281522 0.05507870 75.70842256 0.02533534 0.59200761 0.22348022
2408.56303591 0.99991839 0.00013182 0.14768675 0.64111394 73.85197154 0.02560613 0.49142234 0.22348022
2408.56345344 0.99980595 0.00013181 -0.32834440 0.18455537 71.95513584 0.02209331 0.73618280 0.24349976
2408.56387097 0.99984327 0.00013180 -0.56062275 -0.24703351 70.03503798 0.01621838 0.50914622 0.22348022
2408.56428850 0.99985252 0.00013181 -0.11323385 0.50986141 68.08246965 0.01482456 0.62176095 0.22348022
2408.56470604 0.99985211 0.00013181 -0.88135171 -0.47402126 66.08971488 0.01743060 0.58463639 0.24349976
2408.56512357 0.99984789 0.00013181 -0.51085091 0.28545675 64.07467104 0.01665350 0.78793500 0.24349976
2408.56554110 1.00005322 0.00013182 -0.31810245 -0.03732006 61.99994567 0.01246016 0.67177918 0.24349976
2408.56595863 0.99977357 0.00013180 -0.12649851 0.15420422 59.90927262 0.01513601 0.56200787 0.22348022
2408.56637617 0.99990393 0.00013181 -0.38178456 0.25090811 57.75190852 0.01067275 0.70807865 0.24349976
2408.56679370 1.00029688 0.00013183 -0.39769042 0.08295439 55.56935272 0.00979304 0.66431312 0.22348022
2408.56721123 0.99988735 0.00013181 -0.17671055 0.30079377 53.33327065 0.00869984 0.81125967 0.20352173
2408.56762876 0.99988378 0.00013181 -0.05363091 0.32135072 51.05249200 0.00818685 0.76608170 0.22348022
2408.56804630 0.99998783 0.00013181 -0.50052088 0.00078030 48.73453425 0.00466177 0.80132511 0.20352173
2408.56846382 1.00011242 0.00013182 -0.50941294 -0.13692991 46.35168007 0.00265590 0.81658889 0.22348022
2408.56888136 1.00005406 0.00013181 -0.07875159 0.44544598 43.94964048 0.00083058 0.76115159 0.22348022
2408.56929889 1.00008307 0.00013181 -0.51683760 -0.08806673 41.46412480 0.00291300 0.72299394 0.21350098
2408.56971642 1.00026410 0.00013183 -0.57177442 0.12110857 38.96016956 0.00452132 0.72313586 0.24349976
2408.57013395 1.00013882 0.00013182 0.01278044 0.27049643 36.39302877 0.00536432 0.82080748 0.22348022
2408.57055149 0.99994970 0.00013181 -0.34398615 0.25472891 33.79161907 0.00393821 0.86170013 0.20352173
2408.57096902 1.00006501 0.00013182 0.19722381 0.17481501 31.14837916 0.00443976 0.81679069 0.20352173
2408.57138655 1.00028506 0.00013183 -0.48869422 0.20188349 28.45911142 0.00286779 0.95280690 0.18356323
2408.57180408 1.00032126 0.00013183 -0.06936068 0.07030809 25.74771354 0.00254368 0.76032955 0.22348022
2408.57222161 1.00001647 0.00013182 -0.45785096 0.18380196 22.98486566 0.00268140 0.95919459 0.22348022
2408.57263915 1.00029106 0.00013184 -0.33512348 0.12665142 20.21085281 0.00333382 1.00000000 0.22348022
2408.57305668 1.00011474 0.00013182 -0.63557392 0.11739540 17.39917787 0.00415572 0.89530130 0.22348022
2408.57347421 1.00038094 0.00013184 -0.48467374 0.08790529 14.57783533 0.00549581 0.75412303 0.20352173
2408.57389174 1.00017912 0.00013183 -0.46835703 0.17244719 11.73891065 0.00670004 0.83264782 0.20352173
2408.57430928 1.00037218 0.00013184 -0.30636382 -0.03791201 8.89436992 0.00761760 0.71046117 0.20352173
2408.57472681 1.00015839 0.00013182 0.01997036 0.37145165 6.04581648 0.00497533 0.72343330 0.21350098
2408.57514434 1.00024117 0.00013183 -0.66315973 0.17126329 3.20353662 0.00783765 0.73113178 0.20352173
2408.57556187 1.00024456 0.00013183 -0.08805447 0.13988969 0.36362960 0.00843862 0.61252944 0.22348022
2408.57597941 1.00003320 0.00013181 0.07103344 0.04754473 -2.45111218 0.00973346 0.65195181 0.24349976
2408.57639693 1.00000846 0.00013182 -0.54451144 0.02704157 -5.25503349 0.01795206 0.57373455 0.24349976
2408.57681447 1.00010130 0.00013182 -0.59824508 0.01805462 -8.02780333 0.02009475 0.44840771 0.20352173
2408.57723200 1.00017732 0.00013183 -0.04632360 0.24122158 -10.77343033 0.02063295 0.62396411 0.20352173
2408.57764953 1.00002404 0.00013182 -0.44945782 0.22351675 -13.49005521 0.02266989 0.35113328 0.18356323
2408.57806706 0.99990196 0.00013182 -0.44975129 0.26576081 -16.15914911 0.03122612 0.29987144 0.20352173
2408.57848460 1.00007416 0.00013183 -0.06093821 0.68895465 -18.80875377 0.03324637 0.33551079 0.20352173
2408.57890213 1.00008241 0.00013182 -0.21131018 0.23863851 -21.38720562 0.03201933 0.10100513 0.18356323
2408.57931966 0.99983905 0.00013182 -0.71871287 -0.20909458 -23.94773038 0.03715172 0.25947681 0.18356323
2408.57973719 0.99959545 0.00013180 -0.61450309 0.29557380 -26.44028702 0.03543688 0.15176701 0.22348022
2408.58015473 0.99927612 0.00013178 0.01272175 -0.11179873 -28.90053652 0.03810211 0.32678484 0.18356323
2408.58057227 0.99968215 0.00013181 -0.50876731 0.28039822 -31.30931917 0.03981928 0.13929585 0.20352173
2408.58098980 0.99977657 0.00013181 -0.33993632 0.13289385 -33.66662440 0.03636790 0.04217759 0.20352173
2408.58140733 0.99987927 0.00013182 -0.52003640 0.41025159 -35.99129175 0.03958709 0.33127394 0.18356323
2408.58182487 0.99976035 0.00013182 -0.44062451 -0.41600969 -38.24690896 0.04210390 0.41656582 0.19354248
2408.58224240 0.99957892 0.00013180 -0.25888100 0.54570162 -40.48409687 0.04154241 0.28261696 0.20352173
2408.58265993 0.99965979 0.00013181 -0.15018122 0.14387192 -42.64737760 0.04156950 0.43639186 0.18356323
2408.58307746 0.99983632 0.00013182 -0.27851388 -0.47385982 -44.78896988 0.04116841 0.36371827 0.20352173
2408.58349499 0.99952339 0.00013180 0.07100409 0.85211891 -46.87749820 0.04135298 0.40669116 0.20352173
2408.58391253 0.99970831 0.00013181 -0.65796542 0.21243104 -48.93049844 0.03974306 0.43675388 0.18356323
2408.58433006 0.99989447 0.00013182 0.39202654 -0.28556436 -50.95008446 0.03242686 0.27256722 0.20352173
2408.58474759 0.99990616 0.00013182 -0.48138693 0.49780709 -52.92275061 0.03031784 0.38406761 0.20352173
2408.58516512 1.00022635 0.00013184 -0.74653345 0.06643347 -54.87903341 0.02977104 0.38296469 0.20352173
2408.58558266 1.00014451 0.00013183 -0.50049156 0.32861564 -56.78049004 0.02894848 0.36750174 0.20352173
2408.58600019 0.99997508 0.00013182 -0.20388550 -0.00804520 -58.67033846 0.02895209 0.33711499 0.20352173
2408.58641772 0.99986634 0.00013182 -0.72775161 0.05604736 -60.51958563 0.02830570 0.44367744 0.18356323
2408.58683525 1.00007545 0.00013183 -0.64455402 0.33658013 -62.35051850 0.03135523 0.44704331 0.20352173
2408.58725278 0.99997071 0.00013182 0.17835395 0.31080317 -64.15614222 0.03028542 0.48400840 0.18356323
2408.58767031 1.00000197 0.00013182 -0.31009084 -0.07084623 -65.93785943 0.03125825 0.37730385 0.20352173
2408.58808785 1.00005809 0.00013183 -0.04098253 0.37322751 -67.70646438 0.02859885 0.57525586 0.18356323
2408.58850538 1.00004116 0.00013183 -0.67862540 -0.14537872 -69.44855786 0.02835128 0.52833405 0.22348022
2408.58892291 1.00019625 0.00013184 0.19032736 0.59402663 -71.18441872 0.02654009 0.56595766 0.20352173
2408.58934044 0.99994662 0.00013182 -0.44088861 0.22798331 -72.89850483 0.02750865 0.45384194 0.22348022
2408.58975798 1.00009578 0.00013183 -0.15740047 0.28045204 -74.60701803 0.02796279 0.37854415 0.20352173
2408.59017551 1.00016660 0.00013184 -0.22595413 -0.12143146 -76.30376753 0.03032446 0.40916787 0.20352173
2408.59059304 1.00006348 0.00013183 -0.51598656 0.15904748 -77.99434816 0.02758952 0.58590696 0.20352173
2408.59101057 1.00004815 0.00013183 -0.75742102 0.32587111 -79.67981271 0.02632717 0.60685106 0.22348022
2408.59142811 1.00008849 0.00013183 -0.27619550 0.36079645 -81.36156947 0.02830238 0.39571600 0.22348022
2408.59184564 0.99996967 0.00013182 0.05131252 -0.01159693 -83.04221835 0.02537206 0.63550946 0.22348022
2408.59226317 1.00020980 0.00013183 -0.36012676 0.17901251 -84.72454139 0.02506280 0.38437442 0.22348022
2408.59268070 1.00022396 0.00013184 -0.55413711 0.39060944 -86.40858528 0.02903216 0.58458148 0.20352173
2408.59309824 1.00025237 0.00013184 0.20808205 -0.08510695 -88.09861307 0.03010184 0.56230333 0.20352173
2408.59351577 1.00017543 0.00013184 -0.68801630 0.17955065 -89.79508994 0.03509442 0.57375210 0.20352173
2408.59393330 1.00037140 0.00013187 -0.36896011 0.19892372 -91.49943172 0.04369866 0.57457348 0.20352173
2408.59435083 1.00028596 0.00013187 -0.24846298 0.32188886 -93.21755809 0.05629517 0.44327512 0.20352173
2408.59476836 1.00034952 0.00013188 -0.33136711 0.28212029 -94.94224271 0.06126952 0.46908820 0.20352173
2408.59518590 1.00022545 0.00013187 -0.20092148 -0.27162653 -96.69133054 0.06443249 0.36635160 0.20352173
2408.59560342 1.00026365 0.00013188 -0.19921938 0.40567738 -98.44738055 0.06589214 0.46279792 0.20352173
2408.59602096 1.00031836 0.00013188 0.00051357 -0.09005785 -100.23291439 0.06487392 0.62611250 0.24349976
2408.59643849 1.00035454 0.00013188 -0.63037962 -0.27237993 -102.03261834 0.06510717 0.46664736 0.20352173
2408.59685602 1.00008855 0.00013187 -0.28919604 -0.13779093 -103.85805821 0.07111197 0.62228075 0.22348022
2408.59727355 1.00042490 0.00013196 -0.53359449 0.25053141 -105.71060316 0.14839388 0.52999715 0.22348022
2408.59769109 1.00047384 0.00013206 -0.55181873 -0.08978878 -107.58269660 0.26182005 0.45955917 0.22348022
2408.59810862 1.00031340 0.00013242 -0.20591040 0.20457420 -109.49798486 0.67052680 0.42574438 0.22348022
2408.59852615 1.00026757 0.00013251 -0.47237751 0.24816360 -111.42559801 0.77316645 0.56592094 0.22348022
2408.61898523 0.99977657 0.00013196 0.00679374 0.19854702 127.69229051 0.19315857 0.52218592 0.32373047
2408.61940276 0.99969689 0.00013201 0.07203122 -0.33136016 125.72988299 0.25317203 0.53407073 0.28356934
2408.61982029 0.99957914 0.00013195 -0.20438439 0.63018972 123.80559568 0.19257871 0.85960844 0.30364990
2408.62023782 0.99921869 0.00013187 -0.21189710 0.07983318 121.91197474 0.12905034 0.88564952 0.28356934
2408.62065535 0.99934576 0.00013181 -0.48124018 -0.17519172 120.04025135 0.05320995 0.56050229 0.28356934
2408.62107289 0.99948113 0.00013180 0.08626433 0.72161978 118.20594581 0.03502279 0.59589970 0.26351929
2408.62149042 0.99948766 0.00013180 -0.50612611 -0.12078568 116.38187725 0.03406701 0.59113530 0.26351929
2408.62190795 0.99931755 0.00013179 -0.20447242 -0.05222656 114.59599953 0.03135210 0.69774678 0.28356934
2408.62232548 0.99938132 0.00013179 -0.22398791 0.38027716 112.81873281 0.03186128 0.75196123 0.26351929
2408.62274302 0.99959348 0.00013181 -0.43243679 0.01843132 111.06567586 0.03248708 0.69131788 0.26351929
2408.62316055 0.99829864 0.00013172 -0.27962905 0.61571372 109.32562465 0.03458702 0.61569443 0.26351929
2408.62357808 0.99917349 0.00013178 -0.22900617 0.17180143 107.59919588 0.03479691 0.62659256 0.26351929
2408.62399561 0.99972195 0.00013182 -0.13456883 0.12309969 105.88673054 0.03053944 0.78848843 0.24349976
2408.62441315 0.99946527 0.00013180 -0.59173012 0.21985739 104.17984437 0.02996653 0.70476057 0.24349976
2408.62483068 0.99926340 0.00013179 -0.52528942 0.18498588 102.48603485 0.03548058 0.70040986 0.24349976
2408.62524821 0.99964880 0.00013181 -0.75530809 0.46863985 100.79419471 0.03075568 0.66542594 0.24349976
2408.62566574 0.99951773 0.00013181 -0.34568825 0.51874077 99.10817972 0.03170659 0.80532869 0.22348022
2408.62608328 0.99970675 0.00013181 -0.40353039 0.09113413 97.42243782 0.02993752 0.69662984 0.24349976
2408.62650081 0.99954096 0.00013180 -0.29353935 0.12261537 95.73717969 0.03179454 0.60321765 0.24349976
2408.62691835 0.99968310 0.00013181 -0.27836716 -0.14268801 94.04858351 0.02974510 0.78993643 0.24349976
2408.62733588 0.99979477 0.00013182 -0.21010697 0.15888605 92.35802879 0.03601338 0.72210909 0.22348022
2408.62775342 0.99958800 0.00013181 -0.25400949 0.09694605 90.65724215 0.03322553 0.88219183 0.20352173
2408.62817095 0.99957746 0.00013181 -0.37418380 0.29767254 88.95333375 0.03354700 0.61976975 0.24349976
2408.62858848 0.99950220 0.00013180 -0.24611524 -0.00616171 87.23254940 0.03289314 0.71472910 0.20352173
2408.62900601 0.99976361 0.00013181 -0.08814251 0.10114355 85.50445254 0.03123379 0.55095414 0.20352173
2408.62942355 0.99937773 0.00013179 0.11088612 0.30811247 83.75875855 0.03186183 0.60247486 0.22348022
2408.62984108 0.99968963 0.00013181 -0.31948173 0.17578366 81.99676133 0.03254001 0.72378000 0.22348022
2408.63025861 0.99948785 0.00013180 -0.70788395 0.51954794 80.21969239 0.03200050 0.69218884 0.20352173
2408.63067614 0.99957911 0.00013180 -0.64822233 0.00976725 78.41445836 0.03127956 0.59499577 0.22348022
2408.63109367 0.99977027 0.00013181 0.23367229 0.17863581 76.59961537 0.02775636 0.64908063 0.20352173
2408.63151120 0.99969561 0.00013181 0.03702073 0.43925735 74.74158467 0.02822565 0.54537263 0.20352173
2408.63192874 0.99984155 0.00013182 -0.01448255 0.52137762 72.87213999 0.02221893 0.71122169 0.21350098
2408.63234627 0.99986786 0.00013181 -0.44118208 -0.27706176 70.96161290 0.01815559 0.51353068 0.23348999
2408.63276380 0.99982905 0.00013181 -0.32969436 0.37914705 69.02664362 0.01933243 0.68820703 0.22348022
2408.63318133 0.99963565 0.00013179 -0.75621784 -0.09194134 67.05842978 0.01440784 0.52656959 0.20352173
2408.63359886 0.99970071 0.00013180 -0.43959737 -0.10695547 65.04861864 0.01617748 0.54637284 0.22348022
2408.63401640 0.99988151 0.00013181 -0.41776350 0.04722185 63.01634586 0.01545446 0.62202796 0.22348022
2408.63443393 0.99998428 0.00013182 -0.40605420 0.19467241 60.92300524 0.01387613 0.75259380 0.22348022
2408.63485146 1.00018747 0.00013183 -0.18486889 0.10329611 58.81331762 0.01133820 0.68082285 0.20352173
2408.63526899 1.00009079 0.00013182 -0.51924402 0.19634065 56.63603096 0.01005659 0.68981537 0.22348022
2408.63568653 0.99996906 0.00013181 0.00101246 0.17685995 54.43262557 0.00905007 0.72804052 0.22348022
2408.63610406 1.00001649 0.00013182 -0.26445687 0.27001211 52.17566088 0.00674383 0.82359367 0.20352173
2408.63652159 1.00029518 0.00013183 -0.07628648 0.18283331 49.87309363 0.00400158 0.77531518 0.20352173
2408.63693912 1.00014536 0.00013182 -0.63401860 -0.00099556 47.53376737 0.00427038 0.66650847 0.18356323
2408.63735666 1.00019528 0.00013182 -0.15217678 0.29756492 45.12900288 0.00212197 0.78659354 0.20352173
2408.63777419 1.00000033 0.00013181 -0.32215229 0.06960850 42.70531259 0.00175157 0.91788193 0.20352173
2408.63819172 1.00033146 0.00013183 -0.82864523 -0.13472353 40.19847924 0.00189610 0.75372942 0.22348022
2408.63860925 1.00018179 0.00013182 -0.03244266 0.08661375 37.67311969 0.00503797 0.76971378 0.20352173
2408.63902678 0.99987706 0.00013181 -0.28194743 0.40309432 35.08592126 0.00364042 0.96176731 0.18356323
2408.63944431 0.99993655 0.00013181 -0.06613256 0.06890892 32.46481111 0.00267851 0.79770195 0.20352173
2408.63986185 1.00007444 0.00013182 0.11073939 0.41514868 29.80330293 0.00315590 0.95447221 0.18356323
2408.64027938 1.00052753 0.00013185 -0.48801926 0.01902328 27.09710984 0.00315867 0.91535848 0.20352173
2408.64069691 1.00022796 0.00013183 0.12890494 0.28621015 24.37009647 0.00125040 0.98006089 0.18356323
2408.64111444 0.99985458 0.00013180 -0.85206378 0.19332705 21.59423183 0.00177498 0.98459610 0.20352173
2408.64153198 1.00032256 0.00013183 -0.11082742 0.23045877 18.80815595 0.00100922 0.92345963 0.20352173
2408.64194951 1.00028387 0.00013183 -0.83521885 -0.06363514 15.98829169 0.00509434 0.73087203 0.18356323
2408.64236704 1.00021708 0.00013183 -0.03640445 0.17529935 13.16010774 0.00604826 0.84311761 0.22348022
2408.64278457 1.00021107 0.00013182 -0.70010710 -0.02047625 10.31726248 0.00538145 0.71083318 0.22348022
2408.64320211 1.00009550 0.00013182 -0.03050579 0.29024619 7.47131308 0.00574605 0.84098770 0.20352173
2408.64361964 1.00019310 0.00013183 -0.41259849 0.31241760 4.62323849 0.00626030 0.80327873 0.18356323
2408.64403717 1.00033557 0.00013183 -0.35367054 -0.03140051 1.78563073 0.00770422 0.65187681 0.21350098
2408.64445470 1.00010843 0.00013182 0.11992487 0.08995022 -1.04836313 0.00867698 0.63817779 0.24349976
2408.64487224 0.99997615 0.00013181 -0.30501387 0.09021929 -3.85340181 0.01224817 0.63698083 0.20352173
2408.64528977 0.99999046 0.00013181 -0.74471396 0.00314812 -6.64632921 0.01703788 0.50880857 0.18356323
2408.64570729 1.00035362 0.00013184 -0.22991592 -0.00519306 -9.40557686 0.01991445 0.30211672 0.20352173
2408.64612483 1.00008143 0.00013183 0.04975716 0.47811112 -12.13601516 0.02543719 0.59769538 0.18356323
2408.64654236 0.99994010 0.00013182 -0.80267346 0.10835464 -14.83636388 0.02641064 0.39306205 0.18356323
2408.64695989 1.00001489 0.00013183 -0.05911872 0.44453114 -17.48652349 0.02954338 0.45323183 0.20352173
2408.64737742 0.99949626 0.00013180 -0.05260378 0.50055158 -20.11669034 0.02928508 0.63372650 0.18356323
2408.64779496 0.99993321 0.00013181 -0.46055084 -0.14667025 -22.67440089 0.03339080 0.08119608 0.20352173
2408.64821249 0.99950064 0.00013179 -0.52798933 -0.04641464 -25.21380982 0.03376298 0.16650878 0.18356323
2408.64863002 0.99970211 0.00013181 -0.73447198 0.33356652 -27.68479257 0.03574131 0.33322142 0.18356323
2408.64904755 0.99952723 0.00013180 0.07458438 0.07864927 -30.12275651 0.04153408 0.40217059 0.18356323
2408.64946509 0.99994280 0.00013183 -0.61828882 0.23105071 -32.50986829 0.03977614 0.27978749 0.20352173
2408.64988262 0.99963214 0.00013180 -0.32086104 0.22739136 -34.84501029 0.03534897 0.13294604 0.18356323
2408.65030015 0.99962724 0.00013180 -0.75968069 0.10469528 -37.14824443 0.03858976 0.26799582 0.19354248
2408.65071768 0.99973911 0.00013181 -0.06231750 0.04044127 -39.38248637 0.03936473 0.36914032 0.20352173
2408.65113522 0.99989619 0.00013182 -0.42166659 0.36009687 -41.59858332 0.03847884 0.27008196 0.18356323
2408.65155275 0.99967632 0.00013181 -0.07341052 -0.34244585 -43.74215438 0.04163544 0.31656659 0.18356323
2408.65197028 0.99961988 0.00013181 -0.11323385 0.53230190 -45.86400829 0.04048630 0.38953928 0.18356323
2408.65238781 0.99971308 0.00013181 -0.49782100 0.52546751 -47.93430414 0.03894011 0.21948314 0.20352173
2408.65280535 0.99955921 0.00013180 0.06369679 -0.31306335 -49.96941750 0.03360958 0.49414055 0.20352173
2408.65322288 0.99991623 0.00013182 0.06525216 0.29944840 -51.97235066 0.02993742 0.56693459 0.18356323
2408.65364041 0.99992757 0.00013182 -0.75982744 0.34136957 -53.92911081 0.02937441 0.38592564 0.18356323
2408.65405794 0.99988336 0.00013182 -0.53068918 0.17013319 -55.87032707 0.03044722 0.41285406 0.20352173
2408.65447547 0.99992337 0.00013182 -0.62583089 0.13224809 -57.75786263 0.02868390 0.34478662 0.20352173
2408.65489300 0.99993423 0.00013182 -0.21811859 -0.06492668 -59.63423277 0.02901897 0.46600564 0.20352173
2408.65531054 0.99991008 0.00013184 -0.88848293 0.31666890 -61.47178194 0.04898047 0.44449422 0.20352173
2408.65572807 0.99989699 0.00013182 -0.15701897 0.21135476 -63.29141801 0.03398697 0.40863308 0.20352173
2408.65614560 0.99979612 0.00013181 -0.15472993 0.03059330 -65.08699683 0.03233288 0.37652381 0.20352173
2408.65656313 0.99976305 0.00013181 0.11373274 0.41342661 -66.85962260 0.03083806 0.55033205 0.20352173
2408.65698067 0.99988901 0.00013182 -0.63695323 -0.09038074 -68.62003950 0.03060022 0.58757673 0.20352173
2408.65739820 0.99984630 0.00013182 -0.09019677 0.31144893 -70.35506177 0.02850656 0.57759752 0.23348999
2408.65781573 0.99988839 0.00013182 -0.04570733 0.59843940 -72.08427308 0.02836309 0.54321831 0.20352173
2408.65823326 1.00012222 0.00013183 -0.38410294 0.01127405 -73.79354359 0.02742326 0.39842039 0.20352173
2408.65865080 1.00007796 0.00013183 -0.00702851 0.34933406 -75.49759643 0.02750961 0.59297019 0.20352173
2408.65906833 0.99996924 0.00013182 -0.44367653 -0.20753397 -77.19097360 0.02644081 0.53794632 0.18356323
2408.65948586 1.00007495 0.00013183 -0.74852902 0.30413023 -78.87909790 0.02694536 0.49787624 0.18356323
2408.65990339 0.99991960 0.00013182 -0.40898886 0.14715458 -80.56297992 0.02440952 0.54040932 0.20352173
2408.66032093 1.00036661 0.00013185 -0.09882467 0.46508813 -82.24446494 0.02533533 0.70308764 0.22348022
2408.66073846 1.00028272 0.00013184 -0.19572714 0.10910803 -83.92527204 0.02439105 0.55290158 0.20352173
2408.66115598 1.00022658 0.00013184 -0.48479113 0.13203283 -85.60894844 0.02551768 0.41529433 0.20352173
2408.66157352 0.99998802 0.00013183 -0.29530016 0.23153505 -87.29491030 0.02947094 0.55887828 0.18356323
2408.66199105 1.00033766 0.00013185 -0.20658538 0.01434145 -88.98828669 0.03260665 0.48605734 0.18356323
2408.66240858 1.00026283 0.00013185 -0.56085753 0.08978878 -90.68879495 0.03502846 0.52834704 0.20352173
2408.66282611 1.00025332 0.00013186 -0.22008482 0.57470739 -92.39765420 0.04389367 0.49950241 0.19354248
2408.66324365 1.00016697 0.00013186 -0.16062860 0.34626666 -94.12194778 0.05399104 0.44471436 0.20352173
2408.66366118 1.00018564 0.00013186 -0.32593799 -0.18116507 -95.85330405 0.05984257 0.42832672 0.20352173
2408.66407871 1.00011930 0.00013186 -0.17222051 0.20963272 -97.61082197 0.06127592 0.29375658 0.18356323
2408.66449624 1.00035322 0.00013188 0.07810597 -0.00503162 -99.37567237 0.06113328 0.63210301 0.20352173
2408.66491378 1.00007349 0.00013186 -0.69538230 0.06250504 -101.17083665 0.06311634 0.61726768 0.18356323
2408.66533131 0.99999163 0.00013186 -0.39927515 -0.20000000 -102.98114866 0.06967892 0.47033217 0.22348022
2408.66574884 1.00021973 0.00013189 -0.31596014 -0.15070631 -104.81814814 0.08088087 0.50437907 0.22348022
2408.66616637 1.00026640 0.00013202 -0.40065444 0.26737523 -106.68363273 0.23372873 0.44637844 0.20352173
2408.66658391 1.00037721 0.00013211 -0.48951593 -0.05540159 -108.56907393 0.32193793 0.55009157 0.20352173
2408.66700144 1.00031685 0.00013234 -0.28987101 0.34712768 -110.49931755 0.58423403 0.38090260 0.22348022
2408.66741897 1.00010755 0.00013223 -0.74785405 0.03742769 -112.44227022 0.47702633 0.55572447 0.22348022
2408.68787806 0.99998186 0.00013200 0.26648179 -0.26479214 126.67876240 0.21850253 0.62981339 0.30364990
2408.68829559 0.99988926 0.00013198 0.07024108 0.25564376 124.73191513 0.21289587 0.57484384 0.30364990
2408.68871312 0.99964893 0.00013192 0.13304280 0.25650477 122.82156771 0.15964839 0.51629080 0.28356934
2408.69205338 0.99943340 0.00013179 -0.22912356 0.40298668 108.42099591 0.03180537 0.60776155 0.24349976
2408.69247091 0.99945561 0.00013179 -0.03966193 0.24197498 106.70009726 0.03150509 0.52610458 0.24349976
2408.69288845 0.99960319 0.00013181 -0.28734723 -0.16087717 104.99211078 0.03131395 0.66432853 0.26351929
2408.69330597 0.99970757 0.00013181 -0.83557099 0.35826719 103.28917045 0.03355984 0.47240331 0.22348022
2408.69372351 0.99971253 0.00013181 -0.52364600 0.18557782 101.59772798 0.02907806 0.65695235 0.22348022
2408.69414104 0.99953752 0.00013180 -0.70544821 0.70138574 99.90789956 0.02958065 0.57368075 0.22348022
2408.69455857 0.99969971 0.00013181 -0.28244632 0.14683169 98.22257427 0.03276177 0.69278381 0.20352173
2408.69497610 0.99938290 0.00013179 -0.23367229 0.12164671 96.53692400 0.02938678 0.80869253 0.24349976
2408.69539363 0.99950118 0.00013180 -0.24315123 0.07041571 94.85083943 0.03290605 0.77959727 0.22348022
2408.69581117 0.99947648 0.00013180 -0.26786107 0.07660433 93.16018273 0.03119274 0.69491390 0.20352173
2408.69622870 0.99954755 0.00013180 -0.37978899 0.07536661 91.46680553 0.03252867 0.66536988 0.24349976
2408.69664623 0.99971915 0.00013182 -0.11311647 0.14021257 89.76200547 0.03403505 0.62415065 0.22348022
2408.69706376 0.99942261 0.00013179 -0.65805346 0.05179605 88.05369862 0.03120990 0.65172921 0.20352173
2408.69748130 0.99988438 0.00013182 0.31422868 0.03888067 86.32685625 0.02972591 0.67288892 0.20352173
2408.69789883 0.99942619 0.00013179 -0.37673694 0.46046010 84.59209635 0.02992501 0.69215484 0.22348022
2408.69831636 1.00000567 0.00013183 0.21735558 -0.01660164 82.83890268 0.02935520 0.63866150 0.20352173
2408.69873389 0.99985792 0.00013182 -0.47818813 0.60947126 81.06839095 0.03346123 0.60564305 0.20352173
2408.69915143 0.99982409 0.00013182 -0.77206498 0.01380331 79.28230591 0.03265140 0.54149755 0.20352173
2408.69956895 0.99973203 0.00013181 -0.41406584 0.39168572 77.46624206 0.02879002 0.70930372 0.20352173
2408.69998649 0.99979184 0.00013181 0.17198573 0.00250235 75.64031968 0.02749811 0.59890070 0.22348022
2408.70040402 0.99971478 0.00013181 0.18117122 0.56146914 73.76928761 0.02291107 0.68411413 0.22348022
2408.70082155 0.99971047 0.00013181 -0.36244515 0.21334589 71.88641712 0.02029828 0.72317887 0.20352173
2408.70123908 1.00001909 0.00013182 -0.58204573 -0.13154849 69.96150689 0.01639523 0.52051997 0.22348022
2408.70165662 0.99971467 0.00013180 -0.17841265 0.41907710 68.01107566 0.01737564 0.78348449 0.20352173
2408.70207415 0.99971319 0.00013180 -0.79715633 -0.33458900 66.02699529 0.01463302 0.78691927 0.20352173
2408.70249168 0.99975619 0.00013181 -0.37996507 0.24967039 63.99973300 0.01582067 0.77380985 0.22348022
2408.70290921 0.99974961 0.00013180 -0.35625303 -0.10630970 61.94994328 0.01425426 0.67784413 0.20352173
2408.70332675 0.99985959 0.00013181 -0.16978474 0.18224135 59.83732946 0.01185038 0.75061246 0.20352173
2408.70374428 0.99974400 0.00013180 -0.38815278 0.17971210 57.70809874 0.01203367 0.68850084 0.20352173
2408.70416181 0.99994452 0.00013181 -0.19070886 0.11621149 55.51068894 0.00626402 0.75653975 0.18356323
2408.70457934 1.00000821 0.00013181 -0.24875644 0.32318041 53.28643580 0.00660921 0.81297399 0.18356323
2408.70499688 1.00015651 0.00013182 -0.08787839 0.35573792 51.00866095 0.00552449 0.76846295 0.18356323
2408.70541441 0.99986105 0.00013180 -0.46938416 -0.11890219 48.68430984 0.00433132 0.80168116 0.20352173
2408.70583194 1.00002855 0.00013181 -0.40259132 -0.01719360 46.32334778 0.00161640 0.84557254 0.20352173
2408.70624947 1.00019659 0.00013182 -0.11775322 0.44210953 43.89647933 0.00226380 0.79165613 0.20352173
2408.70666701 1.00030443 0.00013183 -0.61180317 -0.25532088 41.45064364 0.00271260 0.68222158 0.20352173
2408.70708453 1.00009448 0.00013182 -0.64725387 0.17341585 38.92292844 0.00310405 0.73848215 0.18356323
2408.70750207 1.00011901 0.00013182 0.03605229 0.22200996 36.37636940 0.00387432 0.81576771 0.22348022
2408.70791960 1.00029418 0.00013183 -0.32981175 0.25618190 33.76959647 0.00459627 0.86033658 0.18356323
2408.70833713 1.00039615 0.00013184 0.19496413 0.25133863 31.12931203 0.00181359 0.84319681 0.18356323
2408.70875466 1.00014941 0.00013182 -0.33541694 0.17895870 28.45036196 0.00373177 0.93758156 0.18356323
2408.70917220 1.00019719 0.00013182 -0.13876539 0.10356518 25.72800215 0.00254633 0.76804947 0.20352173
2408.70958973 1.00018941 0.00013183 -0.42345673 0.34104669 22.98616357 0.00274223 0.95213778 0.18356323
2408.71000726 1.00002517 0.00013182 -0.22792035 0.10378044 20.19848944 0.00544573 0.98302042 0.22348022
2408.71042479 1.00011847 0.00013182 -0.72191161 0.16523612 17.40162698 0.00176138 0.88200291 0.18356323
2408.71084232 1.00011848 0.00013182 -0.45752814 0.09495493 14.57440051 0.00445436 0.75426371 0.18356323
2408.71125986 1.00026447 0.00013183 -0.54348433 0.08516077 11.74038777 0.00571759 0.84531481 0.18356323
2408.71167739 1.00008988 0.00013182 -0.42926738 0.14806943 8.89479021 0.00747866 0.63787394 0.18356323
2408.71209492 1.00009417 0.00013182 0.13465686 0.22803713 6.04891012 0.00542165 0.75430778 0.18356323
2408.71251245 1.00001409 0.00013181 -0.75953400 0.17013319 3.20290107 0.00430753 0.74744417 0.20352173
2408.71292999 0.99995459 0.00013181 0.01897258 0.19752455 0.37099831 0.00718718 0.74156297 0.22348022
2408.71334752 1.00009064 0.00013182 0.07370398 -0.00287905 -2.45618895 0.01045411 0.68939376 0.20352173
2408.71376505 1.00004027 0.00013182 -0.67143548 0.06298937 -5.25042775 0.01830119 0.67939762 0.20352173
2408.71418258 1.00013080 0.00013182 -0.60003519 -0.15167496 -8.03132259 0.01861192 0.48305050 0.20352173
2408.71460011 1.00007565 0.00013183 0.02607445 0.23853087 -10.77643216 0.02449054 0.62167866 0.18356323
2408.71501764 0.99991205 0.00013181 -0.53039575 0.29842594 -13.49060745 0.02405486 0.37156048 0.19354248
2408.71543518 1.00005406 0.00013182 -0.37289256 0.25898021 -16.17351451 0.02730231 0.30053393 0.18356323
2408.71585271 0.99979845 0.00013181 -0.11490660 0.63384902 -18.80447999 0.02920518 0.38623897 0.20352173
2408.71627024 0.99953756 0.00013179 -0.23883729 0.23890758 -21.41555542 0.03163967 0.10465781 0.19354248
2408.71668777 1.00007658 0.00013183 -0.59933090 -0.30111665 -23.95180456 0.03647309 0.08022936 0.20352173
2408.71710531 0.99976385 0.00013181 -0.68379039 0.35503834 -26.46959302 0.03763928 0.20826321 0.20352173
2408.71752284 0.99958015 0.00013180 -0.02539948 -0.12928832 -28.91900724 0.04010983 0.33106502 0.20352173
2408.71794037 0.99967622 0.00013180 -0.46448329 0.38404414 -31.33480090 0.03707507 0.21972459 0.18356323
2408.71835790 0.99969298 0.00013180 -0.35813120 0.18401723 -33.70013460 0.03593204 0.04239976 0.18356323
2408.71877544 0.99968643 0.00013180 -0.42598054 0.29595050 -36.01324321 0.03399740 0.12122051 0.18356323
2408.71919297 0.99967297 0.00013181 -0.44713944 -0.22674559 -38.29511256 0.03934607 0.32882602 0.20352173
2408.71961051 0.99974777 0.00013182 -0.32282725 0.51863313 -40.50825354 0.04227357 0.28337130 0.18356323
2408.72002804 0.99980740 0.00013181 -0.27780956 0.13084891 -42.70336583 0.03849801 0.20808162 0.18356323
2408.72044558 0.99955170 0.00013180 -0.11757714 -0.44291672 -44.82770185 0.03893734 0.40336966 0.17361450
2408.72086311 0.99965842 0.00013181 -0.11517072 0.93703753 -46.93024854 0.03976479 0.37712971 0.17361450
2408.72128064 0.99980738 0.00013182 -0.55190682 0.13407776 -48.98295592 0.03812775 0.25975209 0.20352173
2408.72169817 1.00022777 0.00013184 0.43205529 -0.29105341 -51.00057622 0.03329240 0.28405168 0.20352173
2408.72211571 0.99990421 0.00013182 -0.52646327 0.53892100 -52.98709356 0.03127556 0.37459780 0.18356323
2408.72253323 1.00018127 0.00013184 -0.74979091 0.11879457 -54.92840556 0.03054607 0.39614710 0.18356323
2408.72295077 1.00028658 0.00013185 -0.44919372 0.27006593 -56.85512967 0.03789564 0.35138897 0.18356323
2408.72336830 1.00005038 0.00013182 -0.24605656 -0.03462936 -58.72915248 0.02814489 0.35745598 0.17361450
2408.72378583 1.00020811 0.00013184 -0.68088508 0.05432530 -60.59250783 0.02867996 0.45500183 0.18356323
2408.72420336 1.00001366 0.00013183 -0.71962261 0.20521997 -62.41874813 0.03124257 0.41154635 0.18356323
2408.72462090 1.00010797 0.00013184 0.12209652 0.35008743 -64.22766741 0.02841600 0.63302465 0.20352173
2408.72503843 1.00017638 0.00013184 -0.12024768 -0.02639580 -66.01386115 0.02901965 0.60980861 0.20352173
2408.72545596 1.00013681 0.00013183 -0.17063579 0.43807346 -67.77786231 0.02838295 0.35133643 0.20352173
2408.72587349 0.99975075 0.00013181 -0.52273625 -0.10200457 -69.53034530 0.02471693 0.50709437 0.18356323
2408.72629103 0.99970928 0.00013181 0.19288051 0.66533029 -71.25891849 0.02650003 0.56830958 0.20352173
2408.72670856 1.00025220 0.00013184 -0.46228227 0.18417867 -72.98205428 0.02552393 0.45859215 0.18356323
2408.72712609 0.99996125 0.00013183 -0.08644041 0.25386789 -74.68673870 0.02862666 0.59719731 0.18356323
2408.72754362 0.99994489 0.00013182 -0.32238704 -0.14279564 -76.38665031 0.02632482 0.41815432 0.18356323
2408.72796116 1.00032474 0.00013185 -0.59757012 0.06557245 -78.07722930 0.02604479 0.59651124 0.18356323
2408.72837869 1.00006346 0.00013183 -0.63037962 0.30413023 -79.76333414 0.02430390 0.51624017 0.20352173
2408.72879622 1.00009883 0.00013182 -0.26137549 0.45045069 -81.44597848 0.02203100 0.39617157 0.20352173
2408.72921375 1.00022201 0.00013184 0.00761544 -0.13219427 -83.12745133 0.02230104 0.60338225 0.18356323
2408.72963128 1.00052470 0.00013185 -0.34985548 0.21388403 -84.80864835 0.02301212 0.38170781 0.18356323
2408.73004882 1.00034845 0.00013185 -0.53608900 0.37306607 -86.49447894 0.02483384 0.58666890 0.20352173
2408.73046634 1.00033283 0.00013185 0.11390882 -0.14521727 -88.18293197 0.03082812 0.54282139 0.20352173
2408.73088388 1.00022869 0.00013185 -0.64079762 0.16615094 -89.87977318 0.03528535 0.57154079 0.20352173
2408.73130141 1.00026633 0.00013185 -0.40878344 0.30918875 -91.58483344 0.03695293 0.58338260 0.18356323
2408.73171894 1.00052986 0.00013187 -0.29010579 0.38684246 -93.29935638 0.03607967 0.46161428 0.20352173
2408.73213647 1.00051043 0.00013187 -0.35774970 0.19553342 -95.03014148 0.03911024 0.48224918 0.18356323
2408.73255401 1.00030067 0.00013186 -0.04312482 -0.22281717 -96.76819792 0.03644965 0.66948877 0.20352173
2408.73297154 1.00039235 0.00013186 -0.19370222 0.41299611 -98.53427244 0.04311507 0.46813677 0.20352173
2408.73338907 0.99987444 0.00013184 -0.03203181 -0.02311314 -100.30818168 0.05226237 0.60764592 0.20352173
2408.73380660 0.99976545 0.00013187 -0.66048920 -0.33674157 -102.11364338 0.09806823 0.46889748 0.20352173
2408.73422414 1.00021410 0.00013188 -0.36740473 -0.07057716 -103.93522969 0.06946025 0.50365937 0.20352173
2408.73464167 1.00031015 0.00013197 -0.51610392 0.17018700 -105.78424452 0.16818346 0.65340682 0.22348022
2408.73505920 1.00044929 0.00013210 -0.57332981 -0.10221983 -107.66307533 0.30124693 0.45748799 0.20352173
2408.73547673 1.00061368 0.00013226 -0.12570615 0.22104131 -109.56211278 0.47249802 0.61386132 0.20352173
2408.73589427 1.00042999 0.00013272 -0.63437074 0.22626127 -111.50780501 1.00000000 0.53631705 0.22348022
2408.75677087 0.99991012 0.00013193 0.28094965 -0.35557649 125.67247850 0.15259831 0.58013046 0.28356934
2408.76303386 0.99960845 0.00013180 -0.04476824 0.71123368 99.02205497 0.03049516 0.52897814 0.22348022
2408.76345138 0.99940172 0.00013179 -0.25873429 0.10049778 97.33700331 0.03072101 0.72678873 0.22348022
2408.76386892 0.99941037 0.00013180 -0.22466289 0.10991524 95.65092470 0.03253519 0.80457594 0.22348022
2408.76428645 0.99947391 0.00013180 -0.30759636 -0.07493610 93.96339821 0.03298458 0.79353074 0.20352173
2408.76470398 0.99971928 0.00013181 -0.11326320 0.16518229 92.27028956 0.03346419 0.50170150 0.22348022
2408.76512151 0.99966571 0.00013182 -0.23238103 0.05696220 90.57395432 0.03588652 0.85672641 0.20352173
2408.76553905 0.99967241 0.00013181 -0.36649498 0.29105341 88.86462622 0.03522812 0.62079633 0.18356323
2408.76595658 0.99954276 0.00013181 -0.21568282 0.01783936 87.15132924 0.03516429 0.70444052 0.20352173
2408.76637412 0.99973320 0.00013181 -0.09850185 0.11196018 85.41799867 0.03357110 0.54903213 0.18356323
2408.76679165 0.99981005 0.00013182 0.04121730 0.25881878 83.67611916 0.03276269 0.62097615 0.18356323
2408.76720919 0.99959339 0.00013181 -0.25940925 0.22814476 81.91494449 0.03747169 0.67549724 0.22348022
2408.76762672 0.99974414 0.00013182 -0.63786298 0.41536391 80.13522695 0.03543625 0.82667442 0.22348022
2408.76804425 0.99994675 0.00013183 -0.66313040 -0.01617113 78.33930340 0.03609401 0.57766175 0.18356323
2408.76846178 0.99970716 0.00013182 0.14516294 0.24837886 76.51212723 0.03440636 0.65447521 0.20352173
2408.76887932 0.99992180 0.00013182 0.00600138 0.40201804 74.67505737 0.02787158 0.54687085 0.20352173
2408.76929685 0.99979877 0.00013181 -0.05709381 0.46449617 72.79058841 0.02203002 0.61018333 0.20352173
2408.76971438 0.99993813 0.00013181 -0.46779945 -0.20107628 70.89385557 0.01886217 0.51031810 0.22348022
2408.77013191 0.99990488 0.00013181 -0.15519948 0.47698104 68.95415471 0.01607415 0.62340706 0.20352173
2408.77054945 0.99998717 0.00013182 -0.75607109 -0.17944303 66.98788172 0.01787105 0.52955047 0.18356323
2408.77096698 0.99992475 0.00013181 -0.54148877 0.01923853 64.98756227 0.01661855 0.64132382 0.20352173
2408.77138451 0.99990893 0.00013181 -0.44376457 0.06288175 62.94255090 0.01509375 0.62013352 0.20352173
2408.77180204 1.00005440 0.00013182 -0.28913736 0.07025427 60.87494048 0.01187348 0.72643282 0.20352173
2408.77221958 1.00008164 0.00013182 -0.14539772 0.13391632 58.74266109 0.01064375 0.66414509 0.18356323
2408.77263711 0.99992242 0.00013181 -0.63340229 0.12379927 56.59344953 0.01401955 0.68421125 0.20352173
2408.77305463 0.99986402 0.00013180 0.01615530 0.19666353 54.37577263 0.00680484 0.72790804 0.18356323
2408.77347217 1.00012841 0.00013183 -0.20188992 0.21431455 52.13036860 0.00738523 0.88082969 0.20352173
2408.77388970 1.00020062 0.00013183 -0.17618230 0.31962869 49.83157309 0.00496483 0.93193932 0.18356323
2408.77430723 1.00024476 0.00013183 -0.53063053 0.00739944 47.48531839 0.00325845 0.77648478 0.18356323
2408.77472476 1.00014264 0.00013182 -0.12482575 0.27076551 45.10292089 0.00275420 0.79611735 0.18356323
2408.77514230 1.00011011 0.00013182 -0.32737598 0.07316023 42.65396661 0.00039460 0.86799560 0.18356323
2408.77555983 1.00013569 0.00013182 -0.90362579 -0.04393919 40.18613164 0.00181258 0.79745477 0.18356323
2408.77597736 1.00033501 0.00013183 0.05515693 0.04162519 37.63760154 0.00337081 0.78510676 0.20352173
2408.77639489 1.00043513 0.00013184 -0.34586433 0.40363246 35.07018229 0.00186259 0.87769029 0.20352173
2408.77681243 1.00032614 0.00013183 -0.05732858 0.08053276 32.44438348 0.00358025 0.79765971 0.18356323
2408.77722996 1.00025336 0.00013183 0.05539170 0.40427822 29.78557908 0.00333318 0.95071063 0.17361450
2408.77764749 1.00050504 0.00013185 -0.42005253 0.03780439 27.08959745 0.00268591 0.89411333 0.20352173
2408.77806502 1.00048152 0.00013185 0.08362313 0.33948606 24.35209247 0.00332228 0.97807845 0.18356323
2408.77848256 1.00006164 0.00013182 -0.78374493 0.24558052 21.59645548 0.00252380 0.98674860 0.18356323
2408.77890008 1.00016990 0.00013183 -0.07816467 0.13875958 18.79775480 0.00407234 0.92568820 0.18356323
2408.77931762 1.00020379 0.00013182 -0.92205542 0.03559801 15.99083273 0.00156610 0.75806871 0.20352173
2408.77973515 1.00019888 0.00013183 -0.04039559 0.20473564 13.15775786 0.00445279 0.86773653 0.19354248
2408.78015268 1.00020999 0.00013182 -0.62676996 -0.06428091 10.31936474 0.00531818 0.67619991 0.18356323
2408.78057021 0.99999240 0.00013181 -0.15957212 0.38851070 7.47218468 0.00692858 0.83990618 0.19354248
2408.78098775 1.00000152 0.00013181 -0.33738315 0.27453250 4.62744399 0.00524804 0.78904498 0.19354248
2408.78140528 1.00028854 0.00013183 -0.31842527 -0.09242567 1.78439221 0.00803448 0.61001205 0.19354248
2408.78182281 1.00022223 0.00013183 0.01357280 0.12702812 -1.04050709 0.00867921 0.72631693 0.18356323
2408.78224034 1.00006702 0.00013182 -0.19499347 0.01800081 -3.85954722 0.01367385 0.61926187 0.16363525
2408.78265788 1.00012400 0.00013182 -0.92939210 -0.03457554 -6.64229526 0.01729416 0.48090773 0.19354248
2408.78307541 1.00015089 0.00013182 -0.19094364 0.22287098 -9.41032347 0.01768714 0.31728849 0.16363525
2408.78349294 0.99997539 0.00013182 0.15258764 0.30461454 -12.14022672 0.02363718 0.60694161 0.17361450
2408.78391047 1.00006754 0.00013183 -0.76848471 0.16050047 -14.83751416 0.02640044 0.41014337 0.17361450
2408.78432801 0.99994441 0.00013182 -0.19757597 0.51513523 -17.50274048 0.03008983 0.39013555 0.17361450
2408.78474553 0.99967914 0.00013181 -0.02859826 0.37333512 -20.11371252 0.02820849 0.54988992 0.17361450
2408.78516307 1.00027626 0.00013184 -0.37025136 -0.15145971 -22.70462642 0.03207956 0.10198462 0.17361450
2408.78558060 0.99977749 0.00013181 -0.48769644 -0.05071976 -25.21931002 0.03500345 0.16895273 0.17361450
2408.78599813 0.99985840 0.00013181 -0.89593697 0.36972958 -27.71536482 0.03173465 0.32221711 0.17361450
2408.78641566 0.99976003 0.00013181 0.24990095 -0.00944437 -30.14317185 0.03868398 0.27689609 0.18356323
2408.78683320 0.99982259 0.00013182 -0.64012265 0.40169513 -32.53671482 0.03688184 0.35945262 0.17361450
2408.78725073 0.99985059 0.00013181 -0.32021540 0.12460648 -34.88030702 0.03777828 0.13074431 0.18356323
2408.78766826 0.99987438 0.00013182 -0.73482412 0.10248890 -37.17156618 0.04057414 0.28238058 0.19354248
2408.78808579 0.99976983 0.00013181 -0.12987337 0.17971210 -39.43245168 0.03658378 0.29858442 0.16363525
2408.78850333 0.99996551 0.00013183 -0.33019325 0.30391496 -41.62474818 0.03804915 0.28263047 0.18356323
2408.78892086 0.99962422 0.00013180 -0.20758316 -0.24498856 -43.79934473 0.03669930 0.24698163 0.17361450
2408.78933839 0.99969474 0.00013182 -0.03584687 0.40928292 -45.90489734 0.04271195 0.38395738 0.17361450
2408.78975592 1.00005852 0.00013183 -0.51269972 0.48908919 -47.98856522 0.03892193 0.21982886 0.16363525
2408.79017346 0.99987417 0.00013182 0.05656557 -0.23411812 -50.02379935 0.03475571 0.50336971 0.19354248
2408.79059099 0.99974774 0.00013181 0.06498804 0.30649805 -52.02425604 0.03115316 0.56687973 0.14373779
2408.79100852 0.99986818 0.00013182 -0.62976331 0.31209472 -53.99474309 0.03300878 0.38936212 0.16363525
2408.79142605 1.00016861 0.00013184 -0.70354068 0.16760392 -55.92096828 0.03024713 0.43327311 0.19354248
2408.79184359 1.00004429 0.00013183 -0.37594458 0.20156060 -57.83344855 0.02760094 0.45626444 0.18356323
2408.79226111 0.99981316 0.00013181 -0.43293568 -0.14457150 -59.69455621 0.02823002 0.36323632 0.19354248
2408.79267865 1.00000505 0.00013183 -0.80029643 0.34497511 -61.54545907 0.03055473 0.42162848 0.17361450
2408.79309618 0.99982518 0.00013182 -0.10877316 0.17772098 -63.36103607 0.02938156 0.62726005 0.17361450
2408.79351371 0.99992265 0.00013182 -0.14319673 0.08968115 -65.15966111 0.02758619 0.60150893 0.17361450
2408.79393124 1.00023346 0.00013184 -0.05128318 0.41181219 -66.93667161 0.02550592 0.56734510 0.19354248
2408.79434878 1.00006412 0.00013183 -0.54571468 -0.06729450 -68.69239491 0.02531129 0.52806281 0.14373779
2408.79476631 1.00017426 0.00013183 -0.01275110 0.37995425 -70.43740990 0.02251364 0.54922271 0.17361450
2408.79518384 1.00018865 0.00013184 -0.08274274 0.52191579 -72.15974260 0.02653326 0.52142444 0.18356323
2408.79560137 1.00019613 0.00013183 -0.35868880 0.01148930 -73.87708384 0.02530585 0.41603520 0.14373779
2408.79601891 1.00026431 0.00013184 0.04426934 0.30843535 -75.57784629 0.02635210 0.60103193 0.18356323
2408.79643644 1.00039066 0.00013185 -0.47091019 -0.18616979 -77.27422249 0.02525550 0.52317399 0.20352173
2408.79685397 1.00023137 0.00013184 -0.80276150 0.28034440 -78.96229009 0.02454462 0.49762194 0.17361450
2408.79727150 1.00041609 0.00013185 -0.39317104 0.26516885 -80.64682679 0.02224802 0.53174822 0.18356323
2408.79768903 1.00051181 0.00013186 -0.13395254 0.34809634 -82.32871260 0.02172048 0.71882799 0.19354248
2408.79810656 1.00006278 0.00013183 -0.07734296 0.06777883 -84.01062183 0.02014747 0.65565576 0.17361450
2408.79852410 1.00027906 0.00013184 -0.57001364 0.20532760 -85.69266934 0.02164008 0.43063703 0.19354248
2408.79894163 1.00039131 0.00013185 -0.21251339 0.11637293 -87.38102371 0.02586112 0.43135021 0.17361450
2408.79935916 1.00016506 0.00013184 -0.26102331 -0.03204628 -89.07249700 0.03253447 0.45387992 0.16363525
2408.79977669 1.00039880 0.00013186 -0.66512597 0.20581192 -90.77337403 0.03543181 0.60052110 0.17361450
2408.80019423 1.00066784 0.00013187 -0.15179528 0.55554956 -92.48332427 0.03344911 0.49243177 0.17361450
2408.80061176 1.00025362 0.00013185 -0.20987220 0.24229786 -94.20333008 0.03599726 0.44035296 0.20352173
2408.80102929 1.00029992 0.00013185 -0.34457308 -0.21458362 -95.94120187 0.03538412 0.42912348 0.20352173
2408.80144682 1.00037908 0.00013186 -0.16497190 0.17659087 -97.68679098 0.04227577 0.30588376 0.17361450
2408.80186435 1.00046993 0.00013188 0.18331352 -0.03452173 -99.46191714 0.04767111 0.63071642 0.19354248
2408.80228189 1.00052330 0.00013189 -0.82518232 0.00158752 -101.24530826 0.05472353 0.59168170 0.22348022
2408.80269942 1.00007752 0.00013186 -0.38524747 -0.17906633 -103.06157158 0.06383463 0.46036823 0.20352173
2408.80311695 1.00054986 0.00013191 -0.35088259 -0.14742365 -104.89487289 0.08682104 0.52059835 0.20352173
2408.80353448 1.00064097 0.00013203 -0.40960515 0.23546347 -106.75630800 0.21104692 0.45869042 0.20352173
2408.80395202 1.00029758 0.00013206 -0.41060293 0.05201130 -108.64884021 0.26604879 0.54033558 0.18356323
2408.80436954 1.00050841 0.00013229 -0.28318000 0.33663392 -110.56184522 0.50972843 0.39713872 0.20352173
2408.80478708 1.00026896 0.00013233 -0.74559432 0.10238127 -112.52332589 0.58137942 0.42868338 0.20352173
2408.83526694 0.99976841 0.00013182 0.20400287 0.32764697 84.50606722 0.03107331 0.75100062 0.20352173
2408.83568447 0.99984438 0.00013182 0.06909657 0.02747208 82.75686248 0.03054637 0.52706905 0.20352173
2408.83610200 0.99968118 0.00013181 -0.52878165 0.54225749 80.98718958 0.03300249 0.67542823 0.20352173
2408.83651953 0.99969139 0.00013181 -0.64930815 -0.06336607 79.19789622 0.03023909 0.64082497 0.18356323
2408.83693707 0.99962254 0.00013181 -0.32658362 0.40659222 77.39192689 0.03112692 0.81482945 0.20352173
2408.83735459 0.99979523 0.00013181 0.17459759 0.02854837 75.55291219 0.02671331 0.62666998 0.21350098
2408.83777213 0.99960810 0.00013180 0.21744362 0.46632585 73.70383708 0.02346652 0.74438811 0.18356323
2408.83818966 0.99962508 0.00013180 -0.49327230 0.19504911 71.80565814 0.02044487 0.76096488 0.20352173
2408.83860719 0.99982523 0.00013180 -0.52705020 -0.08408449 69.89480225 0.01743225 0.50941895 0.18356323
2408.83902472 0.99993905 0.00013182 -0.15490602 0.39911208 67.94006657 0.01852898 0.80637002 0.17361450
2408.83944226 1.00005113 0.00013182 -0.81655443 -0.40928292 65.95748190 0.01488034 0.55354778 0.18356323
2408.83985979 0.99994727 0.00013182 -0.45204031 0.35579175 63.94020186 0.01520597 0.77669715 0.18356323
2408.84027732 1.00027218 0.00013184 -0.42184266 -0.06686398 61.87697539 0.01456491 0.67368702 0.19354248
2408.84069485 1.00024184 0.00013183 0.00694047 0.13569218 59.79123369 0.00938733 0.53412736 0.18356323
2408.84111239 1.00017923 0.00013182 -0.57189184 0.15264362 57.63914398 0.00809499 0.68264296 0.17361450
2408.84152992 1.00003391 0.00013182 -0.27270326 0.05717745 55.46981119 0.00751927 0.76127219 0.20352173
2408.84194745 1.00010209 0.00013182 -0.07567021 0.26947397 53.23149692 0.00773749 0.69757425 0.18356323
2408.84236498 1.00013165 0.00013182 -0.07508327 0.40508544 50.96467736 0.00545798 0.77190570 0.18356323
2408.84278252 1.00016859 0.00013182 -0.47968483 0.01396475 48.64444884 0.00332282 0.79700771 0.20352173
2408.84320004 1.00019403 0.00013182 -0.41356695 -0.19160500 46.27614714 0.00193511 0.82164412 0.18356323
2408.84361758 1.00000513 0.00013181 -0.12796584 0.52675903 43.87214763 0.00325195 0.83199203 0.17361450
2408.84403511 1.00042613 0.00013183 -0.63164151 -0.21878111 41.40134500 0.00147920 0.66951071 0.20352173
2408.84445264 1.00030754 0.00013183 -0.46642014 0.01977667 38.91170218 0.00376046 0.74020752 0.19354248
2408.84487017 1.00032278 0.00013183 -0.06968350 0.25176913 36.34304637 0.00342683 0.80664005 0.18356323
2408.84528771 0.99978094 0.00013180 -0.35009024 0.22949012 33.75526515 0.00351768 0.85326907 0.19354248
2408.84570524 1.00000143 0.00013181 0.29154378 0.16706578 31.11082110 0.00248940 0.92537198 0.17361450
2408.84612277 1.00036288 0.00013184 -0.41685376 0.19230458 28.43400982 0.00267508 0.96177918 0.16363525
2408.84654030 1.00046560 0.00013184 -0.10407771 0.14301090 25.72189531 0.00306888 0.76592710 0.18356323
2408.84695784 1.00021800 0.00013183 -0.43410954 0.26425400 22.96992216 0.00132763 0.96553782 0.20352173
2408.84737537 1.00029875 0.00013184 -0.33761793 0.19903135 20.20121510 0.00260845 0.99929399 0.16363525
2408.84779290 1.00058085 0.00013185 -0.56115097 0.17567603 17.39272191 0.00135386 0.83877512 0.18356323
2408.84821043 1.00028931 0.00013183 -0.58283812 0.16598950 14.57710395 0.00448971 0.87573608 0.17361450
2408.84862796 1.00022093 0.00013183 -0.40584877 0.07692721 11.73889763 0.00513773 0.82544943 0.19354248
2408.84904549 1.00061528 0.00013185 -0.37418380 0.05238800 8.89718852 0.00545376 0.68846314 0.19354248
2408.84946303 1.00017462 0.00013182 0.04195096 0.37021393 6.04969473 0.00484759 0.77889162 0.17361450
2408.84988056 1.00002578 0.00013181 -0.63084912 0.16243778 3.20754606 0.00530489 0.75547214 0.16363525
2408.85029809 1.00026826 0.00013183 0.01718243 0.17486882 0.36879202 0.00878916 0.74060330 0.16363525
2408.85071562 1.00013217 0.00013183 -0.02865695 -0.02521189 -2.44797141 0.01316522 0.70823985 0.17361450
2408.85113316 1.00001455 0.00013182 -0.63525110 0.04539217 -5.25789188 0.01602443 0.57271975 0.19354248
2408.85155069 1.00021603 0.00013183 -0.63589674 -0.04958967 -8.02814853 0.02000054 0.45035394 0.17361450
2408.85196822 1.00006744 0.00013183 0.02463647 0.18051931 -10.78239358 0.02130227 0.61575667 0.17361450
2408.85238575 0.99993323 0.00013181 -0.43581164 0.18729988 -13.49629344 0.02475975 0.34501630 0.17361450
2408.85280329 0.99997787 0.00013182 -0.48719755 0.36095789 -16.17586916 0.02691333 0.34157392 0.17361450
2408.85322082 1.00000147 0.00013182 -0.09054893 0.63939190 -18.82247963 0.02815732 0.38580647 0.16363525
2408.85363835 1.00013319 0.00013183 -0.23015070 0.14656262 -21.41332788 0.03083698 0.10211050 0.17361450
2408.85405588 0.99940527 0.00013178 -0.63592613 -0.28534913 -23.98418078 0.03583997 0.07971358 0.18356323
2408.85447342 1.00012853 0.00013183 -0.68516970 0.42133728 -26.47706248 0.03566079 0.20411671 0.15368652
2408.85489094 1.00013149 0.00013184 0.01242828 -0.04915915 -28.95106864 0.03640704 0.31561165 0.18356323
2408.85530848 0.99964197 0.00013180 -0.51563442 0.27716938 -31.35703141 0.03768682 0.13670223 0.17361450
2408.85572601 0.99978467 0.00013181 -0.29861632 0.22739136 -33.72830359 0.03578862 0.05602482 0.16363525
2408.85614354 0.99999522 0.00013183 -0.36100718 0.29541236 -36.05059633 0.03943942 0.12078443 0.14373779
2408.85656107 0.99975435 0.00013182 -0.36731669 -0.27259520 -38.32011518 0.04079453 0.32573176 0.18356323
2408.85697861 0.99976616 0.00013182 -0.41570923 0.53563839 -40.56001097 0.04058741 0.28496432 0.16363525
2408.85739614 0.99985312 0.00013182 -0.19109038 0.07649671 -42.73171169 0.04164613 0.20763463 0.17361450
2408.85781367 0.99967580 0.00013180 -0.22272600 -0.48074803 -44.88609484 0.03848940 0.17688159 0.17361450
2408.85823121 0.99995772 0.00013183 -0.02777655 1.00000000 -46.97327535 0.03882195 0.44279912 0.17361450
2408.85864874 1.00000775 0.00013183 -0.67463428 0.14462532 -49.03847656 0.03633545 0.43530304 0.14373779
2408.85906628 0.99998925 0.00013182 0.43833545 -0.29530472 -51.05660418 0.03244909 0.28789574 0.16363525
2408.85948381 1.00000550 0.00013182 -0.49365380 0.51653439 -53.04044675 0.02836324 0.37924741 0.17361450
2408.85990134 1.00005439 0.00013183 -0.82406712 0.13617651 -54.99558897 0.02762063 0.40361527 0.18356323
2408.86031888 1.00012375 0.00013183 -0.43968540 0.25666621 -56.90723149 0.02561607 0.34266650 0.16363525
2408.86073641 1.00020128 0.00013183 -0.25324646 0.01907709 -58.80582168 0.02575548 0.43604957 0.16363525
2408.86115394 1.00005625 0.00013183 -0.80516791 -0.00169514 -60.65464416 0.02987750 0.42536510 0.16363525
2408.86157147 0.99996061 0.00013182 -0.55786413 0.31354770 -62.49358152 0.02939690 0.41326331 0.14373779
2408.86198900 0.99979909 0.00013182 0.01771067 0.20263688 -64.29862885 0.03018398 0.65021836 0.19354248
2408.86240654 1.00015453 0.00013184 -0.04875937 0.06654110 -66.08728878 0.02914217 0.58381260 0.14373779
2408.86282406 1.00017361 0.00013184 -0.14689440 0.46385041 -67.85563060 0.02643308 0.58294489 0.16363525
2408.86324160 0.99985419 0.00013181 -0.53600097 -0.13526167 -69.60364152 0.02530060 0.50559451 0.18356323
2408.86365913 0.99991456 0.00013182 0.20200731 0.69223732 -71.34174158 0.02560336 0.57248276 0.16363525
2408.86407666 1.00023771 0.00013184 -0.45635426 0.26215526 -73.05855755 0.02391334 0.45260443 0.17361450
2408.86449419 1.00035020 0.00013185 -0.08796643 0.31069556 -74.77077781 0.02459330 0.59942826 0.19354248
2408.86491173 0.99995981 0.00013182 -0.30548340 -0.19036728 -76.46775667 0.02454446 0.44574891 0.17361450
2408.86532926 1.00032126 0.00013185 -0.55308068 0.20995560 -78.16085135 0.02505995 0.58495602 0.16363525
2408.86574679 1.00038615 0.00013185 -0.60115039 0.21280774 -79.84682039 0.02424059 0.43953049 0.18356323
2408.86616432 1.00023898 0.00013183 -0.28001055 0.46820933 -81.53022699 0.02202026 0.39413297 0.17361450
2408.86658186 1.00033131 0.00013184 0.02328653 -0.16647384 -83.21179157 0.02102550 0.58505361 0.19354248
2408.86699939 1.00015461 0.00013183 -0.45406523 0.19542581 -84.89465984 0.02124557 0.46455089 0.18356323
2408.86741692 1.00022468 0.00013184 -0.55281651 0.35003364 -86.57809875 0.02205205 0.58125661 0.18356323
2408.86783445 1.00030639 0.00013184 0.04473889 -0.20489708 -88.26910136 0.02473326 0.54007690 0.18356323
2408.86825198 1.00018392 0.00013184 -0.63008612 0.10028253 -89.96381828 0.02710302 0.57150621 0.17361450
2408.86866951 1.00016578 0.00013184 -0.32074365 0.31354770 -91.66934046 0.02874193 0.44686091 0.16363525
2408.86908705 1.00029431 0.00013185 -0.28089097 0.39884299 -93.38476283 0.03160510 0.45902642 0.17361450
2408.86950458 1.00044863 0.00013186 -0.41242242 0.18622360 -95.11085712 0.03086479 0.50608872 0.16363525
2408.86992211 1.00013239 0.00013184 0.01592053 -0.17981972 -96.85621069 0.03356050 0.67739746 0.16363525
2408.87033964 1.00028257 0.00013185 -0.14158267 0.35180950 -98.60955123 0.03761558 0.46997831 0.17361450
2408.87075718 1.00019557 0.00013185 -0.28033337 -0.04506928 -100.39430331 0.04744223 0.36004864 0.19354248
2408.87117471 1.00000657 0.00013186 -0.51657349 -0.13962062 -102.18767555 0.06508870 0.45870083 0.20352173
2408.87159224 1.00054984 0.00013192 -0.32265118 -0.21280774 -104.01497252 0.08840737 0.62048171 0.18356323
2408.87200977 1.00026675 0.00013196 -0.49385923 0.20226020 -105.86022134 0.15938537 0.53767006 0.18356323
2408.87242731 1.00040603 0.00013204 -0.54078442 -0.06788645 -107.73437734 0.24170912 0.46414475 0.20352173
2408.87284484 1.00022280 0.00013213 -0.20001175 0.25849590 -109.64115660 0.35090866 0.38958190 0.18356323
2408.87326237 1.00068587 0.00013237 -0.57403415 0.20505853 -111.56887770 0.59303244 0.53612849 0.20352173
2408.87367990 1.00035269 0.00013227 -0.58999866 0.07671196 -113.54646424 0.49529752 0.57469176 0.20352173
2408.90374221 0.99936537 0.00013179 0.32734662 0.05034307 85.33785282 0.03097792 0.66156888 0.19354248
2408.90415974 0.99967462 0.00013181 0.86350900 0.15339701 83.59080713 0.03108441 0.59718800 0.20352173
2408.90457728 0.99990913 0.00013183 -0.53608900 0.32350329 81.83354983 0.02996762 0.72819421 0.20352173
2408.90499481 0.99943028 0.00013180 -0.53975731 0.36623168 80.05488108 0.03332709 0.79285506 0.19354248
2408.90541235 0.99989148 0.00013182 -0.66051853 -0.04953585 78.25546416 0.03106271 0.58448872 0.17361450
2408.90582988 0.99963508 0.00013181 0.23783951 0.14871518 76.43902711 0.03153141 0.64988229 0.17361450
2408.90624742 0.99972661 0.00013181 -0.07998415 0.51874077 74.58788799 0.02560880 0.59616222 0.18356323
2408.90666495 0.99967779 0.00013180 -0.00826107 0.48424593 72.72665617 0.02061253 0.59153534 0.20352173
2408.90708248 1.00007609 0.00013183 -0.49476898 -0.33130634 70.81424363 0.01848403 0.70543981 0.19354248
2408.90750001 0.99987102 0.00013181 -0.20899180 0.46379659 68.88877030 0.01567151 0.64723959 0.19354248
2408.90791755 0.99986724 0.00013181 -0.85312027 -0.11895601 66.91844163 0.01634396 0.52325172 0.19354248
2408.90833508 0.99985580 0.00013181 -0.45289138 0.07515135 64.91910159 0.01693967 0.72024192 0.17361450
2408.90875261 0.99997219 0.00013182 -0.32397178 0.06724069 62.88450659 0.01421299 0.69319274 0.19354248
2408.90917014 1.00004349 0.00013182 -0.23029743 0.21926543 60.80271241 0.01239974 0.81321907 0.17361450
2408.90958768 1.00050391 0.00013185 -0.27913016 0.11206780 58.69843238 0.00898195 0.68701128 0.20352173
2408.91000520 1.00011637 0.00013182 -0.56279439 0.04905153 56.52614845 0.00936042 0.64624563 0.17361450
2408.91042274 1.00008387 0.00013182 0.07229535 0.16711961 54.33630047 0.00988462 0.72748048 0.17361450
2408.91084027 0.99999030 0.00013181 -0.44165161 0.34605139 52.07739305 0.00842596 0.69726887 0.19354248
2408.91125780 1.00014728 0.00013182 -0.03027102 0.20026907 49.78910021 0.00437499 0.77341138 0.18356323
2408.91167533 1.00014255 0.00013182 -0.58451086 0.04184044 47.44759047 0.00417520 0.78546830 0.16363525
2408.91209287 0.99993127 0.00013181 -0.23927748 0.17163998 45.05718653 0.00143299 0.86644209 0.19354248
2408.91251040 1.00021524 0.00013183 -0.23569719 0.04377775 42.63161344 0.00253939 0.88591608 0.17361450
2408.91292793 1.00004103 0.00013181 -0.85605496 -0.01294228 40.13901729 0.00307065 0.79709325 0.16363525
2408.91334546 1.00008917 0.00013182 -0.02349195 0.10205839 37.62780748 0.00614193 0.76997199 0.19354248
2408.91376300 1.00008305 0.00013182 -0.21823597 0.23244989 35.03923303 0.00100135 0.89307887 0.17361450
2408.91418053 1.00019777 0.00013182 -0.07613975 0.09673080 32.43152164 0.00421572 0.79749425 0.17361450
2408.91459806 1.00025478 0.00013183 0.09239776 0.37780169 29.76889277 0.00421673 0.95094074 0.17361450
2408.91501559 1.00008153 0.00013182 -0.35654649 0.04097942 27.07477198 0.00367948 0.89581645 0.17361450
2408.91543313 1.00038945 0.00013184 -0.01151854 0.42418942 24.34710633 0.00289492 0.97538814 0.19354248
2408.91585065 1.00024152 0.00013183 -0.74398029 0.22233284 21.58172772 0.00175170 0.98047934 0.19354248
2408.91626819 1.00021894 0.00013183 -0.05521562 0.12013992 18.80094190 0.00324797 0.92539638 0.18356323
2408.91668572 1.00021755 0.00013183 -1.00000000 0.14769273 15.98380162 0.00381320 0.82688118 0.16363525
2408.91710325 1.00040976 0.00013184 0.16133292 0.12234630 13.16051939 0.00356966 0.85338792 0.18356323
2408.91752078 1.00020463 0.00013183 -0.67172897 0.07768061 10.31851569 0.00916189 0.70407031 0.14373779
2408.91793832 1.00006889 0.00013182 -0.13993925 0.24122158 7.47473110 0.00525674 0.83433372 0.16363525
2408.91835585 1.00002047 0.00013181 -0.39575353 0.32737792 4.62824048 0.00433736 0.78927434 0.18356323
2408.91877338 1.00021323 0.00013183 -0.42037535 0.00110319 1.78982108 0.00900516 0.65712618 0.18356323
2408.91919091 1.00005165 0.00013182 0.15182462 -0.03575945 -1.04345920 0.01085756 0.65655144 0.16363525
2408.91960845 0.99982773 0.00013181 -0.32244575 0.05437912 -3.85115964 0.01605138 0.63136469 0.16363525
2408.92002598 0.99999238 0.00013182 -0.83604056 0.07934885 -6.65089579 0.02082956 0.50845093 0.14373779
2408.92044351 1.00030007 0.00013183 -0.19578584 -0.03053949 -9.40756713 0.02081965 0.33590545 0.16363525
2408.92086104 1.00006097 0.00013183 0.01958885 0.38248351 -12.14689822 0.02246864 0.60290885 0.16363525
2408.92127857 0.99992712 0.00013182 -0.73676103 0.22674559 -14.84425387 0.02803882 0.40684485 0.16363525
2408.92169610 0.99972800 0.00013181 -0.05539170 0.48478407 -17.50558236 0.03188411 0.44728313 0.18356323
2408.92211364 0.99994989 0.00013183 -0.15299849 0.35600701 -20.13330902 0.03314351 0.53303099 0.18356323
2408.92253117 0.99988302 0.00013181 -0.42043403 -0.17745191 -22.70337633 0.03245605 0.00000000 0.16363525
