# time - 2457000 flux       flux_err   xoff       yoff       roll_angle bg         contam     deltaT    
2007.42771619 1.00232767 0.00088986 0.05664781 -0.14708806 219.17281460 127.03797091 0.00000000 0.11392212
2007.42841094 0.99973536 0.00088876 -0.04109066 -0.60634681 215.57292263 127.62230013 0.00000000 0.10400391
2007.42910570 1.00159218 0.00088958 0.01376363 -0.53602752 211.95635243 127.70042253 0.00000000 0.12387085
2007.42980045 0.99946984 0.00088931 -0.31848194 -0.56258636 208.32310094 128.23767753 0.00000000 0.12387085
2007.43049521 1.00087766 0.00088985 -0.14286790 -0.49291269 204.67317925 128.71274909 0.00000000 0.14373779
2007.43118997 1.00149884 0.00089267 -0.07379921 -1.00000000 201.00659099 129.61132622 0.00000000 0.10400391
2007.43188472 1.00092215 0.00089028 -0.04694705 -0.94672290 197.32340727 130.62334722 0.00000000 0.14373779
2007.43257948 1.00056615 0.00089046 0.22366804 -0.60724303 193.62373969 131.15834216 0.00000000 0.12387085
2007.43327424 1.00102430 0.00089024 0.24978119 -0.50850669 189.90901994 132.04252094 0.00000000 0.12387085
2007.43396899 1.00307466 0.00089136 -0.18837371 -0.15084592 186.18098467 132.84562696 0.00000000 0.12387085
2007.43466374 1.00073426 0.00089113 0.01210063 -0.23323786 182.44142603 136.22809079 0.00000000 0.16366577
2007.43535850 1.00125746 0.00089167 -0.23409870 -0.41836040 178.69195533 136.72617261 0.00000000 0.18356323
2007.43605326 1.00102413 0.00089108 -0.25113317 -0.28194986 174.93438645 134.98182602 0.00000000 0.12387085
2007.43674802 1.00275340 0.00089401 -0.15196780 -0.34203123 171.17081895 134.54980827 0.00000000 0.15368652
2007.43744276 0.99843311 0.00088992 0.22935671 -0.03545439 167.40367570 134.85892093 0.00000000 0.12387085
2007.43813752 1.00104186 0.00089416 0.04589601 -0.08999784 163.63520285 138.14401574 0.00000000 0.12387085
2007.43883228 1.00234308 0.00089675 0.48716090 -0.29324454 159.86783630 138.53313295 0.00000000 0.12387085
2007.43952704 1.00008951 0.00089176 0.08157486 -0.26457978 156.10394155 139.66848028 0.00000000 0.10400391
2007.44022179 1.00095152 0.00089209 -0.15149646 -0.26158158 152.34580117 139.43985837 0.00000000 0.17361450
2007.44091655 1.00182687 0.00089188 -0.15776611 -0.18952385 148.59521165 137.13946294 0.00000000 0.12387085
2007.44161130 1.00033982 0.00089037 -0.38280374 -0.28762689 144.85413419 132.50097342 0.00000000 0.12387085
2007.44230606 1.00018575 0.00089005 0.05112497 0.18800502 141.12445929 131.99192502 0.00000000 0.11392212
2007.44300082 0.99898435 0.00089031 -0.20578015 -0.36888587 137.40808518 132.74527774 0.00000000 0.18356323
2007.44369557 0.99944294 0.00089029 0.47379515 -0.33776144 133.70676554 133.45236432 0.00000000 0.14373779
2007.44439033 1.00167927 0.00089103 0.52054408 -0.16474759 130.02109203 133.20666457 0.00000000 0.14373779
2007.44508509 0.99981160 0.00089005 0.22126800 -0.27390008 126.35154046 132.74033245 0.00000000 0.10400391
2007.44577985 0.99806346 0.00089007 0.43407309 -0.58961666 122.69851866 132.32600493 0.00000000 0.16363525
2007.44647459 1.00121431 0.00089032 0.27210058 -0.76177778 119.06250274 131.26560676 0.00000000 0.13378906
2007.44716935 1.00210853 0.00089043 0.29523475 -0.54201036 115.44372717 129.83825111 0.00000000 0.10400391
2007.44786411 1.00048762 0.00088947 0.04739715 -0.71432536 111.84184457 129.13049352 0.00000000 0.09408569
2007.44855887 1.00112959 0.00088950 0.49427390 -0.47173991 108.25584326 128.49406639 0.00000000 0.10400391
2007.44925361 0.99773060 0.00088856 0.04056528 -0.56190586 104.68476163 128.37487587 0.00000000 0.08419800
2007.44994837 0.99887010 0.00088868 -0.02286402 -0.59384580 101.12745819 128.49887826 0.00000000 0.10400391
2007.45064313 0.99952437 0.00088900 -0.15376505 -0.02606717 97.58296301 128.36971072 0.00000000 0.09408569
2007.45133789 1.00001458 0.00088917 0.45020885 -0.31085311 94.04995242 127.57542394 0.00000000 0.09408569
2007.45203265 0.99810836 0.00088844 0.23822024 -0.42795399 90.52653946 127.74812370 0.00000000 0.09408569
2007.45272740 0.99930473 0.00088896 0.90904139 0.10727900 87.01084322 127.14386622 0.00000000 0.10400391
2007.45342215 1.00095251 0.00088939 0.05033955 -0.14226479 83.50079872 127.15321819 0.00000000 0.07427979
2007.45411691 0.99952720 0.00088853 0.36912998 0.11111231 79.99452528 127.32156950 0.00000000 0.07427979
2007.45481167 0.99928793 0.00088919 0.40552703 0.25977626 76.49005374 128.24893321 0.00000000 0.08419800
2007.45550642 1.00044095 0.00089021 0.55041974 -0.16935030 72.98537213 129.07804352 0.00000000 0.08419800
2007.45620118 1.00074085 0.00089060 0.62621852 0.18393802 69.47825985 130.47817413 0.00000000 0.08419800
2007.45689594 1.00169448 0.00089133 0.47228291 0.06200659 65.96666736 132.12567840 0.00000000 0.04461670
2007.45759069 0.99956501 0.00089120 0.56386709 -0.36800099 62.44849347 133.55246740 0.00000000 0.06439209
2007.45828544 0.99978042 0.00089108 0.20962687 -0.43514754 58.92171038 134.68006900 0.00000000 0.04461670
2007.45898020 1.00141323 0.00089236 0.49079719 -0.13930343 55.38443054 135.88809559 0.00000000 0.04461670
2007.46036972 0.99981953 0.00089224 0.20001223 0.10213331 48.27240582 138.24270264 0.00000000 0.09408569
2007.46106448 1.00120878 0.00089270 0.16341827 0.17199680 44.69459706 139.47589690 0.00000000 0.04461670
2007.46175922 1.00138426 0.00089309 0.14057889 0.46656263 41.10028052 140.19001188 0.00000000 0.04461670
2007.46245398 0.99977029 0.00089331 0.74497527 0.32077524 37.48824142 140.51798608 0.00000000 0.05450439
2007.46314874 1.00076578 0.00089334 0.71392564 -0.08036283 33.85822090 141.09276132 0.00000000 0.04461670
2007.46384350 0.99965756 0.00089311 0.25400626 0.10087113 30.20998977 142.20659899 0.00000000 0.04461670
2007.46453825 1.00070941 0.00089439 0.59805542 0.25041106 26.54337300 143.20542585 0.00000000 0.06439209
2007.46523300 0.99862575 0.00089351 0.66494512 0.17043499 22.85801828 144.85594678 0.00000000 0.07427979
2007.46592776 0.99997825 0.00089418 -0.00377166 0.09645506 19.15398135 145.92131043 0.00000000 0.04461670
2007.46662252 1.00043279 0.00089465 0.07923964 -0.11119476 15.43235538 146.70592010 0.00000000 0.06439209
2007.46731727 1.00025560 0.00089543 0.23158337 -0.04392947 11.69461042 147.17968883 0.00000000 0.04461670
2007.46801203 0.99870208 0.00089413 0.33173799 0.12219518 7.94203401 147.75344412 0.00000000 0.04461670
2007.46870679 0.99891025 0.00089438 0.25180720 0.35009027 4.17610160 148.04429482 0.00000000 0.02487183
2007.46940154 1.00134724 0.00089639 0.53515054 0.46099462 0.39826362 148.04623636 0.00000000 0.03475952
2007.47009630 0.99861711 0.00089428 0.12216698 0.22827758 356.61058977 147.75693459 0.00000000 0.10400391
2007.47079105 0.99910391 0.00089473 0.79548081 0.71206101 352.81565936 147.77258855 0.00000000 0.04461670
2007.47148581 0.99848061 0.00089452 0.06695609 0.51819832 349.01587902 147.64889653 0.00000000 0.04461670
2007.47218057 0.99982847 0.00089442 0.33303512 0.67957025 345.21383873 147.54080771 0.00000000 0.03475952
2007.47287533 0.99830204 0.00089439 0.75185090 0.51605821 341.41207177 147.36114346 0.00000000 0.06439209
2007.47357007 0.99850157 0.00089430 0.59337893 0.55616954 337.61309889 146.65629248 0.00000000 0.03475952
2007.47426483 0.99833894 0.00089395 0.71740047 0.59953096 333.81913337 145.78012232 0.00000000 0.02487183
2007.47495959 0.99910010 0.00089540 0.43405921 0.53352821 330.03256730 144.61867856 0.00000000 0.03475952
2007.47565435 1.00066103 0.00089395 0.63790761 0.20892053 326.25572350 143.73340122 0.00000000 0.04461670
2007.47634909 0.99908183 0.00089372 0.77564365 0.54997225 322.49099523 143.15439686 0.00000000 0.05450439
2007.47704385 0.99895965 0.00089324 0.30227427 0.74463322 318.74038138 142.85165725 0.00000000 0.00515747
2007.47773861 0.99983089 0.00089488 0.47177819 0.60225154 315.00516655 142.15403606 0.00000000 0.00515747
2007.47843337 1.00088250 0.00089302 0.13536810 0.60266861 311.28630159 140.54372541 0.00000000 0.06439209
2007.47912813 0.99909142 0.00089188 0.11475170 0.11029383 307.58474495 138.94695675 0.00000000 0.00515747
2007.47982288 0.99839228 0.00089133 0.02596361 0.20633134 303.90150913 137.60516641 0.00000000 0.07427979
2007.48051764 1.00052705 0.00089190 0.13011713 0.25184081 300.23736209 136.53808707 0.00000000 0.02487183
2007.48121239 1.00084871 0.00089194 0.45411620 0.10183467 296.59236490 134.98605514 0.00000000 0.00515747
2007.48190715 1.00012893 0.00089072 -0.11341336 0.16650889 292.96586111 133.18916243 0.00000000 0.01501465
2007.48260190 1.00043577 0.00089054 -0.27607931 0.03728896 289.35724780 131.29199884 0.00000000 0.06439209
2007.48329666 1.00112146 0.00089077 0.24078051 -0.28273535 285.76573304 130.02869011 0.00000000 0.00515747
2007.48399142 1.00075374 0.00088999 0.39026185 -0.33083445 282.19070946 128.69166194 0.00000000 0.06439209
2007.48468617 0.99964681 0.00089018 1.00000000 0.07447991 278.63112435 128.20963023 0.00000000 0.00515747
2007.48538092 1.00049636 0.00089128 0.40280785 0.26460935 275.08533364 127.65180050 0.00000000 0.02487183
2007.48607568 1.00100219 0.00088929 0.19202785 0.41020563 271.55144905 127.22158813 0.00000000 -0.01455688
2007.49302324 1.00112511 0.00088860 0.19694476 0.23264594 236.45080150 125.11580227 0.00000000 0.00515747
2007.49371800 1.00179179 0.00088928 0.21166460 0.32084866 232.92008224 125.48866134 0.00000000 0.07427979
2007.49441276 0.99900095 0.00088804 -0.44097081 0.10126055 229.37807970 125.73844984 0.00000000 0.05450439
2007.49510751 1.00028563 0.00088867 -0.30482626 0.24538993 225.82309107 125.75491946 0.00000000 0.02487183
2007.49580227 1.00122734 0.00088949 -0.07706463 -0.40915122 222.25360684 126.21565047 0.00000000 0.02487183
2007.49649702 1.00077921 0.00088934 -0.18497005 -0.24387383 218.66895021 126.54911957 0.00000000 0.03472900
2007.49719178 1.00035766 0.00089574 -0.27841271 -0.47332937 215.06844074 127.00708373 0.00000000 -0.00473022
2007.49788653 1.00106917 0.00088941 -0.22426302 -0.41964736 211.45146435 127.39085644 0.00000000 0.00515747
2007.49858129 1.00111050 0.00088971 -0.47943761 -0.51425470 207.81722469 127.75899739 0.00000000 0.00515747
2007.49927605 1.00003547 0.00088976 -0.29016977 -0.40350771 204.16533129 127.89064063 0.00000000 0.03472900
2007.49997080 0.99971721 0.00088959 -0.20026726 -0.87665926 200.49635438 129.21764065 0.00000000 -0.01455688
2007.50066556 0.99998056 0.00088933 -0.10782737 -0.74331736 196.81113602 129.64383487 0.00000000 -0.02441406
2007.50136031 1.00214970 0.00089057 0.13874256 -0.40438981 193.11058826 130.60216320 0.00000000 0.01501465
2007.50205507 1.00130803 0.00089046 0.12188172 -0.44721251 189.39542930 131.98278699 0.00000000 0.06439209
2007.50274983 1.00283769 0.00089332 -0.39312275 -0.10501155 185.66662653 135.67520630 0.00000000 -0.00473022
2007.50344459 1.00170820 0.00089113 -0.05314285 -0.23307427 181.92580451 134.11230854 0.00000000 0.00515747
2007.50413933 1.00163583 0.00089101 -0.37578809 -0.40349139 178.17516461 133.95388681 0.00000000 0.00515747
2007.50483409 1.00050836 0.00089089 -0.41058378 -0.15924522 174.41672972 134.95627635 0.00000000 -0.00473022
2007.50552885 1.00071657 0.00089138 -0.20313703 -0.17976626 170.65270576 136.15723917 0.00000000 -0.00473022
2007.50622361 1.00033130 0.00089129 0.16950907 0.03146861 166.88524434 137.14074822 0.00000000 -0.00473022
2007.50761311 0.99966900 0.00089204 0.27611872 -0.15363068 159.34901971 140.74038106 0.00000000 0.00515747
2007.50830787 1.00104112 0.00089251 -0.06340009 -0.08406086 155.58484170 140.32048977 0.00000000 0.00515747
2007.50900263 1.00064398 0.00089366 -0.23245595 -0.11149802 151.82641584 143.30064726 0.00000000 0.03472900
2007.50969739 1.00214267 0.00089165 -0.25413954 -0.29063497 148.07606775 135.61790349 0.00000000 0.02487183
2007.51039214 0.99942177 0.00089042 -0.44753173 -0.00664061 144.33603240 132.98345814 0.00000000 0.01501465
2007.51108690 1.00047999 0.00089019 -0.11576252 0.12922908 140.60767012 131.91242089 0.00000000 -0.00473022
2007.51178165 1.00167859 0.00089097 -0.18306750 -0.37584639 136.89233870 131.93178927 0.00000000 0.00515747
2007.51247641 0.99887720 0.00088967 0.37166542 -0.34305426 133.19134070 131.46399664 0.00000000 0.05450439
2007.51317117 0.99970068 0.00088981 0.30011749 -0.01613989 129.50597110 131.24159218 0.00000000 -0.00473022
2007.51386592 1.00053990 0.00088975 0.05801239 -0.21864371 125.83752405 130.98935410 0.00000000 0.02487183
2007.51456068 1.00054083 0.00088982 0.37063599 -0.55507211 122.18622048 131.04410666 0.00000000 -0.00473022
2007.51525543 0.99933343 0.00088928 0.17677016 -0.65008304 118.55186882 129.39409773 0.00000000 -0.01455688
2007.51595019 1.00260694 0.00089017 0.25198320 -0.41917601 114.93419629 128.57024640 0.00000000 -0.03424072
2007.51664494 1.00031123 0.00088915 -0.03900350 -0.54549652 111.33299637 128.31376409 0.00000000 -0.03424072
2007.51733970 1.00145465 0.00088963 0.32085237 -0.60269778 107.74787470 127.98219446 0.00000000 0.00515747
2007.51803446 0.99941043 0.00088884 0.01577998 -0.46172751 104.17816733 127.57204275 0.00000000 0.04461670
2007.51872922 0.99852751 0.00088868 -0.19760078 -0.46361426 100.62242707 127.89719424 0.00000000 -0.02441406
2007.52011872 1.00021207 0.00088970 0.40433251 -0.41277496 93.54682602 127.16035621 0.00000000 -0.03424072
2007.52081348 0.99980157 0.00088895 0.19283931 -0.16380662 90.02386900 127.00013383 0.00000000 -0.03424072
2007.52150824 0.99895269 0.00088876 0.81928637 0.21320159 86.50871168 126.75556802 0.00000000 -0.03424072
2007.52220300 1.00078946 0.00088931 -0.06769652 0.00838021 82.99934316 127.00878568 0.00000000 -0.09310913
2007.52289774 0.99958515 0.00088891 0.34746842 0.26321028 79.49371248 127.57230710 0.00000000 -0.03424072
2007.52359250 1.00129057 0.00089079 0.24225176 0.30423601 75.98959210 128.20209556 0.00000000 -0.03424072
2007.52428726 0.99876866 0.00088923 0.66082485 -0.04763477 72.48492565 129.18582590 0.00000000 -0.02441406
2007.52498202 1.00005966 0.00089030 0.30855611 0.17457637 68.97761255 130.37291172 0.00000000 -0.05389404
2007.52567678 1.00046902 0.00089047 0.36588285 -0.03558419 65.46563732 131.36543038 0.00000000 -0.07351685
2007.52637152 1.00148000 0.00089130 0.47939260 -0.16408412 61.94711267 132.31986207 0.00000000 -0.01455688
2007.52706628 1.00103315 0.00089138 0.06880224 -0.22560571 58.41996819 133.61206089 0.00000000 -0.01455688
2007.52776104 0.99834364 0.00089108 0.25651323 -0.19830360 54.88231779 135.05463258 0.00000000 0.01501465
2007.52845580 0.99890856 0.00089256 0.21333984 0.23959027 51.33221407 137.25331546 0.00000000 -0.04406738
2007.52915055 0.99981598 0.00089222 0.17669491 0.33229099 47.76810403 138.82546676 0.00000000 -0.04406738
2007.52984531 0.99935492 0.00089216 0.15896847 0.38516612 44.18878361 140.06504459 0.00000000 -0.07351685
2007.53054006 1.00082067 0.00089301 0.07965838 0.53959617 40.59327026 140.74944959 0.00000000 -0.07351685
2007.53123482 1.00057230 0.00089348 0.65164158 0.38354327 36.98052908 141.72318770 0.00000000 -0.05389404
2007.53192958 1.00123087 0.00089478 0.62534466 0.14937649 33.34951779 142.73764090 0.00000000 -0.07351685
2007.53262433 1.00038005 0.00089353 0.06928436 0.00500854 29.69951088 143.29426368 0.00000000 -0.04406738
2007.53331909 0.99772067 0.00089706 0.37314280 0.40257177 26.03061616 143.71228807 0.00000000 -0.01455688
2007.53401385 1.00131179 0.00089518 0.54236253 0.21416473 22.34339720 144.65833201 0.00000000 -0.04406738
2007.53470860 0.99982309 0.00089453 -0.10557865 0.21232043 18.63834855 146.33329771 0.00000000 -0.07351685
2007.53540335 1.00257666 0.00089565 0.03038979 -0.01466625 14.91603344 147.63269454 0.00000000 -0.07351685
2007.53609811 1.00197608 0.00089563 0.21185885 -0.02429124 11.17690047 148.30365668 0.00000000 -0.05389404
2007.53679287 1.00053838 0.00089485 0.21985429 0.30368947 7.42245569 148.22151485 0.00000000 -0.05389404
2007.53748763 0.99987741 0.00089475 0.16158330 0.46574888 3.65472819 148.22741129 0.00000000 0.01501465
2007.53818239 0.99993578 0.00089488 0.41591694 0.49798639 359.87574963 148.56986902 0.00000000 -0.05389404
2007.53887713 1.00031465 0.00089556 -0.01853834 0.36281114 356.08762289 149.25384110 0.00000000 -0.04406738
2007.53957189 0.99944878 0.00089739 0.61738409 0.80895298 352.29225588 149.20636982 0.00000000 -0.07351685
2007.54026665 0.99957404 0.00089468 -0.11556789 0.51384065 348.49197271 148.01233967 0.00000000 -0.05389404
2007.54096141 1.00017807 0.00089502 0.30087423 0.75418174 344.68936892 147.21566528 0.00000000 -0.07351685
2007.54165615 0.99897990 0.00089453 0.62739092 0.56264594 340.88713960 146.78303780 0.00000000 -0.07351685
2007.54235091 0.99924434 0.00089456 0.56332825 0.69643881 337.08778855 146.25117008 0.00000000 -0.07351685
2007.54304567 0.99841386 0.00089385 0.56316103 0.67935313 333.29400529 145.11840861 0.00000000 -0.05389404
2007.54374043 0.99823728 0.00089297 0.36760183 0.53887211 329.50828873 144.35217368 0.00000000 -0.05389404
2007.54443519 0.99807576 0.00089258 0.51969737 0.45130636 325.73258698 143.80608922 0.00000000 -0.05389404
2007.54582469 0.99850577 0.00089313 0.20538463 1.00000000 318.21855744 140.63221718 0.00000000 -0.01455688
2007.54651945 0.99894859 0.00089181 0.27823130 0.62065329 314.48379617 138.48570836 0.00000000 -0.07351685
2007.54721421 0.99860100 0.00089146 0.03999812 0.65661048 310.76623008 137.58824333 0.00000000 -0.03424072
2007.54790897 0.99949939 0.00089156 -0.14813366 0.18731821 307.06667871 136.85407441 0.00000000 -0.03424072
2007.54860372 0.99830571 0.00089096 -0.05344496 0.30308077 303.38542100 136.34617291 0.00000000 -0.05389404
2007.54929847 1.00159888 0.00089212 0.03153060 0.31690515 299.72254624 135.85040879 0.00000000 -0.07351685
2007.54999323 1.00060348 0.00089130 0.33832716 0.28265870 296.07832935 134.58593415 0.00000000 -0.07351685
2007.55068799 1.00147232 0.00089138 -0.39878002 0.15884734 292.45296851 133.61937150 0.00000000 -0.07351685
2007.55138274 1.00087374 0.00089103 -0.27978163 0.03672366 288.84618826 132.13579260 0.00000000 -0.09310913
2007.55207750 0.99861178 0.00088960 0.05501361 -0.21987833 285.25668896 130.37420526 0.00000000 -0.03424072
2007.55277226 1.00111037 0.00089011 0.52733307 -0.06216485 281.68328855 129.09136159 0.00000000 -0.05389404
2007.55346701 1.00197583 0.00089079 0.89358991 0.29866170 278.12473697 128.14818281 0.00000000 -0.04406738
2007.55416177 1.00158823 0.00088946 0.19786637 0.40233273 274.57979139 127.40352591 0.00000000 -0.05389404
2007.55485652 1.00253782 0.00088990 0.08529755 0.47851917 271.04712826 127.02151326 0.00000000 -0.07351685
2007.55555128 1.00150847 0.00088937 0.02665278 -0.08586110 267.52472721 126.57920331 0.00000000 -0.07351685
2007.55624604 1.00031686 0.00088896 0.28956293 0.32964972 264.01061642 126.34499370 0.00000000 -0.05389404
2007.55694079 1.00093656 0.00088932 -0.54297329 0.07605039 260.50275919 126.32892363 0.00000000 -0.03424072
2007.55763554 1.00048226 0.00088859 -0.25336567 0.27937214 256.99918471 125.54409028 0.00000000 -0.05389404
2007.55833030 1.00027239 0.00088856 -0.35434248 0.21123570 253.49773658 125.48012768 0.00000000 -0.04406738
2007.55902506 1.00032009 0.00088837 -0.10823922 -0.16223022 249.99641707 125.32491372 0.00000000 -0.07351685
2007.55971982 1.00142621 0.00088889 -0.04754631 -0.00114537 246.49314668 125.07079435 0.00000000 -0.03424072
2007.56041458 1.00030139 0.00088845 -0.05740278 0.14333625 242.98585276 124.97326352 0.00000000 -0.07351685
2007.56110932 1.00048839 0.00088863 -0.06992267 -0.09396562 239.47251459 125.19689287 0.00000000 -0.01455688
2007.56180408 1.00145876 0.00088856 0.02331597 0.38201123 235.95094456 125.04847899 0.00000000 0.01501465
2007.56249884 1.00193858 0.00088913 -0.09408063 0.28097178 232.41939771 125.02494774 0.00000000 -0.04406738
2007.56319360 1.00271175 0.00088919 -0.60189560 0.27232031 228.87646670 125.27598611 0.00000000 -0.05389404
2007.56388834 1.00073380 0.00088884 -0.30327562 0.17366650 225.32084462 125.93677781 0.00000000 -0.07351685
2007.56458310 1.00141578 0.00088919 -0.46933757 -0.35925863 221.75103833 125.80284492 0.00000000 -0.07351685
2007.56527786 1.00088480 0.00088924 -0.19173007 -0.21103936 218.16574079 126.28004276 0.00000000 -0.07351685
2007.56597262 1.00128436 0.00088999 -0.46176654 -0.36572437 214.56380956 126.59491028 0.00000000 -0.01455688
2007.56666738 1.00016543 0.00088925 -0.34558201 -0.42865488 210.94500388 127.29657679 0.00000000 -0.05389404
2007.56736213 1.00093285 0.00089005 -0.65997677 -0.28981589 207.30935285 128.02758935 0.00000000 -0.05389404
2007.56805688 0.99916259 0.00088901 -0.40677699 -0.36155570 203.65670810 128.21220206 0.00000000 -0.04406738
2007.56875164 1.00110599 0.00088974 -0.35151205 -0.75427664 199.98710394 128.89010649 0.00000000 -0.07351685
2007.56944640 0.99997540 0.00088940 -0.18610187 -0.68822192 196.30058933 129.69506945 0.00000000 -0.07351685
2007.57014116 1.00338933 0.00089179 0.07109893 -0.51083393 192.59811528 133.82126304 0.00000000 -0.01455688
2007.57083591 1.00220944 0.00089127 -0.08130856 -0.33421740 188.88124422 133.40791061 0.00000000 -0.07351685
2007.57153066 1.00143371 0.00089053 -0.62685875 -0.09018710 185.15136715 132.37047080 0.00000000 0.01501465
2007.57222542 0.99956151 0.00089024 -0.22047213 -0.20260692 181.41005447 134.03764090 0.00000000 -0.05389404
2007.57292018 1.00245139 0.00089275 -0.46168258 -0.32357145 177.65882825 134.28429421 0.00000000 -0.03424072
2007.57361493 1.00090540 0.00089111 -0.45608450 -0.07153937 173.89960572 135.17264356 0.00000000 -0.05389404
2007.57430969 1.00091763 0.00089933 -0.21288037 -0.16868527 170.13462423 136.18074023 0.00000000 -0.07351685
2007.57500445 0.99722611 0.00089080 0.10614999 0.32350410 166.36635117 138.43248669 0.00000000 -0.01455688
2007.57569920 0.99713643 0.00089179 0.10416214 0.10870013 162.59718532 142.64547824 0.00000000 -0.07351685
2007.57639396 0.99811088 0.00089227 -0.02476906 -0.09627361 158.82953277 141.36003314 0.00000000 -0.06372070
2007.57708871 0.99634853 0.00089161 -0.21477664 -0.05759875 155.06578452 144.78973583 0.00000000 -0.03424072
2007.57778347 0.99574396 0.00088905 -0.50766176 -0.13912437 151.30788187 136.12849869 0.00000000 -0.05389404
2007.57847823 0.99237528 0.00088727 -0.44396413 -0.44191157 147.55788467 133.10813295 0.00000000 -0.01455688
2007.57917298 0.99310357 0.00088805 -0.46222547 0.29043128 143.81779721 133.02964122 0.00000000 -0.07351685
2007.57986774 0.99183492 0.00088857 -0.30331428 0.17742665 140.08961620 133.54177799 0.00000000 -0.07351685
2007.58056249 0.99099706 0.00088725 -0.21187715 -0.44230031 136.37533096 133.54438996 0.00000000 -0.05389404
2007.58125725 0.98978557 0.00088617 0.37489200 -0.32560988 132.67593264 132.44262177 0.00000000 -0.04406738
2007.58195201 0.99003716 0.00088591 0.19856695 0.13901097 128.99209979 131.45465417 0.00000000 -0.04406738
2007.58264677 0.98868828 0.00088500 -0.05797990 -0.19621027 125.32444898 130.41415715 0.00000000 -0.03424072
2007.58334151 0.98959620 0.00088529 0.31542689 -0.49951579 121.67365014 129.93420807 0.00000000 -0.09310913
2007.58403627 0.98853164 0.00088458 0.04079592 -0.55040594 118.04018598 128.69415298 0.00000000 -0.07351685
2007.58473103 0.98955801 0.00088502 -0.05545499 -0.33908433 114.42413334 128.21233159 0.00000000 -0.07351685
2007.58612055 0.98866563 0.00088449 0.18500997 -0.66309809 107.24089253 127.24449164 0.00000000 -0.07351685
2007.58681529 0.98753395 0.00088378 -0.14672511 -0.44427518 103.67197355 126.96088530 0.00000000 -0.06372070
2007.58751005 0.98842307 0.00088446 -0.42898255 -0.39090431 100.11689888 127.30565826 0.00000000 -0.06372070
2007.58820481 0.98609764 0.00088385 -0.19914961 0.30201326 96.57465415 127.26372182 0.00000000 -0.01455688
2007.58889957 0.98761635 0.00088407 0.17995255 -0.47696693 93.04352006 126.86821289 0.00000000 -0.08331299
2007.58959432 0.98717875 0.00088394 0.45206884 0.10618041 89.52167849 126.61681173 0.00000000 -0.06372070
2007.59028907 0.98846588 0.00088417 0.53465328 0.23679831 86.00714145 126.47697802 0.00000000 -0.06372070
2007.59098383 0.98796207 0.00088390 -0.01198842 -0.00100312 82.49809099 126.94623639 0.00000000 -0.07351685
2007.59167859 0.98752283 0.00088420 0.13579087 0.25220552 78.99264219 127.34576145 0.00000000 -0.09313965
2007.59237335 0.98805597 0.00088474 0.15158612 0.25039456 75.48874668 128.13118741 0.00000000 -0.08331299
2007.59306810 0.98843296 0.00088518 0.46833689 -0.02457072 71.98432690 129.11606105 0.00000000 -0.08331299
2007.59376285 0.98847610 0.00088564 0.15457853 0.20390711 68.47712754 130.20334804 0.00000000 -0.09313965
2007.59445761 0.98547572 0.00088510 0.20494023 -0.04572531 64.96506431 132.55039114 0.00000000 -0.11270142
2007.59515237 0.98852098 0.00088794 0.28548488 -0.17585940 61.44600546 139.28827381 0.00000000 -0.08331299
2007.59584713 0.98728357 0.00088585 0.06137135 -0.03481419 57.91800792 133.86872762 0.00000000 -0.07351685
2007.59654188 0.98789091 0.00088718 0.18384763 -0.03376638 54.37947474 134.82512524 0.00000000 -0.08331299
2007.59723664 0.98538383 0.00088668 0.01072388 0.35116237 50.82864513 136.15310555 0.00000000 -0.11270142
2007.59793139 0.98568879 0.00088609 0.07014925 0.24159642 47.26394340 137.45146121 0.00000000 -0.11270142
2007.59862615 0.98524104 0.00088638 -0.04611192 0.35713049 43.68372741 138.90017166 0.00000000 -0.11270142
2007.59932091 0.98665192 0.00088726 0.09433348 0.58980471 40.08658790 139.46412018 0.00000000 -0.07351685
2007.60001566 0.98550712 0.00088720 0.41905755 0.35784235 36.47198475 140.86134599 0.00000000 -0.08331299
2007.60071042 0.98759924 0.00088825 0.25243506 0.01938836 32.83938543 142.14567908 0.00000000 -0.01455688
2007.60140517 0.98657258 0.00088837 0.05212649 -0.00303443 29.18843956 143.92046865 0.00000000 -0.08331299
2007.60209993 0.98692067 0.00088886 0.24692790 0.38224169 25.51873020 145.93737284 0.00000000 -0.09313965
2007.60279468 0.98717052 0.00088972 0.30026002 0.14561694 21.83000572 147.56936809 0.00000000 -0.11270142
2007.60348944 0.98549686 0.00088899 -0.15641113 0.37045536 18.12279569 148.34358367 0.00000000 -0.11270142
2007.60418420 0.98753064 0.00089018 0.07115707 0.15942312 14.39839343 148.94643094 0.00000000 -0.06372070
2007.60487896 0.98668726 0.00088958 0.09010072 0.02384832 10.65803019 148.70074674 0.00000000 -0.06372070
2007.60557371 0.98723597 0.00089392 0.03665407 0.30139138 6.90294487 149.40136479 0.00000000 -0.07354736
2007.60626846 0.98523795 0.00088957 0.04704142 0.59392938 3.13444266 149.88508394 0.00000000 -0.07354736
2007.60696322 0.98761952 0.00089141 0.23017773 0.33538410 359.35413584 149.57895645 0.00000000 -0.11270142
2007.60765798 0.98676534 0.00088980 0.05229177 0.47182430 355.56451364 148.59168776 0.00000000 -0.11270142
2007.60835274 0.98674372 0.00089041 0.42016078 0.79541768 351.76804749 148.27334332 0.00000000 -0.11270142
2007.60904748 0.98569148 0.00088892 -0.21549414 0.36510161 347.96728014 148.24168432 0.00000000 -0.11270142
2007.60974224 0.98591230 0.00088903 0.25443437 0.73345893 344.16455559 147.38897662 0.00000000 -0.06372070
2007.61043700 0.98639949 0.00088861 0.51000608 0.54071696 340.36240833 146.35549398 0.00000000 -0.11270142
2007.61113176 0.98322302 0.00088772 0.46805446 0.74569374 336.56327211 145.16430504 0.00000000 -0.09313965
2007.61182652 0.98557227 0.00088995 0.50315550 0.72979227 332.76958197 143.41000307 0.00000000 -0.05389404
2007.61252126 0.98638843 0.00089006 0.15312751 0.46832545 328.98382861 143.20437125 0.00000000 -0.11270142
2007.61321602 0.98330664 0.00088700 0.43329937 0.60320334 325.20831798 143.45819601 0.00000000 -0.11270142
2007.61391078 0.98636390 0.00089856 0.65456787 0.71328264 321.44546977 143.32456917 0.00000000 -0.11270142
2007.61460554 0.98437717 0.00088709 0.17616126 0.81909610 317.69686776 141.86905947 0.00000000 -0.11270142
2007.61530030 0.98553179 0.00088699 -0.12601790 0.53489846 313.96366313 140.26629244 0.00000000 -0.08331299
2007.61599504 0.98471505 0.00088629 0.13569141 0.64156687 310.24705657 138.64942951 0.00000000 -0.10293579
2007.61668980 0.98515941 0.00088579 -0.32091400 0.17954573 306.54806960 136.74402671 0.00000000 -0.02441406
2007.61738456 0.98435566 0.00088535 -0.00829768 0.32406791 302.86788818 135.78132704 0.00000000 -0.08331299
2007.61807932 0.98437454 0.00088502 -0.10200891 0.18423897 299.20698642 135.06344589 0.00000000 -0.08331299
2007.61877408 0.98591943 0.00088570 0.08525881 0.34444324 295.56492962 134.92944144 0.00000000 -0.11270142
2007.61946882 0.98597180 0.00088544 -0.45961886 0.25407297 291.94128398 134.26932667 0.00000000 -0.11270142
2007.62016358 0.98567691 0.00088494 -0.43305642 0.21695920 288.33543352 132.37590573 0.00000000 -0.09313965
2007.62085834 0.98550930 0.00088415 -0.02912966 -0.23614990 284.74693924 130.59133028 0.00000000 -0.05389404
2007.62155310 0.98585892 0.00088402 0.62575806 -0.05201671 281.17507821 129.24436695 0.00000000 -0.02441406
2007.62224785 0.98640802 0.00088443 0.66955221 0.30594196 277.61838326 128.46746488 0.00000000 -0.11270142
2007.62294260 0.98731705 0.00088371 0.09868233 0.47038456 274.07504338 127.41954015 0.00000000 -0.11270142
2007.62363736 0.98548079 0.00088312 -0.20352532 0.45676012 270.54341944 127.04015066 0.00000000 -0.08331299
2007.62433212 0.98410738 0.00088241 -0.05383013 -0.22174448 267.02181989 126.22672546 0.00000000 -0.10293579
2007.62502688 0.98553750 0.00088275 0.09799411 0.31601740 263.50851790 125.91074402 0.00000000 -0.05389404
2007.62572163 0.98474428 0.00088272 -0.55736555 0.15205896 260.00157961 125.95803170 0.00000000 -0.09313965
2007.62641639 0.98612125 0.00088305 -0.44079007 0.32295543 256.49874228 125.59087842 0.00000000 -0.08331299
2007.62711114 0.98631298 0.00088296 -0.43969499 0.23626382 252.99791258 125.30080735 0.00000000 -0.13226318
2007.62780590 0.98557697 0.00088244 -0.09693895 -0.00025173 249.49694542 125.11174892 0.00000000 -0.11270142
2007.62850066 0.98546690 0.00088260 -0.26049402 0.06224493 245.99369139 124.82349096 0.00000000 -0.11270142
2007.62919541 0.98467643 0.00088188 -0.20100654 -0.03450406 242.48618649 124.88277962 0.00000000 -0.05389404
2007.62989017 0.98554934 0.00088234 -0.23675551 -0.17875976 238.97244327 124.85203207 0.00000000 -0.10293579
2007.63127969 0.98697524 0.00088298 -0.41455222 0.21323727 231.91894639 124.96084934 0.00000000 -0.09313965
2007.63197445 0.98385720 0.00088190 -0.72959033 0.09097657 228.37554218 125.32811863 0.00000000 -0.08331299
2007.63266920 0.98677299 0.00088305 -0.39829390 0.15468175 224.81879679 125.50577481 0.00000000 -0.08331299
2007.63336396 0.98660186 0.00088367 -0.43486877 -0.51157265 221.24760850 126.03541005 0.00000000 -0.09313965
2007.63405872 0.98622447 0.00088321 -0.48994293 -0.24804440 217.66118891 126.42655734 0.00000000 -0.08331299
2007.63475347 0.98599460 0.00088322 -0.34703469 -0.23187220 214.05869727 127.14199061 0.00000000 -0.01455688
2007.63544822 0.98621232 0.00088390 -0.53151347 -0.47005245 210.43934642 128.02668435 0.00000000 -0.09313965
2007.63614298 0.98783372 0.00088522 -0.80377396 -0.25371140 206.80226917 128.28365484 0.00000000 -0.08331299
2007.63683774 0.98750878 0.00088609 -0.59053385 -0.45064899 203.14769506 128.13220306 0.00000000 -0.03424072
2007.63753250 0.98471330 0.00088527 -0.35142480 -0.88007362 199.47629199 133.20339719 0.00000000 -0.11270142
2007.63822725 0.98680352 0.00088661 -0.29951153 -0.69219958 195.78874031 138.89220909 0.00000000 -0.11270142
2007.63892200 0.98810594 0.00088637 -0.13135765 -0.43419736 192.08577544 134.71176952 0.00000000 -0.12249756
2007.63961676 0.98874811 0.00088818 -0.28085036 -0.35027483 188.36796762 132.02160608 0.00000000 -0.07351685
2007.64031152 0.98903870 0.00088550 -0.70747352 -0.10701531 184.63662710 131.95300788 0.00000000 -0.06372070
2007.64100628 0.98776702 0.00088526 -0.30333962 -0.21934163 180.89375002 133.18142281 0.00000000 -0.02441406
2007.64170104 0.98721565 0.00088548 -0.88242463 -0.20257170 177.14137556 133.31915192 0.00000000 -0.11270142
2007.64239578 0.98665706 0.00088521 -0.69648297 -0.07300895 173.38161194 134.19149445 0.00000000 -0.05389404
2007.64309054 0.98717689 0.00088692 -0.12611060 0.01684434 169.61637771 135.02327125 0.00000000 -0.06372070
2007.64378530 0.98586951 0.00088566 -0.05613221 0.34057847 165.84784615 136.72173462 0.00000000 -0.08331299
2007.64448006 0.98641435 0.00088748 0.09107183 -0.10623736 162.07836982 142.59301339 0.00000000 -0.07351685
2007.64517482 0.98761858 0.00088656 -0.25639352 -0.09831202 158.31034217 137.85866402 0.00000000 -0.06372070
2007.64586956 0.98635544 0.00088503 -0.31371506 -0.20977406 154.54622736 135.14727098 0.00000000 -0.08331299
2007.64656432 0.98722822 0.00088501 -0.55623578 -0.07813502 150.78829253 133.04698038 0.00000000 -0.05389404
2007.64725908 0.98593495 0.00088417 -0.61210887 -0.50926345 147.03894065 132.61776918 0.00000000 -0.06372070
2007.64795384 0.98751406 0.00088527 -0.55667925 0.31288187 143.29993828 132.94363577 0.00000000 -0.05389404
2007.64864858 0.98620962 0.00088463 -0.40786668 0.09009696 139.57281461 132.30305336 0.00000000 -0.07351685
2007.64934334 0.98772552 0.00088548 -0.32318894 -0.34256784 135.85890822 132.18154796 0.00000000 -0.07351685
2007.65003810 0.98645538 0.00088447 0.21990110 -0.24154019 132.15973973 131.39283887 0.00000000 -0.08331299
2007.65073286 0.98632787 0.00088485 -0.03750596 0.21161286 128.47675819 130.21590158 0.00000000 -0.09313965
2007.65142762 0.98845176 0.00088495 -0.08901190 -0.27071960 124.81075936 128.94219167 0.00000000 -0.09313965
2007.65212236 0.98636863 0.00088374 0.00816749 -0.63283722 121.16177337 127.82751444 0.00000000 -0.06372070
2007.65281712 0.98824598 0.00088396 0.01621649 -0.56552482 117.52958372 127.18702780 0.00000000 -0.09313965
2007.65351188 0.98609507 0.00088339 -0.18865807 -0.37997883 113.91416512 127.35175789 0.00000000 -0.09313965
2007.65420664 0.98669977 0.00088355 -0.11029949 -0.60255095 110.31542351 126.98960809 0.00000000 -0.03424072
2007.65490140 0.98595966 0.00088345 0.04768684 -0.68219769 106.73300149 127.32404489 0.00000000 -0.11270142
2007.65629090 0.98518413 0.00088302 -0.56594427 -0.25676750 99.61203847 127.23583614 0.00000000 -0.07351685
2007.65698566 0.98595431 0.00088324 -0.14431370 0.42412388 96.07061165 127.07151577 0.00000000 -0.07351685
2007.65768042 0.98644146 0.00088325 0.02439530 -0.54970629 92.54001843 126.74749508 0.00000000 -0.11270142
2007.65837518 0.98695886 0.00088360 0.34374887 0.18801274 89.01880197 126.51478108 0.00000000 -0.10293579
2007.65906993 0.98652576 0.00088356 0.34962323 0.16093184 85.50514752 126.77910534 0.00000000 -0.11270142
2007.65976468 0.98660566 0.00088364 -0.30818805 -0.05845838 81.99685373 126.84452362 0.00000000 -0.13226318
2007.66045944 0.98772248 0.00088415 0.12393954 0.15409545 78.49188705 127.44294956 0.00000000 -0.05389404
2007.66115420 0.98847245 0.00088507 0.14644634 0.18907988 74.98816207 128.32454982 0.00000000 -0.13226318
2007.66184895 0.98697649 0.00088461 0.12233094 0.00802031 71.48364596 129.14839021 0.00000000 -0.13226318
2007.66254371 0.98711861 0.00088486 0.00713829 0.17069007 67.97616745 130.02981921 0.00000000 -0.11270142
2007.66323846 0.98896016 0.00088609 0.12407126 -0.13192965 64.46377333 130.84383476 0.00000000 -0.11270142
2007.66393322 0.98902666 0.00088608 0.04790334 -0.09835030 60.94444878 131.76139017 0.00000000 -0.05389404
2007.66462798 0.98879279 0.00088614 0.00676218 -0.07162670 57.41618611 132.76304269 0.00000000 -0.11270142
2007.66532273 0.98598088 0.00088653 0.14423037 -0.11702633 53.87703012 134.41041053 0.00000000 -0.13226318
2007.66601749 0.98731209 0.00088719 -0.16537232 0.26661434 50.32502634 136.37483344 0.00000000 -0.11270142
2007.66671225 0.98921701 0.00088817 -0.01820366 0.17325253 46.75893571 139.04444507 0.00000000 -0.15179443
2007.66740700 0.99103769 0.00088908 -0.26117799 0.28889874 43.17757473 141.52038438 0.00000000 -0.13226318
2007.66810176 0.98870849 0.00089099 0.13147976 0.47517095 39.57975265 142.27237111 0.00000000 -0.14202881
2007.66879651 0.98957190 0.00088920 0.36717677 0.23930435 35.96434485 142.97722783 0.00000000 -0.09313965
2007.66949127 0.98920099 0.00088994 0.13353124 -0.05712905 32.33014886 145.05844632 0.00000000 -0.11270142
2007.67018603 0.99084932 0.00089133 -0.13781556 -0.00970185 28.67705171 146.24728657 0.00000000 -0.05389404
2007.67088078 0.99160390 0.00089097 0.20605014 0.52487318 25.00536113 146.25653991 0.00000000 -0.15179443
2007.67157554 0.99279778 0.00089188 0.07797982 0.07729814 21.31538148 146.35305375 0.00000000 -0.13226318
2007.67227029 0.99270770 0.00089181 -0.29187064 0.40948322 17.60748703 147.44226582 0.00000000 -0.11270142
2007.67296505 0.99412358 0.00089232 -0.06754187 0.00650176 13.88187672 149.05322410 0.00000000 -0.11270142
2007.67365981 0.99311315 0.00089270 -0.07210290 -0.13126297 10.13962120 150.27559430 0.00000000 -0.08331299
2007.67435456 0.99500295 0.00089331 -0.02456811 0.31670864 6.38256429 149.82174345 0.00000000 -0.15179443
2007.67504932 0.99649756 0.00089381 -0.09888125 0.58253497 2.61261016 148.76363139 0.00000000 -0.05389404
2007.67574407 0.99527576 0.00089694 0.04416378 0.14360683 358.83171881 147.98255936 0.00000000 -0.13226318
2007.67643883 0.99661580 0.00089366 -0.07228375 0.44826439 355.04166590 148.53380872 0.00000000 -0.15179443
2007.67713359 0.99618558 0.00089358 0.14702318 0.71901411 351.24457544 148.58497182 0.00000000 -0.15179443
2007.67782834 0.99786126 0.00089386 -0.25462993 0.54616539 347.44299414 147.83504966 0.00000000 -0.12249756
2007.67852309 0.99932863 0.00089399 0.14729970 0.76228909 343.63963473 146.38583752 0.00000000 -0.11270142
2007.67921785 0.99893227 0.00089548 0.32274803 0.63198030 339.83701110 144.48334505 0.00000000 -0.13226318
2007.67991261 0.99933256 0.00089306 0.33973224 0.71748882 336.03783618 143.22408145 0.00000000 -0.13226318
2007.68060737 0.99886387 0.00089340 0.45535936 0.76062271 332.24470357 143.26537619 0.00000000 -0.11270142
2007.68130212 1.00058965 0.00089354 -0.00970176 0.29888723 328.45980468 142.62722370 0.00000000 -0.13226318
2007.68199687 0.99946897 0.00089283 0.35114423 0.57146918 324.68517815 141.90859391 0.00000000 -0.13226318
2007.68269163 1.00002233 0.00089312 0.44198793 0.55294006 320.92267703 140.63495452 0.00000000 -0.10293579
2007.68338639 0.99886474 0.00089221 0.16331103 0.72729843 317.17434411 139.64046415 0.00000000 -0.11270142
2007.68408115 0.99902254 0.00089175 -0.22398193 0.48840295 313.44213317 138.63209594 0.00000000 -0.11270142
2007.68477590 0.99949333 0.00089175 -0.03453442 0.50569440 309.72732532 137.46988746 0.00000000 -0.15179443
2007.68547065 0.99959504 0.00089159 -0.42605413 0.04438306 306.03042567 136.55815717 0.00000000 -0.13226318
2007.68616541 0.99999664 0.00089152 -0.10983789 0.40566147 302.35171052 135.78419048 0.00000000 -0.13226318
2007.68686017 1.00095593 0.00089135 -0.17077880 0.20634739 298.69163497 135.11385715 0.00000000 -0.13226318
2007.68755493 1.00190619 0.00089220 -0.12762809 0.33536195 295.05059914 134.38999494 0.00000000 -0.12249756
2007.68824968 1.00066242 0.00089076 -0.55209852 0.32005427 291.42866848 133.02559867 0.00000000 -0.13226318
2007.68894443 1.00105916 0.00089090 -0.38275591 0.10849738 287.82498161 130.96503886 0.00000000 -0.15179443
2007.68963919 1.00020159 0.00088973 -0.21545533 -0.38753003 284.23830828 129.27795364 0.00000000 -0.15179443
2007.69033395 1.00156522 0.00089023 0.58254263 -0.15796062 280.66759428 128.42784052 0.00000000 -0.15179443
2007.69102871 1.00069968 0.00088941 0.54576823 0.35431361 277.11173233 127.43849478 0.00000000 -0.11270142
2007.69172347 1.00195743 0.00088948 -0.02697965 0.34067890 273.56954225 127.10989287 0.00000000 -0.11270142
2007.69241821 1.00083676 0.00088882 -0.39763345 0.33110752 270.03936577 126.32354171 0.00000000 -0.10293579
2007.69311297 0.99921158 0.00088853 -0.15186373 -0.26860897 266.51908821 125.80558678 0.00000000 -0.09313965
2007.69380773 0.99982061 0.00088885 -0.15942912 0.16747690 263.00677797 125.72521312 0.00000000 -0.11270142
2007.69450249 1.00046938 0.00088874 -0.65306234 0.35844910 259.50043681 125.47217602 0.00000000 -0.11270142
2007.69519725 1.00079833 0.00088883 -0.59083109 0.41829443 255.99807218 125.32946194 0.00000000 -0.13226318
2007.69589199 1.00105514 0.00088866 -0.36562764 0.04566484 252.49769007 125.02363400 0.00000000 -0.13226318
2007.69658675 1.00254429 0.00088915 -0.29338451 -0.20195917 248.99706219 125.17856614 0.00000000 -0.13226318
2007.69728151 1.00047938 0.00088851 -0.24607979 0.05408207 245.49413290 124.80682585 0.00000000 -0.10293579
2007.69797627 0.99849738 0.00088754 -0.51973384 -0.09563434 241.98678232 125.07264114 0.00000000 -0.13226318
2007.69867101 1.00041211 0.00088838 -0.25313947 -0.22224578 238.47295682 124.85597480 0.00000000 -0.13226318
2007.69936577 1.00305019 0.00088934 -0.13817979 0.33534870 234.95055665 124.81665873 0.00000000 -0.13226318
2007.70006053 1.00050079 0.00088853 -0.73585991 0.08920660 231.41807506 124.99805495 0.00000000 -0.11270142
2007.70075529 1.00256053 0.00088954 -0.84126940 0.04650757 227.87401484 125.44321545 0.00000000 -0.13226318
2007.70145005 1.00190765 0.00088947 -0.34787982 0.10998997 224.31688601 125.80392005 0.00000000 -0.13226318
2007.70214479 1.00171458 0.00088953 -0.63835834 -0.34882403 220.74525137 126.11096492 0.00000000 -0.10293579
2007.70283955 1.00171010 0.00088941 -0.61845776 -0.25550947 217.15759690 126.90451896 0.00000000 -0.05389404
2007.70353431 1.00200618 0.00089027 -0.55361432 -0.34691150 213.55338584 127.49965917 0.00000000 -0.11270142
2007.70422907 1.00027816 0.00088960 -0.71933711 -0.38294567 209.93240500 127.73445486 0.00000000 -0.13226318
2007.70492383 1.00015781 0.00089014 -0.86493805 -0.34530647 206.29445116 128.13905156 0.00000000 -0.13226318
2007.70561857 1.00151793 0.00089892 -0.74593355 -0.65880975 202.63937525 134.26337464 0.00000000 -0.09313965
2007.70631333 1.00191921 0.00089179 -0.42654844 -0.93936390 198.96687352 131.58717570 0.00000000 -0.09313965
2007.70700809 1.00232963 0.00089017 -0.30406653 -0.76629795 195.27750662 129.54082631 0.00000000 -0.09313965
2007.70770285 1.00081601 0.00088975 -0.34161317 -0.41490996 191.57258910 130.60572747 0.00000000 -0.10293579
2007.70839761 1.00307601 0.00089210 -0.42564366 -0.23636042 187.85347416 131.67864319 0.00000000 -0.09313965
2007.70909235 1.00225668 0.00089066 -0.70010038 -0.21830992 184.12158325 132.16667839 0.00000000 -0.11270142
2007.70978711 1.00172914 0.00089086 -0.43240670 -0.23129015 180.37815032 133.26154598 0.00000000 -0.11270142
2007.71048187 1.00165610 0.00089120 -0.94750287 -0.18053422 176.62482053 134.51499722 0.00000000 -0.11270142
2007.71117663 1.00166119 0.00089129 -0.75766200 -0.17593744 172.86385008 135.15531353 0.00000000 -0.11270142
2007.71187138 1.00002848 0.00089207 -0.18822098 -0.02382065 169.09767126 139.34554959 0.00000000 -0.12249756
2007.71256613 1.00078766 0.00089214 -0.29167143 0.12662547 165.32853429 138.30821892 0.00000000 -0.10293579
2007.71326089 0.99995259 0.00089140 -0.21144654 -0.31818579 161.55887117 137.62309278 0.00000000 -0.09313965
2007.71395565 1.00109505 0.00089114 -0.39315484 -0.10826151 157.79103905 135.09926090 0.00000000 -0.11270142
2007.71465041 1.00201638 0.00089145 -0.36593797 -0.29112169 154.02723181 133.98962145 0.00000000 -0.13226318
2007.71534516 1.00084412 0.00089061 -0.69459053 -0.16834302 150.26963764 133.40253959 0.00000000 -0.11270142
2007.71603991 1.00005212 0.00089143 -0.81202496 -0.52116798 146.52025526 133.23856294 0.00000000 -0.09313965
2007.71673467 1.00097808 0.00089262 -0.70786522 0.36239622 142.78126698 133.15166900 0.00000000 -0.08331299
2007.71742943 1.00049323 0.00089038 -0.54462975 -0.07510723 139.05477968 132.17337088 0.00000000 -0.01455688
2007.71812419 0.99917794 0.00089021 -0.23714550 -0.38593467 135.34230163 132.17340615 0.00000000 -0.10293579
2007.71881894 1.00011002 0.00089014 -0.09543053 -0.17356199 131.64473007 131.56679385 0.00000000 -0.03424072
2007.71951369 0.99932578 0.00088931 -0.03670995 -0.02788993 127.96273093 130.23553396 0.00000000 -0.09313965
2007.72368223 0.99998647 0.00088926 -0.11103615 -0.62126153 106.22579597 127.50162958 0.00000000 -0.08331299
2007.72437699 0.99801419 0.00088802 -0.41080442 -0.48920201 102.65907127 126.75182148 0.00000000 -0.07351685
2007.72507175 1.00008275 0.00088886 -0.70972980 -0.18407915 99.10640007 127.17702018 0.00000000 -0.11270142
2007.72576650 0.99895363 0.00088840 -0.20849625 0.31242694 95.56634479 126.80229475 0.00000000 -0.13226318
2007.72646125 0.99822587 0.00088812 -0.28988422 -0.73290844 92.03698479 126.71072721 0.00000000 -0.14202881
2007.72715601 0.99937139 0.00088926 0.26423476 0.17028741 88.51656881 126.46454537 0.00000000 -0.04406738
2007.72785077 1.00036617 0.00088895 0.08468677 -0.04025509 85.00329316 126.52204586 0.00000000 -0.12249756
2007.72854553 1.00091685 0.00088928 -0.30972183 -0.18851294 81.49534165 126.58654842 0.00000000 -0.06372070
2007.72924028 1.00072548 0.00088923 -0.06698203 0.17217407 77.99080608 127.20573427 0.00000000 -0.09310913
2007.72993503 0.99975052 0.00088978 0.04657700 0.14044542 74.48742541 128.35327086 0.00000000 -0.15179443
2007.73062979 1.00128250 0.00089054 -0.08150353 0.04443718 70.98310019 129.53253406 0.00000000 -0.15179443
2007.73132455 1.00194835 0.00089114 -0.09830892 0.17982009 67.47567943 130.67729580 0.00000000 -0.10293579
2007.73201931 1.00258843 0.00089165 0.01513872 -0.17448043 63.96300500 132.04319302 0.00000000 -0.12249756
2007.73271406 1.00042827 0.00089114 -0.19834763 -0.38325486 60.44308232 133.13070750 0.00000000 -0.13226318
2007.73340881 1.00152997 0.00089173 -0.21600746 -0.20931077 56.91400313 134.57850335 0.00000000 -0.07351685
2007.73410357 0.99972025 0.00089242 0.04522789 -0.19064976 53.37409018 136.13350705 0.00000000 -0.15179443
2007.73549308 1.00230992 0.00089357 -0.15307307 0.11372041 46.25485417 140.08021994 0.00000000 -0.15179443
2007.73618784 1.00253454 0.00089405 -0.32528869 0.25439290 42.67209036 141.75548519 0.00000000 -0.12249756
2007.73688259 1.00064489 0.00089389 -0.05537260 0.44641837 39.07244129 142.57461422 0.00000000 -0.07351685
2007.73757735 1.00172185 0.00089404 0.21425146 0.36853747 35.45531858 143.32158550 0.00000000 -0.12249756
2007.73827211 1.00240800 0.00089481 -0.01390782 -0.01489832 31.82012811 144.45796134 0.00000000 -0.07351685
2007.73896686 1.00103689 0.00089740 -0.16359410 -0.06876297 28.16634444 145.93348273 0.00000000 -0.15179443
2007.73966162 1.00155943 0.00089523 0.18446403 0.42663201 24.49327787 147.44871560 0.00000000 -0.11270142
2007.74035637 1.00107485 0.00089573 -0.18246494 -0.08204317 20.80117782 148.79071922 0.00000000 -0.13226318
2007.74105113 1.00180181 0.00089982 -0.48328685 0.25254160 17.09105382 149.44805162 0.00000000 -0.09310913
2007.74174589 1.00078671 0.00089536 -0.23019021 -0.18982374 13.36396598 149.49303648 0.00000000 -0.13226318
2007.74244064 0.99988769 0.00089489 -0.11032369 -0.19170242 9.62102973 148.67415892 0.00000000 -0.10293579
2007.74313540 1.00066643 0.00089527 -0.15197726 0.24374867 5.86317808 148.48928484 0.00000000 -0.12249756
2007.74383015 0.99957489 0.00089509 -0.22976712 0.52147574 2.09185299 148.85332902 0.00000000 -0.13226318
2007.74452491 0.99961705 0.00089490 -0.05125093 0.03535169 358.30930095 148.91820484 0.00000000 -0.13226318
2007.74591442 1.00039582 0.00089495 -0.02565773 0.63621217 350.72017663 146.95927056 0.00000000 -0.12249756
2007.74660918 1.00227663 0.00089479 -0.35400902 0.57080014 346.91833556 144.99340188 0.00000000 -0.13226318
2007.74730393 1.00137027 0.00089413 0.04659296 0.67387798 343.11486774 143.53898876 0.00000000 -0.13226318
2007.74799869 1.00044544 0.00089336 0.20283298 0.46068875 339.31226430 142.62927049 0.00000000 -0.13226318
2007.74869345 1.00000000 0.00089333 0.21025822 0.61232375 335.51304435 142.62724594 0.00000000 -0.15179443
2007.74938820 0.99965505 0.00089319 0.06840231 0.62300671 331.71979644 142.29811115 0.00000000 -0.13226318
2007.75008296 0.99932926 0.00089313 -0.09282221 0.17214791 327.93491833 142.37800911 0.00000000 -0.15179443
2007.75077771 1.00022339 0.00089310 0.28398105 0.43661538 324.16097256 142.27693185 0.00000000 -0.10293579
2007.75147247 0.99949890 0.00089330 0.08566220 0.62763429 320.39991800 142.25374356 0.00000000 -0.06372070
2007.75216723 0.99990594 0.00089309 -0.08962433 0.50679945 316.65311104 141.56240378 0.00000000 -0.14202881
2007.75286198 0.99909149 0.00089246 -0.41497490 0.42946531 312.92194851 140.22246432 0.00000000 -0.07351685
2007.75355674 0.99912118 0.00089207 -0.30777088 0.35347599 309.20763147 138.94609219 0.00000000 -0.15179443
2007.75425149 1.00006792 0.00089193 -0.48876344 0.16049827 305.51155626 137.48193236 0.00000000 -0.13226318
2007.75494625 1.00081715 0.00089354 -0.31711190 0.32849045 301.83464530 136.53065972 0.00000000 -0.15179443
2007.75564100 0.99992897 0.00089124 -0.16466296 0.13895785 298.17681247 135.03828133 0.00000000 -0.14202881
2007.75633576 1.00020694 0.00089097 -0.48678424 0.14634668 294.53761058 133.33181318 0.00000000 -0.13226318
2007.75703052 1.00005265 0.00089053 -0.68461822 0.21037456 290.91677110 132.22219123 0.00000000 -0.11270142
2007.75772527 1.00316906 0.00089218 -0.36867460 -0.20174046 287.31397130 130.23743433 0.00000000 -0.12249756
2007.75842003 1.00096345 0.00089011 -0.23414415 -0.42575509 283.72876969 128.89339631 0.00000000 -0.13226318
2007.75911478 1.00020812 0.00088957 0.48410079 -0.29033411 280.15998539 128.15975190 0.00000000 -0.13226318
2007.75980954 1.00123481 0.00088930 0.21475606 0.21052058 276.60589576 127.11660842 0.00000000 -0.15179443
2007.76050430 1.00148213 0.00088920 -0.21265790 0.30001983 273.06496356 126.78757045 0.00000000 -0.12249756
2007.76119905 1.00102810 0.00088891 -0.44695406 0.21726669 269.53558439 126.30345449 0.00000000 -0.12249756
2007.76189381 0.99941976 0.00088854 -0.23455471 -0.13478388 266.01615135 125.94417710 0.00000000 -0.18106079
2007.76258856 0.99956148 0.00088855 -0.28473882 0.01337268 262.50485711 125.67680712 0.00000000 -0.12249756
2007.76328332 1.00000425 0.00088865 -0.80562576 0.32021339 258.99945477 125.33608810 0.00000000 -0.15179443
2007.76397808 1.00039464 0.00088842 -0.76494111 0.07008001 255.49786103 124.78962239 0.00000000 -0.11270142
2007.76467283 1.00287526 0.00088947 -0.59425106 -0.11194170 251.99792826 124.73188346 0.00000000 -0.13226318
2007.76536759 1.00111674 0.00088859 -0.50695627 -0.34376504 248.49751622 124.80524067 0.00000000 -0.10293579
2007.76606234 1.00147280 0.00088871 -0.37235819 -0.03557754 244.99458728 124.69890507 0.00000000 -0.11270142
2007.76675710 1.00110189 0.00088834 -0.52901082 -0.28791409 241.48706793 124.66737613 0.00000000 -0.10293579
2007.76745186 1.00053039 0.00088830 -0.42980747 -0.24912652 237.97307530 124.52546836 0.00000000 -0.05389404
2007.76814661 1.00141080 0.00088850 -0.22797277 0.38147960 234.45067485 124.90100735 0.00000000 -0.13226318
2007.76884137 1.00238278 0.00088921 -0.98385690 0.07834657 230.91792495 124.92996763 0.00000000 -0.13226318
2007.76953612 1.00173563 0.00088925 -0.81170479 0.13105761 227.37303374 125.69081076 0.00000000 -0.11270142
2007.77023088 1.00089974 0.00088917 -0.36473792 -0.12422739 223.81463011 126.17149890 0.00000000 -0.11270142
2007.77092564 1.00100473 0.00089007 -0.79511532 -0.45966914 220.24177416 126.55996915 0.00000000 -0.05389404
2007.77162039 1.00078317 0.00088904 -0.66188037 -0.47898571 216.65347498 126.82564324 0.00000000 -0.12249756
2007.77231515 1.00205136 0.00089065 -0.76839567 -0.54527354 213.04873431 126.95691992 0.00000000 -0.11270142
2007.77300990 1.00120182 0.00089013 -0.92289218 -0.48536013 209.42664997 127.16904523 0.00000000 -0.13226318
2007.77370466 1.00117237 0.00089156 -1.00000000 -0.52060094 205.78682844 129.80309890 0.00000000 -0.09313965
2007.77578893 1.00135680 0.00088965 -0.33782028 -0.84505717 194.76606946 129.07291681 0.00000000 -0.12249756
2007.77648368 1.00234790 0.00089027 -0.50967805 -0.38406617 191.06043100 130.15502611 0.00000000 -0.11270142
2007.77787319 0.99989271 0.00088996 -0.85676789 -0.26363938 183.60621656 132.32887077 0.00000000 -0.13226318
2007.77856795 1.00071165 0.00089085 -0.76306825 -0.32204667 179.86141691 133.64321166 0.00000000 -0.13226318
2007.77926270 1.00098036 0.00089103 -0.95584668 -0.23935492 176.10746225 134.54979558 0.00000000 -0.11270142
2007.77995746 1.00131010 0.00089158 -0.83667648 -0.31940149 172.34615379 135.51949574 0.00000000 -0.10293579
2007.78065222 1.00001014 0.00089036 -0.37156312 -0.12339092 168.57953634 133.62748454 0.00000000 -0.10293579
2007.78134697 1.00037142 0.00089119 -0.46886368 -0.05163777 164.80990953 134.38244058 0.00000000 -0.11270142
2007.78204173 1.00217704 0.00089388 -0.23208543 -0.32930390 161.03971822 136.37915129 0.00000000 -0.11270142
2007.78273648 1.00164551 0.00089126 -0.51745804 -0.27270963 157.27146320 134.91649584 0.00000000 -0.13226318
2007.78343124 1.00051303 0.00089030 -0.63089751 -0.21765281 153.50746129 133.98515526 0.00000000 -0.11270142
2007.78412600 1.00109804 0.00089088 -0.86848686 -0.20794389 149.75020306 133.47181989 0.00000000 -0.13226318
2007.78482075 1.00145089 0.00089117 -0.81253338 -0.44657455 146.00172312 132.99277686 0.00000000 -0.10293579
2007.78551551 1.00072560 0.00089036 -0.82887118 0.40575659 142.26366702 132.52690831 0.00000000 -0.11270142
2007.78621026 0.99949519 0.00089027 -0.69515940 -0.46170349 138.53771710 131.97255000 0.00000000 -0.09313965
2007.78690502 1.00097138 0.00089030 -0.34135175 -0.41788168 134.82537598 131.29088601 0.00000000 -0.05389404
2007.79454733 1.00031883 0.00089056 -0.18741624 -0.03063095 95.06217495 127.02916547 0.00000000 -0.10293579
2007.79524209 0.99974655 0.00088899 -0.55152338 -0.75673296 91.53350733 126.61793060 0.00000000 -0.13226318
2007.79593685 0.99952385 0.00088843 0.27226707 0.00735445 88.01400854 126.36627107 0.00000000 -0.16156006
2007.79663160 1.00148005 0.00088941 -0.25517436 -0.19103648 84.50169465 126.35231078 0.00000000 -0.09310913
2007.79732636 1.00206795 0.00088981 -0.41902720 -0.02259862 80.99439451 126.73405546 0.00000000 -0.09310913
2007.79802111 0.99896239 0.00088986 -0.24177370 0.22491478 77.49011374 130.16876146 0.00000000 -0.11270142
2007.79871587 1.00023130 0.00088974 -0.05141002 -0.03728693 73.98679359 128.43332941 0.00000000 -0.11270142
2007.79941063 1.00040213 0.00089016 -0.03227795 -0.03697927 70.48237851 129.43018522 0.00000000 -0.14202881
2007.80010538 1.00122595 0.00089072 -0.39983041 0.05260833 66.97485447 130.63791508 0.00000000 -0.08331299
2007.80080014 1.00198167 0.00089146 -0.05620949 -0.35419885 63.46203654 132.01548652 0.00000000 -0.14202881
2007.80149489 1.00274707 0.00089181 -0.28728773 -0.47592900 59.94190913 133.45834439 0.00000000 -0.15179443
2007.80218965 1.00199245 0.00089203 -0.37933633 -0.34346142 56.41240508 134.77346227 0.00000000 -0.15179443
2007.80288441 1.00015829 0.00089281 -0.10793886 -0.16065871 52.87152311 136.70485826 0.00000000 -0.13226318
2007.80357916 1.00196624 0.00089370 -0.52255823 0.00396093 49.31780967 139.03508317 0.00000000 -0.15179443
2007.80427392 1.00100520 0.00089304 -0.34523583 0.09589733 45.74982733 140.76184220 0.00000000 -0.14202881
2007.80496867 1.00068601 0.00089322 -0.43880547 0.29539808 42.16631255 142.51211853 0.00000000 -0.10293579
2007.80566343 1.00200983 0.00089454 0.00513031 0.27563436 38.56594966 142.99645059 0.00000000 -0.14202881
2007.80635819 1.00170122 0.00089430 0.08653889 0.10040241 34.94744638 143.94239819 0.00000000 -0.09310913
2007.80705294 1.00217386 0.00089556 -0.20530440 -0.13496204 31.31026904 145.59432370 0.00000000 -0.15179443
2007.80774770 1.00066642 0.00089461 -0.27308617 0.03089845 27.65437443 146.65277410 0.00000000 -0.17129517
2007.80844245 1.00038320 0.00089479 0.13863819 0.21200462 23.97993836 147.66697244 0.00000000 -0.15179443
2007.80913721 1.00104818 0.00089562 -0.43526147 -0.03439120 20.28706838 148.70880049 0.00000000 -0.13226318
2007.80983196 1.00179706 0.00089585 -0.73139538 0.03996500 16.57594144 149.79398444 0.00000000 -0.13226318
2007.81052672 1.00245552 0.00089665 -0.30093196 -0.27412801 12.84698706 150.15645967 0.00000000 -0.14202881
2007.81122147 1.00122293 0.00089561 -0.23011689 -0.22591786 9.10186935 149.75767285 0.00000000 -0.09310913
2007.81191623 1.00082035 0.00089561 -0.31737646 0.19309107 5.34235257 149.91008716 0.00000000 -0.17129517
2007.81261099 1.00093285 0.00089569 -0.18869432 0.49332541 1.57019348 148.87069408 0.00000000 -0.13226318
2007.81330574 1.00093060 0.00089496 -0.36043861 -0.04717600 357.78721971 148.25725515 0.00000000 -0.15179443
2007.81400050 1.00003911 0.00089513 -0.02815894 0.51568563 353.99514737 147.19470479 0.00000000 -0.12249756
2007.81469525 0.99914072 0.00089399 -0.31328541 0.53531286 350.19644642 146.07522539 0.00000000 -0.13226318
2007.81539001 1.00017965 0.00089379 -0.49190465 0.42963622 346.39373595 144.38997485 0.00000000 -0.13226318
2007.81608477 1.00050864 0.00089361 -0.04813358 0.46653369 342.58964331 143.05384357 0.00000000 -0.09310913
2007.81677952 1.00120279 0.00089357 0.02555313 0.41277678 338.78685193 142.71355592 0.00000000 -0.15179443
2007.81747428 1.00053957 0.00089370 0.00982198 0.42759146 334.98785068 143.55455065 0.00000000 -0.12249756
2007.81816903 0.99979809 0.00089427 0.02504521 0.48241179 331.19512680 143.83755791 0.00000000 -0.13226318
