7457.566429  0.997968  0.000931   0.34   0.28  1.46 14.06    44.22    50.00
7457.567203  0.995944  0.000922   1.14   0.17  1.45 15.78    43.99    50.00
7457.568015  0.997750  0.000917   0.29   0.17  1.44 14.32    44.46    50.00
7457.568773  0.995129  0.000914  -0.62   0.30  1.44 15.23    43.85    50.00
7457.569544  0.997409  0.000909   0.29   0.28  1.43 14.50    43.93    50.00
7457.570348  0.995979  0.000907   2.91  -0.55  1.43 14.66    43.69    50.00
7457.571152  0.998266  0.000902   3.83   0.12  1.42 14.29    43.59    50.00
7457.572503  0.994843  0.000892   1.09   2.45  1.41 14.45    43.53    50.00
7457.573272  0.992915  0.000890   1.44   3.39  1.41 14.86    42.78    50.00
7457.574041  0.991850  0.000882   1.84   3.41  1.40 14.31    42.51    50.00
7457.574851  0.992508  0.000883   0.08  -0.86  1.40 15.74    42.09    50.00
7457.575609  0.990341  0.000874   0.68  -1.02  1.39 16.17    41.79    50.00
7457.576389  0.991107  0.000874   0.19   0.75  1.39 16.09    41.48    50.00
7457.577207  0.992193  0.000868   0.46   0.83  1.38 15.16    41.22    50.00
7457.577983  0.992152  0.000868   0.03   1.74  1.38 15.14    41.15    50.00
7457.578779  0.990972  0.000860   0.34   1.70  1.37 15.56    41.36    50.00
7457.579578  0.991914  0.000860   1.19   3.05  1.37 16.21    40.93    50.00
7457.580435  0.994627  0.000856   0.48   1.81  1.36 13.42    40.73    50.00
7457.581263  0.992976  0.000854   1.64   1.87  1.36 14.96    40.56    50.00
7457.582019  0.993709  0.000849  -0.11  -0.56  1.35 14.99    40.44    50.00
7457.582806  0.994557  0.000849   0.36   0.91  1.35 12.70    40.33    50.00
7457.583588  0.993773  0.000841  -1.17   6.59  1.34 14.33    39.92    50.00
7457.584368  0.992364  0.000840  -1.97   6.49  1.34 14.72    40.12    50.00
7457.585142  0.991693  0.000833   1.51   5.35  1.33 15.72    39.77    50.00
7457.585910  0.990838  0.000832   2.02   5.30  1.33 16.12    39.68    50.00
7457.586682  0.990752  0.000826  -0.16  -2.74  1.32 16.33    39.68    50.00
7457.587448  0.992849  0.000827  -0.89  -2.51  1.32 13.75    39.12    50.00
7457.588218  0.990267  0.000825   0.00  -1.32  1.32 16.06    38.95    50.00
7457.588988  0.992147  0.000820  -0.32  -1.17  1.31 14.86    38.89    50.00
7457.589750  0.989657  0.000819   1.17   0.96  1.31 16.34    39.03    50.00
7457.590574  0.990130  0.000812   1.93   1.72  1.30 15.72    39.06    50.00
7457.591350  0.991709  0.000813  -0.65  -1.46  1.30 14.97    38.98    50.00
7457.592129  0.991195  0.000813  -0.02   0.16  1.30 15.21    38.64    50.00
7457.592934  0.991874  0.000807   0.93  -0.08  1.29 14.60    38.66    50.00
7457.593712  0.990078  0.000805   1.00   0.25  1.29 15.76    38.34    50.00
7457.595170  0.990789  0.000800  -1.17  -0.47  1.28 15.18    37.73    50.00
7457.595933  0.990566  0.000800  -0.71   0.03  1.28 15.82    37.83    50.00
7457.596701  0.991341  0.000794  -1.40  -1.38  1.27 15.89    37.62    50.00
7457.597477  0.991139  0.000794  -1.91  -0.44  1.27 15.35    37.93    50.00
7457.598270  0.992069  0.000795  -1.35  -0.95  1.27 15.19    37.36    50.00
7457.599028  0.991172  0.000788  -1.67   0.38  1.26 15.30    37.52    50.00
7457.599797  0.992351  0.000789   1.32  -0.20  1.26 14.66    37.23    50.00
7457.600575  0.990380  0.000788   1.24  -1.13  1.26 15.62    37.13    50.00
7457.601344  0.989547  0.000781  -0.32  -1.33  1.25 16.21    37.09    50.00
7457.602125  0.991073  0.000782  -0.41   0.10  1.25 14.89    36.66    50.00
7457.602972  0.991656  0.000782   0.58   1.73  1.25 15.34    36.40    50.00
7457.603766  0.990771  0.000776   1.29   1.52  1.24 15.52    36.79    50.00
7457.604528  0.991609  0.000777   1.15   0.16  1.24 15.24    36.68    50.00
7457.605343  0.992730  0.000777   1.67  -0.28  1.24 15.14    36.60    50.00
7457.606112  0.992624  0.000771  -0.76  -1.43  1.23 14.49    36.91    50.00
7457.606895  0.991525  0.000770  -0.65  -1.05  1.23 14.87    36.48    50.00
7457.607699  0.993777  0.000772   0.42  -0.15  1.23 14.25    36.47    50.00
7457.608457  0.990021  0.000769   0.23   0.48  1.23 15.12    36.58    50.00
7457.609252  0.991251  0.000765   0.29   0.19  1.22 15.39    36.63    50.00
7457.610019  0.991283  0.000764   0.05  -0.01  1.22 14.57    36.59    50.00
7457.610793  0.992247  0.000765  -0.47  -0.35  1.22 14.70    36.93    50.00
7457.611850  0.989405  0.000757  -0.70  -1.31  1.21 16.07    36.66    50.00
7457.612646  0.991415  0.000759  -1.61  -1.00  1.21 14.94    37.00    50.00
7457.613443  0.992058  0.000759  -0.25   0.81  1.21 14.84    36.78    50.00
7457.614259  0.992190  0.000759  -0.99   0.31  1.21 14.63    36.76    50.00
7457.615047  0.992015  0.000753  -0.36  -0.30  1.20 14.63    36.62    50.00
7457.615807  0.992107  0.000753  -0.49  -1.07  1.20 14.99    36.36    50.00
7457.617129  0.989517  0.000751   1.42  -0.93  1.20 15.72    36.35    50.00
7457.617898  0.989540  0.000746   0.57  -0.47  1.19 15.51    36.58    50.00
7457.618672  0.991168  0.000747  -0.10  -0.54  1.19 15.44    36.33    50.00
7457.619432  0.990574  0.000747  -0.38  -0.04  1.19 15.44    36.35    50.00
7457.620236  0.988214  0.000745   0.36   0.85  1.19 15.91    36.46    50.00
7457.621033  0.991397  0.000742   0.92   0.18  1.18 15.72    36.54    50.00
7457.621800  0.989249  0.000740  -1.47  -1.38  1.18 15.65    35.88    50.00
7457.622570  0.992173  0.000742  -0.41  -2.00  1.18 15.18    36.12    50.00
7457.623347  0.991427  0.000742   0.23  -2.07  1.18 15.72    36.18    50.00
7457.624135  0.989676  0.000740   0.69  -1.13  1.18 16.03    35.82    50.00
7457.624924  0.989073  0.000735   0.13  -1.54  1.17 15.59    35.77    50.00
7457.625701  0.989457  0.000735  -0.79  -0.16  1.17 15.77    35.69    50.00
7457.626467  0.989463  0.000735  -0.77  -1.53  1.17 14.64    35.46    50.00
7457.627261  0.987284  0.000733   0.12   0.35  1.17 15.88    35.26    50.00
7457.628054  0.989708  0.000735  -0.22  -0.06  1.17 15.73    35.16    50.00
7457.628820  0.989056  0.000730  -0.92  -0.34  1.16 16.30    35.32    50.00
7457.629590  0.989805  0.000730  -0.44  -0.33  1.16 16.13    35.13    50.00
7457.630369  0.990209  0.000730   1.10  -1.09  1.16 16.44    34.96    50.00
7457.631137  0.989070  0.000729   0.29   0.05  1.16 15.63    35.25    50.00
7457.631909  0.988773  0.000729   0.52   0.75  1.16 16.62    35.12    50.00
7457.632717  0.988784  0.000724   1.05   0.42  1.15 15.74    35.10    50.00
7457.633489  0.989243  0.000723  -0.61  -0.27  1.15 14.38    35.00    50.00
7457.634272  0.990952  0.000725  -0.57  -1.23  1.15 15.08    35.05    50.00
7457.635074  0.989142  0.000723   0.33  -0.02  1.15 15.87    34.80    50.00
7457.635836  0.988137  0.000723  -0.03   0.25  1.15 15.93    34.83    50.00
7457.636822  0.988096  0.000723  -1.59   0.03  1.15 15.79    35.11    50.00
7457.637594  0.988710  0.000718  -0.76  -0.42  1.14 16.02    34.71    50.00
7457.638375  0.989884  0.000719   0.63  -0.48  1.14 14.61    34.84    50.00
7457.639170  0.990858  0.000720   0.45   0.00  1.14 15.39    34.94    50.00
7457.639935  0.989524  0.000719   1.62  -0.82  1.14 14.80    35.08    50.00
7457.640728  0.989967  0.000719   1.01  -1.31  1.14 15.51    34.88    50.00
7457.641501  0.991530  0.000720  -0.87  -0.86  1.14 13.67    35.18    50.00
7457.642272  0.989979  0.000714  -0.52  -0.70  1.13 14.33    34.91    50.00
7457.643053  0.991640  0.000715   0.87   0.65  1.13 14.12    34.90    50.00
7457.643843  0.990832  0.000714   0.06  -0.33  1.13 13.47    35.06    50.00
7457.644620  0.991213  0.000714   0.01  -1.01  1.13 13.76    35.08    50.00
7457.645378  0.991761  0.000715   0.45  -0.71  1.13 13.25    35.25    50.00
7457.646143  0.992037  0.000715  -0.94  -0.95  1.13 14.20    35.49    50.00
7457.646903  0.991346  0.000715  -1.85  -1.17  1.13 14.16    35.19    50.00
7457.647702  0.987724  0.000712   0.40  -0.15  1.13 14.85    35.30    50.00
7457.648481  0.988064  0.000708   1.73   0.82  1.12 16.39    35.56    50.00
7457.649259  0.990082  0.000710   0.67   1.74  1.12 15.93    35.17    50.00
7457.650061  0.992206  0.000711   0.96   1.99  1.12 14.29    35.20    50.00
7457.650853  0.989585  0.000709   0.53   0.85  1.12 16.04    35.39    50.00
7457.651628  0.988272  0.000708   1.17   1.20  1.12 15.12    35.42    50.00
7457.652458  0.989526  0.000708  -0.15  -0.31  1.12 14.75    35.36    50.00
7457.653229  0.987669  0.000707  -0.35  -0.70  1.12 14.79    35.75    50.00
7457.654040  0.989850  0.000709   0.41  -0.23  1.12 15.06    35.54    50.00
7457.654828  0.988887  0.000708   1.22   0.28  1.12 14.81    35.39    50.00
7457.655637  0.989956  0.000709  -1.34  -0.93  1.12 13.96    35.46    50.00
7457.656448  0.991739  0.000705  -1.67  -0.52  1.11 13.46    35.21    50.00
7457.657650  0.991372  0.000704   1.05   2.57  1.11 13.28    35.16    50.00
7457.658531  0.992631  0.000705   1.34   1.33  1.11 12.65    35.22    50.00
7457.659288  0.990199  0.000704   1.46  -1.78  1.11 14.88    35.23    50.00
7457.660073  0.993490  0.000706   1.70  -0.97  1.11 12.97    35.40    50.00
7457.660887  0.991043  0.000704  -1.20   0.69  1.11 15.16    35.10    50.00
7457.661652  0.991691  0.000704  -1.55   0.11  1.11 12.43    35.05    50.00
7457.662475  0.991416  0.000704  -0.27  -0.87  1.11 13.11    35.00    50.00
7457.663242  0.991524  0.000704  -0.18  -1.10  1.11 12.83    34.73    50.00
7457.664009  0.990762  0.000703   0.52  -0.24  1.11 11.58    34.78    50.00
7457.664781  0.993078  0.000705   1.19   0.56  1.11 12.52    34.92    50.00
7457.665544  0.991779  0.000704   5.85   3.99  1.11 12.86    35.02    50.00
7457.666319  0.991954  0.000704   6.13   4.99  1.11 13.13    35.02    50.00
7457.667108  0.992061  0.000704  -0.35  -0.85  1.11 12.76    35.23    50.00
7457.667889  0.990496  0.000698  -0.46  -0.78  1.10 13.49    35.05    50.00
7457.668682  0.990503  0.000698   0.11  -0.19  1.10 13.49    35.50    50.00
7457.669513  0.991422  0.000699   0.21  -0.45  1.10 13.97    35.42    50.00
7457.670286  0.992443  0.000700  -0.15  -0.92  1.10 13.24    35.16    50.00
7457.671087  0.990675  0.000698  -0.35  -0.26  1.10 13.17    35.36    50.00
7457.671863  0.989299  0.000697  -0.80  -0.65  1.10 14.12    35.43    50.00
7457.672662  0.992066  0.000700  -0.47   0.06  1.10 14.74    35.54    50.00
7457.673440  0.992381  0.000699  -0.45  -0.13  1.10 13.38    35.40    50.00
7457.674227  0.992483  0.000699   0.17  -0.22  1.10 12.21    36.02    50.00
7457.675039  0.992288  0.000699   1.42   0.03  1.10 13.30    36.06    50.00
7457.675749  0.990635  0.000782   1.55   0.87  1.10 12.45    28.53    40.00
7457.676422  0.991852  0.000783   0.86  -1.32  1.10 13.63    28.92    40.00
7457.677069  0.990090  0.000781   0.40  -1.03  1.10 13.34    28.73    40.00
7457.678249  0.987791  0.000780   0.29   0.45  1.10 14.88    28.98    40.00
7457.678912  0.987882  0.000780  -0.07   0.81  1.10 14.59    29.14    40.00
7457.679571  0.988976  0.000780  -1.36  -0.27  1.10 13.89    29.06    40.00
7457.680261  0.987832  0.000780  -1.45  -0.51  1.10 14.77    29.54    40.00
7457.681012  0.988396  0.000781  -0.44  -1.06  1.10 15.03    29.26    40.00
7457.681708  0.988921  0.000781   0.18   0.04  1.10 14.19    29.56    40.00
7457.682369  0.987776  0.000780   0.26   2.68  1.10 15.05    29.49    40.00
7457.683034  0.987035  0.000780   0.89   0.85  1.10 14.93    29.79    40.00
7457.683699  0.987016  0.000780  -1.12  -1.67  1.10 15.83    29.72    40.00
7457.684391  0.988399  0.000781  -1.37  -2.07  1.10 14.66    29.51    40.00
7457.685036  0.987710  0.000780  -0.90   0.14  1.10 15.43    29.71    40.00
7457.685689  0.988474  0.000781  -0.22   1.14  1.10 14.51    29.48    40.00
7457.686370  0.987889  0.000780  -0.01   1.17  1.10 15.28    29.38    40.00
7457.687013  0.991074  0.000783   0.52   1.39  1.10 14.48    29.51    40.00
7457.687667  0.986363  0.000779  -0.10   1.14  1.10 15.39    29.89    40.00
7457.688333  0.987736  0.000780  -1.16   0.63  1.10 14.80    29.98    40.00
7457.688983  0.988760  0.000782  -0.28   0.86  1.10 15.32    30.26    40.00
7457.689645  0.990703  0.000783   0.94   0.26  1.10 14.92    29.61    40.00
7457.690298  0.987161  0.000780   1.34   0.43  1.10 15.02    30.10    40.00
7457.690958  0.988346  0.000781   2.17   0.24  1.10 14.56    30.27    40.00
7457.691632  0.988541  0.000781   1.19  -1.53  1.10 15.19    30.11    40.00
7457.692308  0.988984  0.000782   1.61  -0.68  1.10 14.84    30.15    40.00
7457.692975  0.987517  0.000780  -1.43   2.29  1.10 15.55    30.10    40.00
7457.693635  0.988275  0.000781  -0.63   1.62  1.10 15.29    30.19    40.00
7457.694287  0.986805  0.000780  -1.09   2.25  1.10 15.88    30.44    40.00
7457.694976  0.988153  0.000781  -1.85   2.57  1.10 15.35    30.37    40.00
7457.695641  0.988405  0.000781   0.61  -1.95  1.10 16.03    30.26    40.00
7457.696293  0.988936  0.000782  -0.21  -1.06  1.10 15.26    30.26    40.00
7457.696954  0.987841  0.000780  -1.12   0.86  1.10 14.97    30.28    40.00
7457.697621  0.987428  0.000785  -1.15   0.62  1.11 15.05    30.56    40.00
7457.698278  0.989904  0.000787  -0.97  -0.34  1.11 14.41    30.55    40.00
7457.699423  0.989709  0.000787  -0.89  -0.64  1.11 14.87    30.20    40.00
7457.700086  0.987273  0.000785  -0.28  -0.36  1.11 15.64    29.93    40.00
7457.700750  0.988903  0.000786  -0.38  -1.16  1.11 14.81    29.91    40.00
7457.701420  0.989392  0.000787  -2.01  -0.14  1.11 15.66    29.79    40.00
7457.702103  0.987321  0.000785  -0.70  -0.14  1.11 15.43    29.74    40.00
7457.702757  0.989057  0.000786   1.90  -0.43  1.11 14.66    29.35    40.00
7457.703431  0.989611  0.000787   2.43  -0.87  1.11 14.85    29.29    40.00
7457.704126  0.989821  0.000787  -0.20  -0.89  1.11 14.74    29.45    40.00
7457.704818  0.990503  0.000788  -0.40  -1.13  1.11 14.96    29.59    40.00
7457.705465  0.988580  0.000786  -0.41  -0.15  1.11 14.71    29.31    40.00
7457.706122  0.988932  0.000786   0.24   0.02  1.11 15.62    30.10    40.00
7457.706830  0.989137  0.000787   0.09   0.15  1.11 14.63    29.87    40.00
7457.707485  0.989949  0.000787  -0.53   0.51  1.11 15.29    29.95    40.00
7457.708183  0.987570  0.000785  -0.14  -0.46  1.11 16.01    29.87    40.00
7457.708836  0.988524  0.000792  -1.42   0.35  1.12 15.11    30.15    40.00
7457.709511  0.989776  0.000793  -0.77   0.78  1.12 16.37    30.12    40.00
7457.710159  0.987870  0.000791  -0.66   0.59  1.12 15.36    30.15    40.00
7457.710823  0.991571  0.000794   0.98  -0.70  1.12 15.09    30.34    40.00
7457.711491  0.990007  0.000793   0.84   0.05  1.12 15.13    30.43    40.00
7457.712154  0.988203  0.000791  -0.68   0.62  1.12 14.39    30.25    40.00
7457.712801  0.991490  0.000794   0.16   0.44  1.12 15.23    30.07    40.00
7457.713449  0.989896  0.000793  -0.34   0.49  1.12 15.55    30.40    40.00
7457.714166  0.991489  0.000794  -0.76   0.33  1.12 15.20    29.77    40.00
7457.714826  0.990988  0.000794  -0.30   0.09  1.12 15.85    29.99    40.00
7457.715492  0.991436  0.000794  -1.11  -0.04  1.12 14.88    29.49    40.00
7457.716166  0.988368  0.000792  -1.22   0.49  1.12 15.12    29.59    40.00
7457.716822  0.991125  0.000799  -1.12   2.48  1.13 14.51    29.72    40.00
7457.717499  0.990088  0.000798  -1.16   1.90  1.13 15.05    29.71    40.00
7457.718163  0.991111  0.000799  -1.27   1.48  1.13 14.64    29.77    40.00
7457.718823  0.993787  0.000802   0.48  -0.88  1.13 14.84    29.75    40.00
7457.719501  0.990155  0.000799   1.08  -0.74  1.13 14.80    29.98    40.00
7457.720190  0.993266  0.000801  -0.00   0.38  1.13 15.23    29.65    40.00
7457.720856  0.993926  0.000802   0.45   0.57  1.13 14.52    29.28    40.00
7457.721506  0.992050  0.000800   0.39  -1.65  1.13 15.61    29.76    40.00
7457.722156  0.993375  0.000802  -0.16  -0.46  1.13 15.28    29.91    40.00
7457.722870  0.994407  0.000808   0.30   0.25  1.14 14.96    30.15    40.00
7457.723550  0.995604  0.000809   0.56   0.08  1.14 14.98    30.07    40.00
7457.724244  0.995066  0.000809   0.10  -1.09  1.14 14.79    30.11    40.00
7457.724913  0.996308  0.000810  -0.31  -0.38  1.14 15.07    30.38    40.00
7457.725568  0.995104  0.000809  -0.21   0.79  1.14 14.33    29.82    40.00
7457.726232  0.997184  0.000810   0.23   0.30  1.14 14.73    29.88    40.00
7457.726921  0.998444  0.000812   0.58  -1.17  1.14 14.60    29.99    40.00
7457.727585  0.998496  0.000811   1.19  -0.79  1.14 14.11    29.92    40.00
7457.728238  0.999305  0.000818   0.54  -0.67  1.15 14.43    30.14    40.00
7457.728928  0.997704  0.000817  -0.65   0.11  1.15 14.70    29.96    40.00
7457.729634  0.998735  0.000818  -0.49  -0.68  1.15 15.21    30.01    40.00
7457.730337  1.000843  0.000819   0.30  -1.42  1.15 14.69    29.66    40.00
7457.731063  0.999505  0.000818   0.13  -1.42  1.15 14.90    29.76    40.00
7457.731808  0.999545  0.000818  -1.53   1.33  1.15 14.43    29.68    40.00
7457.732496  1.000161  0.000824  -1.08   2.08  1.16 13.84    29.62    40.00
7457.733180  0.999846  0.000824   0.40   0.01  1.16 14.98    29.85    40.00
7457.733897  0.998103  0.000822   1.20   0.57  1.16 14.91    30.08    40.00
7457.734594  0.999808  0.000824  -1.09   0.18  1.16 14.86    29.94    40.00
7457.735277  0.995754  0.000821  -1.15   0.89  1.16 15.20    30.31    40.00
7457.736020  0.999945  0.000824   0.40  -0.23  1.16 15.48    30.12    40.00
7457.736670  0.998844  0.000830   0.83   0.32  1.17 15.30    30.35    40.00
7457.737328  0.998669  0.000829  -1.03   0.72  1.17 15.33    30.41    40.00
7457.738000  0.999673  0.000831  -0.31   0.11  1.17 16.05    30.36    40.00
7457.738663  1.001470  0.000832   0.46  -1.54  1.17 14.29    30.54    40.00
7457.739345  1.000992  0.000832   0.80  -0.06  1.17 14.83    30.30    40.00
7457.740009  0.998544  0.000830   0.06   0.69  1.17 15.80    30.79    40.00
7457.740700  0.998016  0.000835  -0.33   1.44  1.18 15.84    30.76    40.00
7457.741700  1.000160  0.000837  -0.26   1.77  1.18 15.03    31.04    40.00
7457.742362  0.999627  0.000836  -0.37   0.53  1.18 15.28    30.87    40.00
7457.743014  1.001936  0.000838  -0.97  -0.25  1.18 13.68    31.41    40.00
7457.743676  0.999953  0.000836  -0.91  -0.75  1.18 14.26    30.99    40.00
7457.744374  0.999042  0.000842  -1.97   0.73  1.19 15.73    31.18    40.00
7457.745076  1.002294  0.000844  -1.21  -0.94  1.19 13.18    31.57    40.00
7457.745791  1.002297  0.000845   1.06  -1.94  1.19 13.41    31.30    40.00
7457.746470  1.000686  0.000844   1.43  -2.22  1.19 13.56    31.51    40.00
7457.747141  1.001174  0.000844  -0.21  -0.84  1.19 13.38    31.88    40.00
7457.747822  1.000646  0.000851  -0.42   0.47  1.20 15.84    31.81    40.00
7457.748543  0.998229  0.000848  -0.67   1.72  1.20 15.83    31.59    40.00
7457.749205  1.000799  0.000850  -0.99   1.40  1.20 14.70    31.66    40.00
7457.749899  0.998550  0.000848  -0.89   0.90  1.20 15.19    31.55    40.00
7457.750555  0.998386  0.000854  -0.69   1.53  1.21 15.22    31.38    40.00
7457.751202  0.999118  0.000855   0.20   1.58  1.21 14.73    31.67    40.00
7457.751856  0.998281  0.000854   1.04   0.66  1.21 14.88    31.70    40.00
7457.752562  0.999332  0.000856  -1.05  -1.04  1.21 15.64    32.06    40.00
7457.753258  0.998764  0.000861  -1.31  -0.68  1.22 15.01    31.95    40.00
7457.753935  0.996326  0.000859   0.00   0.66  1.22 15.33    32.10    40.00
7457.754579  1.000318  0.000863   0.33  -0.26  1.22 14.99    31.97    40.00
7457.755257  1.000790  0.000863   0.34  -1.52  1.22 14.04    32.25    40.00
7457.755993  1.000438  0.000863   1.04  -0.90  1.22 13.90    32.59    40.00
7457.756747  0.998057  0.000867   1.42  -0.22  1.23 14.52    32.50    40.00
7457.757949  1.000142  0.000870   2.04   0.70  1.23 15.21    33.00    40.00
7457.758616  0.999704  0.000869  -0.25   1.16  1.23 14.42    33.21    40.00
7457.759278  1.000188  0.000876  -0.71   1.87  1.24 14.36    33.07    40.00
7457.759960  1.000198  0.000876  -0.26  -1.61  1.24 15.07    33.12    40.00
7457.760689  1.001706  0.000878  -0.51  -0.26  1.24 14.61    33.29    40.00
7457.761376  0.998980  0.000881  -0.39   0.71  1.25 14.77    33.08    40.00
7457.762462  0.999869  0.000882  -0.95   1.38  1.25 15.22    33.46    40.00
7457.763115  0.999312  0.000882   0.49   0.47  1.25 15.27    33.62    40.00
7457.763767  1.000128  0.000889   0.87   0.76  1.26 14.62    33.46    40.00
7457.764437  0.996809  0.000886   0.61  -2.38  1.26 13.89    33.84    40.00
7457.765146  1.001487  0.000891   0.25  -1.52  1.26 14.43    33.89    40.00
7457.765816  1.001143  0.000890  -1.13   2.48  1.26 14.21    34.16    40.00
7457.766481  0.997899  0.000894  -1.10   2.47  1.27 14.89    34.13    40.00
7457.767178  1.001996  0.000898   1.33  -0.56  1.27 13.46    34.31    40.00
7457.767845  1.001525  0.000898   1.58  -1.26  1.27 13.75    34.26    40.00
7457.768524  0.998953  0.000902  -0.36   0.62  1.28 14.28    34.18    40.00
7457.769214  0.999755  0.000903  -1.58   0.28  1.28 14.63    34.10    40.00
7457.769867  0.999459  0.000903   0.34  -0.27  1.28 15.30    34.14    40.00
7457.770529  1.003660  0.000914   0.12  -1.36  1.29 13.24    34.49    40.00
7457.771204  1.001197  0.000912  -1.19  -1.85  1.29 13.58    34.96    40.00
7457.771853  0.997285  0.000908  -1.43  -0.65  1.29 15.15    35.18    40.00
7457.772535  0.999305  0.000917   2.28   1.83  1.30 15.16    35.54    40.00
7457.773186  1.001737  0.000919   1.67   1.28  1.30 13.98    35.54    40.00
7457.773868  1.003533  0.000921  -0.93  -0.21  1.30 11.83    35.55    40.00
7457.774521  0.999862  0.000924  -0.03  -0.33  1.31 14.80    35.66    40.00
7457.775192  1.001281  0.000926   0.68  -0.14  1.31 12.89    35.43    40.00
7457.775870  1.000900  0.000926  -0.10   0.86  1.31 14.00    35.52    40.00
7457.776520  1.000836  0.000933   0.54   0.88  1.32 13.65    35.64    40.00
7457.777197  1.000722  0.000933   1.00  -0.93  1.32 14.55    36.00    40.00
7457.778186  1.001017  0.000940   1.33  -2.05  1.33 13.31    35.98    40.00
7457.778910  1.001083  0.000940   0.70  -1.69  1.33 13.93    35.86    40.00
7457.779599  1.002035  0.000942   1.06  -0.92  1.33 13.59    36.53    40.00
7457.780273  1.000521  0.000948   1.16   0.71  1.34 14.33    36.47    40.00
7457.781011  1.000184  0.000947  -0.61   0.89  1.34 14.20    36.26    40.00
7457.781720  1.001017  0.000956  -2.94   1.94  1.35 13.79    36.43    40.00
