7.991365513669999928e+03 1.000030824508237215e+00 9.302666342343359352e-05
7.991385945959999844e+03 9.999148823143938491e-01 9.302666342343359352e-05
7.991406378249999761e+03 9.999748552032232674e-01 9.302666342343359352e-05
7.991426810529999784e+03 1.000011412269822042e+00 9.302666342343359352e-05
7.991447242819999701e+03 1.000016387139163188e+00 9.302666342343359352e-05
7.991467675109999618e+03 1.000039661032219085e+00 9.302666342343359352e-05
7.991488107389999641e+03 1.000025752341730190e+00 9.302666342343359352e-05
7.991508539679999558e+03 1.000039349287437318e+00 9.302666342343359352e-05
7.991528971959999581e+03 9.999847012034159821e-01 9.302666342343359352e-05
7.991549404250000407e+03 9.999795359914186443e-01 9.302666342343359352e-05
7.991569836429999668e+03 9.999989074401349765e-01 9.302666342343359352e-05
7.991610701100000369e+03 9.999635053745493662e-01 9.302666342343359352e-05
7.991631133279999631e+03 1.000006503303713767e+00 9.302666342343359352e-05
7.991651565660000415e+03 9.998047242418336422e-01 9.302666342343359352e-05
7.991671997940000438e+03 9.996316899622303964e-01 9.302666342343359352e-05
7.991692430320000312e+03 9.996002857037410427e-01 9.302666342343359352e-05
7.991712862499999574e+03 9.997047310148341470e-01 9.302666342343359352e-05
7.991733294779999596e+03 9.999943744815558144e-01 9.302666342343359352e-05
7.991753727160000381e+03 9.999781011152323318e-01 9.302666342343359352e-05
7.991774159339999642e+03 1.000027160708072183e+00 9.302666342343359352e-05
7.991794591619999665e+03 1.000017851055238882e+00 9.302666342343359352e-05
7.991815024000000449e+03 9.999428965432619609e-01 9.302666342343359352e-05
7.991855888449999838e+03 9.999750174343015052e-01 9.302666342343359352e-05
7.991876320829999713e+03 1.000004048260131340e+00 9.302666342343359352e-05
7.991896753109999736e+03 1.000050670881589499e+00 9.302666342343359352e-05
7.991917185280000012e+03 1.000015354277456581e+00 9.302666342343359352e-05
7.991937617659999887e+03 9.999934188903709664e-01 9.302666342343359352e-05
7.991958049930000016e+03 1.000044343636494748e+00 9.302666342343359352e-05
7.991978482110000186e+03 9.999327276042033752e-01 9.302666342343359352e-05
7.991998914480000167e+03 9.999748369694753114e-01 9.302666342343359352e-05
7.992019346750000295e+03 9.999312262592408018e-01 9.302666342343359352e-05
7.993837817390000055e+03 9.999905672800065703e-01 9.302666342343359352e-05
7.993858249619999697e+03 1.000039269406355125e+00 9.302666342343359352e-05
7.993878681950000100e+03 9.999958289025109304e-01 9.302666342343359352e-05
7.993899114079999890e+03 9.999803893353900186e-01 9.302666342343359352e-05
7.993919546310000442e+03 9.999944701966229088e-01 9.302666342343359352e-05
7.993939978639999936e+03 1.000013970456299139e+00 9.302666342343359352e-05
7.993960410769999726e+03 1.000026206026911613e+00 9.302666342343359352e-05
7.993980843000000277e+03 9.999774645790309169e-01 9.302666342343359352e-05
7.994001275329999771e+03 9.999454835953224263e-01 9.302666342343359352e-05
7.994021707449999667e+03 9.999493826381949946e-01 9.302666342343359352e-05
7.994062572009999712e+03 9.999464039852457020e-01 9.302666342343359352e-05
7.994083004230000370e+03 9.999914162619775171e-01 9.302666342343359352e-05
7.994103436360000160e+03 1.000014592960608351e+00 9.302666342343359352e-05
7.994123868679999759e+03 9.999335324377256473e-01 9.302666342343359352e-05
7.994144300910000311e+03 9.996978086498610194e-01 9.302666342343359352e-05
7.994164733229999911e+03 9.995299015322040015e-01 9.302666342343359352e-05
7.994185165359999701e+03 9.996987867340775269e-01 9.302666342343359352e-05
7.994205597580000358e+03 1.000005947731982037e+00 9.302666342343359352e-05
7.994226029899999958e+03 9.998667539142991334e-01 9.302666342343359352e-05
7.994246462029999748e+03 9.999969223525663198e-01 9.302666342343359352e-05
7.994266894250000405e+03 9.999722645521798015e-01 9.302666342343359352e-05
7.994287326570000005e+03 1.000070853515107716e+00 9.302666342343359352e-05
7.994328190909999648e+03 1.000031754244180782e+00 9.302666342343359352e-05
7.994348623230000157e+03 1.000004194663257406e+00 9.302666342343359352e-05
7.994369055350000053e+03 1.000000253862157740e+00 9.302666342343359352e-05
7.994389487569999801e+03 1.000054468099174754e+00 9.302666342343359352e-05
7.994409919789999549e+03 9.999425471586098624e-01 9.302666342343359352e-05
7.994430352010000206e+03 9.999963932620435925e-01 9.302666342343359352e-05
7.994450784220000060e+03 1.000061084099484132e+00 9.302666342343359352e-05
7.994471216439999807e+03 9.999563743767480029e-01 9.302666342343359352e-05
7.996024063820000265e+03 1.000015433035309931e+00 9.302666342343359352e-05
7.996044496010000330e+03 9.999473802668858990e-01 9.302666342343359352e-05
7.996064928290000353e+03 1.000008742187262323e+00 9.302666342343359352e-05
7.996085360369999762e+03 1.000001535486660487e+00 9.302666342343359352e-05
7.996105792549999933e+03 1.000074535531375597e+00 9.302666342343359352e-05
7.996126224829999956e+03 9.999988641698500658e-01 9.302666342343359352e-05
7.996146656910000274e+03 9.999479972630451741e-01 9.302666342343359352e-05
7.996167089090000445e+03 9.999684550613872069e-01 9.302666342343359352e-05
7.996187521369999558e+03 9.999856938461372247e-01 9.302666342343359352e-05
7.996207953549999729e+03 9.999914941602898732e-01 9.302666342343359352e-05
7.996228385630000048e+03 9.998374170827970531e-01 9.302666342343359352e-05
7.996289682159999757e+03 1.000059814407715075e+00 9.302666342343359352e-05
7.996310114439999779e+03 9.997110030845978157e-01 9.302666342343359352e-05
7.996330546610000056e+03 9.998099566472057331e-01 9.302666342343359352e-05
7.996371410959999594e+03 9.996265048516936869e-01 9.302666342343359352e-05
7.996391843139999764e+03 9.997198727965331821e-01 9.302666342343359352e-05
7.996412275409999893e+03 9.999421034122586427e-01 9.302666342343359352e-05
7.996432707490000212e+03 1.000038925686064006e+00 9.302666342343359352e-05
7.996453139659999579e+03 1.000016219923680616e+00 9.302666342343359352e-05
7.996473571929999707e+03 9.999488139058066993e-01 9.302666342343359352e-05
7.996514436180000303e+03 9.999024040328307050e-01 9.302666342343359352e-05
7.996534868450000431e+03 9.999511737234433317e-01 9.302666342343359352e-05
7.996555300519999946e+03 9.999795268630821132e-01 9.302666342343359352e-05
7.996575732690000223e+03 9.999652210905080052e-01 9.302666342343359352e-05
7.996596164859999590e+03 9.996930540987370994e-01 9.302666342343359352e-05
7.996616597029999866e+03 9.996918714776622528e-01 9.302666342343359352e-05
7.996637029200000143e+03 9.997224074537572891e-01 9.302666342343359352e-05
7.996657461370000419e+03 9.997809628374020319e-01 9.302666342343359352e-05
7.996677893539999786e+03 1.000055413270161786e+00 9.302666342343359352e-05
7.996698325710000063e+03 9.999886659340359030e-01 9.302666342343359352e-05
7.996718757880000339e+03 9.999702002843006143e-01 9.302666342343359352e-05
7.996739190039999812e+03 1.000016642483143148e+00 9.302666342343359352e-05
7.996759622210000089e+03 9.999550818908145011e-01 9.302666342343359352e-05
7.996780054480000217e+03 9.999259487977079086e-01 9.302666342343359352e-05
7.996800486539999838e+03 1.000057292869017456e+00 9.302666342343359352e-05
7.996820918710000115e+03 1.000016300573772554e+00 9.302666342343359352e-05
7.996841350970000349e+03 1.000041101806007360e+00 9.302666342343359352e-05
7.996861783039999864e+03 9.999442871885342310e-01 9.302666342343359352e-05
7.996882215200000246e+03 1.000012497453211413e+00 9.302666342343359352e-05
7.996902647459999571e+03 9.999570784371161203e-01 9.302666342343359352e-05
7.996923079529999995e+03 9.999224968034347016e-01 9.302666342343359352e-05
7.996943511790000230e+03 9.999956472015749664e-01 9.302666342343359352e-05
7.998761972739999692e+03 1.000000839072229475e+00 9.302666342343359352e-05
7.998782404960000349e+03 1.000021414892593441e+00 9.302666342343359352e-05
7.998802836990000287e+03 1.000009983732556673e+00 9.302666342343359352e-05
7.998823269110000183e+03 9.999924441545365861e-01 9.302666342343359352e-05
7.998843701230000079e+03 1.000020215098745835e+00 9.302666342343359352e-05
7.998864133349999975e+03 9.999620129778956645e-01 9.302666342343359352e-05
7.998884565479999765e+03 9.999414656797670498e-01 9.302666342343359352e-05
7.998904997599999660e+03 9.999875089547117790e-01 9.302666342343359352e-05
7.998925429719999556e+03 9.999908566986456249e-01 9.302666342343359352e-05
7.998945861840000362e+03 1.000027387862117312e+00 9.302666342343359352e-05
7.998966294060000109e+03 9.999916372150935429e-01 9.302666342343359352e-05
7.998986726080000153e+03 1.000064621996764158e+00 9.302666342343359352e-05
7.999007158200000049e+03 1.000035336963501553e+00 9.302666342343359352e-05
7.999027590419999797e+03 1.000026849064546308e+00 9.302666342343359352e-05
7.999048022429999946e+03 9.999621907436915258e-01 9.302666342343359352e-05
7.999068454549999842e+03 9.996343931340807565e-01 9.302666342343359352e-05
7.999088886769999590e+03 9.995874476700672417e-01 9.302666342343359352e-05
7.999109318789999634e+03 9.996027682201917841e-01 9.302666342343359352e-05
7.999129750899999635e+03 9.998396119721565389e-01 9.302666342343359352e-05
7.999150183120000293e+03 1.000029058822757388e+00 9.302666342343359352e-05
7.999170615140000336e+03 9.999409961421826809e-01 9.302666342343359352e-05
7.999211479470000086e+03 1.000047842458855696e+00 9.302666342343359352e-05
7.999231911480000235e+03 1.000037262438872032e+00 9.302666342343359352e-05
7.999252343690000089e+03 1.000017507783792503e+00 9.302666342343359352e-05
7.999272775809999985e+03 1.000020273156464246e+00 9.302666342343359352e-05
7.999293207919999986e+03 9.999855172705386375e-01 9.302666342343359352e-05
7.999313640029999988e+03 9.999331085803817576e-01 9.302666342343359352e-05
7.999334072149999884e+03 1.000013477730548050e+00 9.302666342343359352e-05
7.999354504259999885e+03 1.000016877237694946e+00 9.302666342343359352e-05
7.999374936369999887e+03 1.000022802237146236e+00 9.302666342343359352e-05
7.999395368479999888e+03 9.999540483375963795e-01 9.302666342343359352e-05
7.999415800589999890e+03 9.999855233383873054e-01 9.302666342343359352e-05
8.001234256970000388e+03 1.000059995145786473e+00 9.302666342343359352e-05
8.001254689039999903e+03 9.999923402273435125e-01 9.302666342343359352e-05
8.001275121210000179e+03 9.999954867767868461e-01 9.302666342343359352e-05
8.001295553189999737e+03 9.999845879510009805e-01 9.302666342343359352e-05
8.001315985260000161e+03 9.999523710230776574e-01 9.302666342343359352e-05
8.001336417430000438e+03 9.999527196704647292e-01 9.302666342343359352e-05
8.001356849400000101e+03 1.000046907326183288e+00 9.302666342343359352e-05
8.001377281469999616e+03 1.000016853287470697e+00 9.302666342343359352e-05
8.001397713639999893e+03 1.000069316924484086e+00 9.302666342343359352e-05
8.001418145609999556e+03 9.999274675030698223e-01 9.302666342343359352e-05
8.001438577679999980e+03 9.999909362476196995e-01 9.302666342343359352e-05
8.001459009850000257e+03 1.000046631761681404e+00 9.302666342343359352e-05
8.001479441919999772e+03 9.999375321668243499e-01 9.302666342343359352e-05
8.001499873890000345e+03 1.000040044270124939e+00 9.302666342343359352e-05
8.001520306059999712e+03 9.999190150082970518e-01 9.302666342343359352e-05
8.001540738120000242e+03 9.997109497689458113e-01 9.302666342343359352e-05
8.001561170089999905e+03 9.996546780936876875e-01 9.302666342343359352e-05
8.001581602260000182e+03 9.996573892803152228e-01 9.302666342343359352e-05
8.001602034329999697e+03 9.998685090324993530e-01 9.302666342343359352e-05
8.001622466490000079e+03 1.000038369295877638e+00 9.302666342343359352e-05
8.001642898459999742e+03 1.000023135790075068e+00 9.302666342343359352e-05
8.001663330520000272e+03 9.999861402328743543e-01 9.302666342343359352e-05
8.001683762689999639e+03 1.000057124202552883e+00 9.302666342343359352e-05
8.001704194650000318e+03 9.999817247201989723e-01 9.302666342343359352e-05
8.001724626709999939e+03 1.000019626636694081e+00 9.302666342343359352e-05
8.001745058880000215e+03 9.999619559286692105e-01 9.302666342343359352e-05
8.001765490839999984e+03 9.999936286335650015e-01 9.302666342343359352e-05
8.001785922899999605e+03 1.000025308664093338e+00 9.302666342343359352e-05
8.001806354970000029e+03 9.999514346133996368e-01 9.302666342343359352e-05
8.001826787029999650e+03 1.000027008335484080e+00 9.302666342343359352e-05
8.001847219090000181e+03 1.000019074468748270e+00 9.302666342343359352e-05
8.001888083210000332e+03 9.999774762066273581e-01 9.302666342343359352e-05
8.003093574190000254e+03 9.999800064740060890e-01 9.302666342343359352e-05
8.003134438359999876e+03 9.999713134089931454e-01 9.302666342343359352e-05
8.003154870399999709e+03 9.999885526591408835e-01 9.302666342343359352e-05
8.003175302429999647e+03 1.000021313001841605e+00 9.302666342343359352e-05
8.003195734470000389e+03 1.000014283401656767e+00 9.302666342343359352e-05
8.003216166500000327e+03 1.000011062470048895e+00 9.302666342343359352e-05
8.003236598540000159e+03 1.000031958518908359e+00 9.302666342343359352e-05
8.003257030570000097e+03 1.000023650126332875e+00 9.302666342343359352e-05
8.003277462609999930e+03 9.999856360288696955e-01 9.302666342343359352e-05
8.003297894639999868e+03 9.999584271577173222e-01 9.302666342343359352e-05
8.003318326669999806e+03 1.000030047803637689e+00 9.302666342343359352e-05
8.003645239550000042e+03 1.000048998746080775e+00 9.302666342343359352e-05
8.003665671570000086e+03 1.000051282770527905e+00 9.302666342343359352e-05
8.003686103600000024e+03 9.999828534391338453e-01 9.302666342343359352e-05
8.003706535620000068e+03 9.998048511424175722e-01 9.302666342343359352e-05
8.003726967650000006e+03 9.997458147759624714e-01 9.302666342343359352e-05
8.003747399670000050e+03 9.998596880402756959e-01 9.302666342343359352e-05
8.003829127869999866e+03 1.000051810226476157e+00 9.302666342343359352e-05
8.003849559790000058e+03 1.000005035947746590e+00 9.302666342343359352e-05
8.003869991810000101e+03 9.999222905810842832e-01 9.302666342343359352e-05
8.003890423929999997e+03 9.999393870363711967e-01 9.302666342343359352e-05
8.003910855860000083e+03 9.999599154960098213e-01 9.302666342343359352e-05
8.003931287880000127e+03 9.999411304758503150e-01 9.302666342343359352e-05
8.003951720000000023e+03 9.999292534958362788e-01 9.302666342343359352e-05
8.003992584040000111e+03 9.997753284054712308e-01 9.302666342343359352e-05
8.004013015960000303e+03 9.996672349789323953e-01 9.302666342343359352e-05
8.004033447980000346e+03 9.996950806807488599e-01 9.302666342343359352e-05
8.004053880100000242e+03 9.997100069336791739e-01 9.302666342343359352e-05
8.004074312020000434e+03 9.999646524336927023e-01 9.302666342343359352e-05
8.004094744029999674e+03 9.999873857126049259e-01 9.302666342343359352e-05
8.004115176149999570e+03 9.999650310206914527e-01 9.302666342343359352e-05
8.004135608169999614e+03 9.999294817999367924e-01 9.302666342343359352e-05
8.004156040089999806e+03 9.999860031003524607e-01 9.302666342343359352e-05
8.004176472199999807e+03 1.000044766445314703e+00 9.302666342343359352e-05
8.004196904219999851e+03 1.000037299539071167e+00 9.302666342343359352e-05
8.004217336130000149e+03 9.999236701582258080e-01 9.302666342343359352e-05
8.004237768250000045e+03 1.000065988481362300e+00 9.302666342343359352e-05
8.004258200270000088e+03 9.999858556477244642e-01 9.302666342343359352e-05
8.004278632180000386e+03 1.000054787808379198e+00 9.302666342343359352e-05
8.004299064290000388e+03 1.000072184395986330e+00 9.302666342343359352e-05
8.004319496310000432e+03 9.999186546679482701e-01 9.302666342343359352e-05
8.004339928219999820e+03 1.000008256602823220e+00 9.302666342343359352e-05
8.005259368639999593e+03 1.000003146523732234e+00 9.302666342343359352e-05
8.005279800629999954e+03 1.000018033798093953e+00 9.302666342343359352e-05
8.005300232730000062e+03 9.999948044993682839e-01 9.302666342343359352e-05
8.005320664619999661e+03 1.000077995968005284e+00 9.302666342343359352e-05
8.005341096619999917e+03 9.999628236531015180e-01 9.302666342343359352e-05
8.005361528710000130e+03 9.999894223782503921e-01 9.302666342343359352e-05
8.005381960609999624e+03 1.000018765787349828e+00 9.302666342343359352e-05
8.005402392599999985e+03 9.999481462183037461e-01 9.302666342343359352e-05
8.005422824700000092e+03 9.999592965996890737e-01 9.302666342343359352e-05
8.005443256690000453e+03 9.999714769645609014e-01 9.302666342343359352e-05
8.005463688580000053e+03 9.999304048550361479e-01 9.302666342343359352e-05
8.005484120670000266e+03 9.999891013052306654e-01 9.302666342343359352e-05
8.005524984560000121e+03 9.990381790584440536e-01 9.302666342343359352e-05
8.005545416650000334e+03 9.989846188324739140e-01 9.302666342343359352e-05
8.005565848539999934e+03 9.988878346849819900e-01 9.302666342343359352e-05
8.005586280530000295e+03 9.989355232501047066e-01 9.302666342343359352e-05
8.005606712619999598e+03 9.988801571665412160e-01 9.302666342343359352e-05
8.005627144510000107e+03 9.991084528359420736e-01 9.302666342343359352e-05
8.005647576600000320e+03 9.992784983507408958e-01 9.302666342343359352e-05
8.005668008589999772e+03 9.998937609356129963e-01 9.302666342343359352e-05
8.005688440480000281e+03 9.999159107598849516e-01 9.302666342343359352e-05
8.005708872559999691e+03 9.998926311067617423e-01 9.302666342343359352e-05
8.005749736439999651e+03 9.999749411947265187e-01 9.302666342343359352e-05
8.005770168529999864e+03 1.000076345200119787e+00 9.302666342343359352e-05
8.005790600510000331e+03 1.000002700254377430e+00 9.302666342343359352e-05
8.005831464490000144e+03 1.000042189978007867e+00 9.302666342343359352e-05
8.005851896469999701e+03 9.998929243713199355e-01 9.302666342343359352e-05
8.005872328460000062e+03 1.000026906120131232e+00 9.302666342343359352e-05
8.005892760439999620e+03 9.999571620495767421e-01 9.302666342343359352e-05
8.005913192429999981e+03 1.000051345329006969e+00 9.302666342343359352e-05
8.006178808190000382e+03 9.999912308647881387e-01 9.302666342343359352e-05
8.006199240269999791e+03 1.000000912576653356e+00 9.302666342343359352e-05
8.006219672150000406e+03 1.000008318519148842e+00 9.302666342343359352e-05
8.006240104229999815e+03 1.000032805620107101e+00 9.302666342343359352e-05
8.006260536110000430e+03 9.999948054681128129e-01 9.302666342343359352e-05
8.006280968189999840e+03 1.000039934568662359e+00 9.302666342343359352e-05
8.006301400160000412e+03 1.000007496069478474e+00 9.302666342343359352e-05
8.006321832139999970e+03 1.000028118343199823e+00 9.302666342343359352e-05
8.006342264019999675e+03 9.999905823992132348e-01 9.302666342343359352e-05
8.006362696090000100e+03 9.998747883508699585e-01 9.302666342343359352e-05
8.006383128069999657e+03 9.999549885219182199e-01 9.302666342343359352e-05
8.006403559940000378e+03 9.999671807109765664e-01 9.302666342343359352e-05
8.006423992019999787e+03 9.999152225083584034e-01 9.302666342343359352e-05
8.006444423990000359e+03 9.999408347904580330e-01 9.302666342343359352e-05
8.006464855870000065e+03 9.997427732484570617e-01 9.302666342343359352e-05
8.006485287939999580e+03 9.997779724296210757e-01 9.302666342343359352e-05
8.006587447709999651e+03 9.999801441578850536e-01 9.302666342343359352e-05
8.006607879780000076e+03 9.999734427731956643e-01 9.302666342343359352e-05
8.006628311749999739e+03 9.999311837975314310e-01 9.302666342343359352e-05
8.006648743720000311e+03 9.999018419250160772e-01 9.302666342343359352e-05
8.006669175699999869e+03 9.999132342732190981e-01 9.302666342343359352e-05
8.006689607670000441e+03 9.999440598529293345e-01 9.302666342343359352e-05
8.006710039640000105e+03 9.999864008081306155e-01 9.302666342343359352e-05
8.006730471609999768e+03 1.000040349587786315e+00 9.302666342343359352e-05
8.006750903580000340e+03 1.000069438719825010e+00 9.302666342343359352e-05
8.006771335639999961e+03 1.000071715850992193e+00 9.302666342343359352e-05
8.006812199480000345e+03 9.999464578102053025e-01 9.302666342343359352e-05
8.008630643530000270e+03 1.000093505215066569e+00 9.302666342343359352e-05
8.008651075370000399e+03 9.999753077016552139e-01 9.302666342343359352e-05
8.008671507410000231e+03 9.999657762882601109e-01 9.302666342343359352e-05
8.008691939340000317e+03 9.999246084084818520e-01 9.302666342343359352e-05
8.008732803210000384e+03 9.998682035376088573e-01 9.302666342343359352e-05
8.008794099020000431e+03 1.000074107356885733e+00 9.302666342343359352e-05
8.008814530949999607e+03 9.999606651433117221e-01 9.302666342343359352e-05
8.008834962779999842e+03 1.000019013384159994e+00 9.302666342343359352e-05
8.008855394819999674e+03 1.000006283464218493e+00 9.302666342343359352e-05
8.008875826749999760e+03 9.999684102761959847e-01 9.302666342343359352e-05
8.008896258679999846e+03 1.000015374210669217e+00 9.302666342343359352e-05
8.008916690609999932e+03 1.000055441348874252e+00 9.302666342343359352e-05
8.008937122540000018e+03 9.997758254202165906e-01 9.302666342343359352e-05
8.008957554470000105e+03 9.996323815875917118e-01 9.302666342343359352e-05
8.008977986509999937e+03 9.995391748879924876e-01 9.302666342343359352e-05
8.009018850370000109e+03 9.999284541167327012e-01 9.302666342343359352e-05
8.009039282300000195e+03 9.999366359394133985e-01 9.302666342343359352e-05
8.009059714130000430e+03 9.999786459724083754e-01 9.302666342343359352e-05
8.009080146160000368e+03 1.000066203479240245e+00 9.302666342343359352e-05
8.009100578079999650e+03 1.000003722570951714e+00 9.302666342343359352e-05
8.009121009909999884e+03 1.000005180531299498e+00 9.302666342343359352e-05
8.009141441939999822e+03 9.999442664743075637e-01 9.302666342343359352e-05
8.009161873869999908e+03 1.000013796075111649e+00 9.302666342343359352e-05
8.009182305700000143e+03 9.999602510367299191e-01 9.302666342343359352e-05
8.009202737720000187e+03 9.999542841689250672e-01 9.302666342343359352e-05
8.009223169650000273e+03 1.000073948183198613e+00 9.302666342343359352e-05
8.009264033499999641e+03 1.000098331469468915e+00 9.302666342343359352e-05
8.009284465429999727e+03 1.000031175821527896e+00 9.302666342343359352e-05
8.010142606100000194e+03 9.999438608316733035e-01 9.302666342343359352e-05
8.010163038009999582e+03 9.998702108377667264e-01 9.302666342343359352e-05
8.010183469919999879e+03 9.999683539171905222e-01 9.302666342343359352e-05
8.010203901830000177e+03 1.000027083967483188e+00 9.302666342343359352e-05
8.010265197560000161e+03 1.000091024224280867e+00 9.302666342343359352e-05
8.010285629469999549e+03 1.000034530856592552e+00 9.302666342343359352e-05
8.010306061379999846e+03 9.999635346107197398e-01 9.302666342343359352e-05
8.010326493389999996e+03 9.998891029062483282e-01 9.302666342343359352e-05
8.010346925200000442e+03 9.999402261849026363e-01 9.302666342343359352e-05
8.010367357109999830e+03 9.999445807240440187e-01 9.302666342343359352e-05
8.010387789110000085e+03 9.999872521033810191e-01 9.302666342343359352e-05
8.010408220919999621e+03 9.999639316985794446e-01 9.302666342343359352e-05
8.010428652829999919e+03 9.998654804219544445e-01 9.302666342343359352e-05
8.010449084830000174e+03 9.997599123248066544e-01 9.302666342343359352e-05
8.010469516639999711e+03 9.996801687884433463e-01 9.302666342343359352e-05
8.010489948550000008e+03 9.996712884909821906e-01 9.302666342343359352e-05
8.010510380550000264e+03 9.996913411807615280e-01 9.302666342343359352e-05
8.010530812359999800e+03 9.999014590122243806e-01 9.302666342343359352e-05
8.010551244260000203e+03 9.999823559040383891e-01 9.302666342343359352e-05
8.010571676270000353e+03 1.000090237716201313e+00 9.302666342343359352e-05
8.010592108069999995e+03 9.999838133123093442e-01 9.302666342343359352e-05
8.010612539970000398e+03 9.998688912438670195e-01 9.302666342343359352e-05
8.010632971979999638e+03 9.999570965291488811e-01 9.302666342343359352e-05
8.010673835679999684e+03 1.000051353098460050e+00 9.302666342343359352e-05
8.010694267689999833e+03 1.000041752979953014e+00 9.302666342343359352e-05
8.010735131489999731e+03 9.999792393912944055e-01 9.302666342343359352e-05
8.010755563390000134e+03 1.000055621487923485e+00 9.302666342343359352e-05
8.010775995289999628e+03 9.999355131079027403e-01 9.302666342343359352e-05
8.010796427190000031e+03 9.999630937638384065e-01 9.302666342343359352e-05
8.011102905669999927e+03 9.999966053566421431e-01 9.302666342343359352e-05
8.011123337560000436e+03 9.999849313776826287e-01 9.302666342343359352e-05
8.011143769459999930e+03 9.999479449097985473e-01 9.302666342343359352e-05
8.011164201450000292e+03 9.999846329068372563e-01 9.302666342343359352e-05
8.011184633249999933e+03 9.999278103328790301e-01 9.302666342343359352e-05
8.011205065140000443e+03 9.999788285639944485e-01 9.302666342343359352e-05
8.011225497139999788e+03 9.999684088683994387e-01 9.302666342343359352e-05
8.011245928930000446e+03 1.000052795077072787e+00 9.302666342343359352e-05
8.011266360929999792e+03 1.000035559570639387e+00 9.302666342343359352e-05
8.011286792820000301e+03 1.000005649813642039e+00 9.302666342343359352e-05
8.011307224610000048e+03 9.999907713871172277e-01 9.302666342343359352e-05
8.011327656600000410e+03 1.000036051739607634e+00 9.302666342343359352e-05
8.011348088490000009e+03 9.999629388694573073e-01 9.302666342343359352e-05
8.011388952280000012e+03 9.998895382452794856e-01 9.302666342343359352e-05
8.011409384169999612e+03 9.996632687031102860e-01 9.302666342343359352e-05
8.011429815960000269e+03 9.995617759740991204e-01 9.302666342343359352e-05
8.011470679840000230e+03 1.000067198281164416e+00 9.302666342343359352e-05
8.011491111729999830e+03 1.000016451473984214e+00 9.302666342343359352e-05
8.011511543620000339e+03 1.000088910516097718e+00 9.302666342343359352e-05
8.011552407299999686e+03 1.000018193419203616e+00 9.302666342343359352e-05
8.011572839290000047e+03 9.999569867699630299e-01 9.302666342343359352e-05
8.011593271169999753e+03 1.000002111597222854e+00 9.302666342343359352e-05
8.011613702960000410e+03 9.999423086597317711e-01 9.302666342343359352e-05
8.011634134949999861e+03 9.999121672913643399e-01 9.302666342343359352e-05
8.011654566840000371e+03 1.000007975545150085e+00 9.302666342343359352e-05
8.011674998620000224e+03 9.999863638079691253e-01 9.302666342343359352e-05
8.011695430609999676e+03 1.000026038531348194e+00 9.302666342343359352e-05
8.011715862500000185e+03 9.999305714485792196e-01 9.302666342343359352e-05
8.011736294280000038e+03 1.000036675010204323e+00 9.302666342343359352e-05
8.011756726270000399e+03 1.000055817281339410e+00 9.302666342343359352e-05
8.013575163129999964e+03 9.999378924959372306e-01 9.302666342343359352e-05
8.013595594989999881e+03 9.999449370732527154e-01 9.302666342343359352e-05
8.013616026740000052e+03 9.999101242597264738e-01 9.302666342343359352e-05
8.013636458699999821e+03 9.997852557634270276e-01 9.302666342343359352e-05
8.013697754269999677e+03 1.000054277640583855e+00 9.302666342343359352e-05
8.013738617979999617e+03 9.999974686149247782e-01 9.302666342343359352e-05
8.013759049829999640e+03 9.999346039764446248e-01 9.302666342343359352e-05
8.013902072810000391e+03 9.995589516151049958e-01 9.302666342343359352e-05
8.013922504559999652e+03 9.996522294300635991e-01 9.302666342343359352e-05
8.013942936520000330e+03 9.999946413523161937e-01 9.302666342343359352e-05
8.013963368370000353e+03 9.999718173918610287e-01 9.302666342343359352e-05
8.013983800320000228e+03 9.999716846375843460e-01 9.302666342343359352e-05
8.014004232070000398e+03 1.000031718599766251e+00 9.302666342343359352e-05
8.014024663920000421e+03 9.999431656961164094e-01 9.302666342343359352e-05
8.014045095870000296e+03 9.999986234213870118e-01 9.302666342343359352e-05
8.014065527619999557e+03 1.000053437776529108e+00 9.302666342343359352e-05
8.014085959480000383e+03 1.000038065173875834e+00 9.302666342343359352e-05
8.014106391420000364e+03 1.000048439493927965e+00 9.302666342343359352e-05
8.014126823169999625e+03 9.999967463113832444e-01 9.302666342343359352e-05
8.014167686970000432e+03 9.999310755715691279e-01 9.302666342343359352e-05
8.014188118719999693e+03 9.999935041336336372e-01 9.302666342343359352e-05
8.014208550569999716e+03 1.000043542798860097e+00 9.302666342343359352e-05
8.014228982519999590e+03 1.000048332576441101e+00 9.302666342343359352e-05
8.016067847850000362e+03 1.000050940369604513e+00 9.302666342343359352e-05
8.016088279679999687e+03 1.000090314217739085e+00 9.302666342343359352e-05
8.016108711500000027e+03 9.999439031078164453e-01 9.302666342343359352e-05
8.016129143320000367e+03 9.999606323001242192e-01 9.302666342343359352e-05
8.016149575139999797e+03 1.000024169816985387e+00 9.302666342343359352e-05
8.016170007059999989e+03 1.000055365927294382e+00 9.302666342343359352e-05
8.016190438779999567e+03 1.000028090094977617e+00 9.302666342343359352e-05
8.016210870599999907e+03 9.999989167332444806e-01 9.302666342343359352e-05
8.016231302520000099e+03 9.999586541036750154e-01 9.302666342343359352e-05
8.016251734239999678e+03 9.999851621577441341e-01 9.302666342343359352e-05
8.016272166060000018e+03 9.999894785462645208e-01 9.302666342343359352e-05
8.016292597980000210e+03 1.000029654206907592e+00 9.302666342343359352e-05
8.016313029699999788e+03 1.000008009715168900e+00 9.302666342343359352e-05
8.016333461520000128e+03 9.997469659797426633e-01 9.302666342343359352e-05
8.016374325150000004e+03 9.995095871431785017e-01 9.302666342343359352e-05
8.016394756970000344e+03 9.996545880952785179e-01 9.302666342343359352e-05
8.016415188889999627e+03 9.999995474665842599e-01 9.302666342343359352e-05
8.016435620700000072e+03 1.000075735756106310e+00 9.302666342343359352e-05
8.016456052419999651e+03 1.000001681733445391e+00 9.302666342343359352e-05
8.016476484339999843e+03 1.000006497722969456e+00 9.302666342343359352e-05
8.016496916150000288e+03 1.000031344765361041e+00 9.302666342343359352e-05
8.016517347869999867e+03 9.999523368675673485e-01 9.302666342343359352e-05
8.016537779780000164e+03 9.999020294736127301e-01 9.302666342343359352e-05
8.016558211599999595e+03 1.000020131681206514e+00 9.302666342343359352e-05
8.016599075230000381e+03 1.000000307584805181e+00 9.302666342343359352e-05
8.016619507039999917e+03 1.000041567526772646e+00 9.302666342343359352e-05
8.016639938760000405e+03 9.999549088917663031e-01 9.302666342343359352e-05
8.016660370669999793e+03 1.000044315403009643e+00 9.302666342343359352e-05
8.016680802490000133e+03 1.000044518087215506e+00 9.302666342343359352e-05
8.017212029549999897e+03 1.000048160719058998e+00 9.302666342343359352e-05
8.017232461450000301e+03 1.000029339309515430e+00 9.302666342343359352e-05
8.017252893259999837e+03 9.999748298997723772e-01 9.302666342343359352e-05
8.017273325060000388e+03 9.998989755038837357e-01 9.302666342343359352e-05
8.017293756869999925e+03 1.000031929754379822e+00 9.302666342343359352e-05
8.017314188669999567e+03 9.999415928402168863e-01 9.302666342343359352e-05
8.017355052279999654e+03 1.000097432884002879e+00 9.302666342343359352e-05
8.017375484090000100e+03 9.999352081632719713e-01 9.302666342343359352e-05
8.017395915889999742e+03 9.999901080495960937e-01 9.302666342343359352e-05
8.017416347800000040e+03 1.000021160895957717e+00 9.302666342343359352e-05
8.017436779499999830e+03 1.000037011195590075e+00 9.302666342343359352e-05
8.017457211300000381e+03 1.000018899338897427e+00 9.302666342343359352e-05
8.017477643209999769e+03 9.998986592215538538e-01 9.302666342343359352e-05
8.017498074909999559e+03 9.996895975270772006e-01 9.302666342343359352e-05
8.017518506710000111e+03 9.997320793483541745e-01 9.302666342343359352e-05
8.017538938509999753e+03 9.997023506130393589e-01 9.302666342343359352e-05
8.017559370320000198e+03 9.996679026718047201e-01 9.302666342343359352e-05
8.017579802119999840e+03 9.997774541281543303e-01 9.302666342343359352e-05
8.017600233920000392e+03 9.999459938887893529e-01 9.302666342343359352e-05
8.017620665720000034e+03 9.999404775188460714e-01 9.302666342343359352e-05
8.017641097519999676e+03 1.000001828313740182e+00 9.302666342343359352e-05
8.017661529320000227e+03 1.000047799662767023e+00 9.302666342343359352e-05
8.017681961119999869e+03 1.000099004426417748e+00 9.302666342343359352e-05
8.017702393020000272e+03 9.999833116414567069e-01 9.302666342343359352e-05
8.017722824720000062e+03 1.000056788865834489e+00 9.302666342343359352e-05
8.017743256519999704e+03 9.999461796144716308e-01 9.302666342343359352e-05
8.017763688420000108e+03 1.000015980685875272e+00 9.302666342343359352e-05
8.017784120119999898e+03 9.999274131644250163e-01 9.302666342343359352e-05
8.017804551920000449e+03 9.998685746253722639e-01 9.302666342343359352e-05
8.017845415619999585e+03 1.000018774208835337e+00 9.302666342343359352e-05
8.017865847310000390e+03 9.999794279271003727e-01 9.302666342343359352e-05
8.018499233020000247e+03 9.999965660849537974e-01 9.302666342343359352e-05
8.018519664809999995e+03 1.000045577197359092e+00 9.302666342343359352e-05
8.018540096699999594e+03 1.000030406432613539e+00 9.302666342343359352e-05
8.018560528390000400e+03 1.000031816689193720e+00 9.302666342343359352e-05
8.018580960180000147e+03 1.000066670974582461e+00 9.302666342343359352e-05
8.018601392069999747e+03 1.000023741854379145e+00 9.302666342343359352e-05
8.018621823759999643e+03 9.999324734005856641e-01 9.302666342343359352e-05
8.018642255540000406e+03 9.999395141107993989e-01 9.302666342343359352e-05
8.018662687430000005e+03 1.000031647315658745e+00 9.302666342343359352e-05
8.018683119219999753e+03 9.999847187894022049e-01 9.302666342343359352e-05
8.018703551010000410e+03 9.999890534488652394e-01 9.302666342343359352e-05
8.018723982790000264e+03 9.999867340863888288e-01 9.302666342343359352e-05
8.018744414580000011e+03 9.999566248992993733e-01 9.302666342343359352e-05
8.018764846469999611e+03 9.999466209634058078e-01 9.302666342343359352e-05
8.018785278149999613e+03 9.999333682928795985e-01 9.302666342343359352e-05
8.018826141819999975e+03 9.997053585386705965e-01 9.302666342343359352e-05
8.018846573509999871e+03 9.996795053639899731e-01 9.302666342343359352e-05
8.018867005289999724e+03 9.997437272260601970e-01 9.302666342343359352e-05
8.018887437180000234e+03 1.000039525700259890e+00 9.302666342343359352e-05
8.018907868860000235e+03 1.000054301782010269e+00 9.302666342343359352e-05
8.018928300649999983e+03 9.999900724006146602e-01 9.302666342343359352e-05
8.018948732529999688e+03 1.000045517322633915e+00 9.302666342343359352e-05
8.018969164219999584e+03 1.000094102258401563e+00 9.302666342343359352e-05
8.018989596000000347e+03 9.999907339069428192e-01 9.302666342343359352e-05
8.019010027780000200e+03 9.998925957132471787e-01 9.302666342343359352e-05
8.019030459569999948e+03 9.999095434287308404e-01 9.302666342343359352e-05
8.019071323129999655e+03 9.995445857172966519e-01 9.302666342343359352e-05
8.019132618579999871e+03 1.000069527852960327e+00 9.302666342343359352e-05
8.019153050259999873e+03 1.000047838261946209e+00 9.302666342343359352e-05
8.020991909899999882e+03 9.999853641648424052e-01 9.302666342343359352e-05
8.021032773420000012e+03 9.999864950503009053e-01 9.302666342343359352e-05
8.021053205180000077e+03 9.999677907279149736e-01 9.302666342343359352e-05
8.021073637039999994e+03 1.000042380018783872e+00 9.302666342343359352e-05
8.021094068690000313e+03 1.000032359858872510e+00 9.302666342343359352e-05
8.021114500450000378e+03 1.000055169161522262e+00 9.302666342343359352e-05
8.021134932310000295e+03 9.999816319522734087e-01 9.302666342343359352e-05
8.021155363969999598e+03 9.999587986406202056e-01 9.302666342343359352e-05
8.021175795830000425e+03 9.999687668895090864e-01 9.302666342343359352e-05
8.021196227579999686e+03 1.000036031258338731e+00 9.302666342343359352e-05
8.021216659239999899e+03 1.000012440999779262e+00 9.302666342343359352e-05
8.021237091099999816e+03 9.999728105181774351e-01 9.302666342343359352e-05
8.021257522750000135e+03 9.999704023137654385e-01 9.302666342343359352e-05
8.021277954610000052e+03 9.997164236447230179e-01 9.302666342343359352e-05
8.021298386370000117e+03 9.996008714465288714e-01 9.302666342343359352e-05
8.021318818120000287e+03 9.996587858723219311e-01 9.302666342343359352e-05
8.021339249779999591e+03 9.998369439305380135e-01 9.302666342343359352e-05
8.021359681629999614e+03 1.000056021816171370e+00 9.302666342343359352e-05
8.021380113389999678e+03 1.000042826177237387e+00 9.302666342343359352e-05
8.021400545039999997e+03 1.000041749491193510e+00 9.302666342343359352e-05
8.021420976899999914e+03 9.999600438316632589e-01 9.302666342343359352e-05
8.021441408650000085e+03 1.000032000002008870e+00 9.302666342343359352e-05
8.021461840310000298e+03 9.999532539476927440e-01 9.302666342343359352e-05
8.021482272160000321e+03 9.999838628509699623e-01 9.302666342343359352e-05
8.021523135569999795e+03 1.000001236235845914e+00 9.302666342343359352e-05
8.021543567419999818e+03 1.000013870403554161e+00 9.302666342343359352e-05
8.021563999179999882e+03 1.000052552825721808e+00 9.302666342343359352e-05
8.021584430830000201e+03 1.000023971032623749e+00 9.302666342343359352e-05
8.021604862680000224e+03 9.999874850828206485e-01 9.302666342343359352e-05
8.021625294430000395e+03 1.000036703664918258e+00 9.302666342343359352e-05
8.023443719810000403e+03 9.999440788943210201e-01 9.302666342343359352e-05
8.023484583270000257e+03 1.000013512746691369e+00 9.302666342343359352e-05
8.023505014999999730e+03 9.999781258838961184e-01 9.302666342343359352e-05
8.023525446740000007e+03 1.000051543835023704e+00 9.302666342343359352e-05
8.023545878470000389e+03 1.000099370690154643e+00 9.302666342343359352e-05
8.023586741830000392e+03 9.999658083689167976e-01 9.302666342343359352e-05
8.023607173659999717e+03 9.998975413725004202e-01 9.302666342343359352e-05
8.023627605390000099e+03 9.999022879562449173e-01 9.302666342343359352e-05
8.023648037119999572e+03 9.999654004734673807e-01 9.302666342343359352e-05
8.023668468849999954e+03 1.000043643447616537e+00 9.302666342343359352e-05
8.023688900580000336e+03 1.000003296977995948e+00 9.302666342343359352e-05
8.023709332409999661e+03 9.999570435821198977e-01 9.302666342343359352e-05
8.023729764050000085e+03 9.999266411340658189e-01 9.302666342343359352e-05
8.023750195769999664e+03 9.997013638366514243e-01 9.302666342343359352e-05
8.023770627599999898e+03 9.996752029187154776e-01 9.302666342343359352e-05
8.023791059230000428e+03 9.996589709464870355e-01 9.302666342343359352e-05
8.023811490959999901e+03 9.999060107609547554e-01 9.302666342343359352e-05
8.023831922790000135e+03 9.999521390890112604e-01 9.302666342343359352e-05
8.023852354419999756e+03 9.999790907120335026e-01 9.302666342343359352e-05
8.023872786150000138e+03 9.999656007992622220e-01 9.302666342343359352e-05
8.023893217980000372e+03 9.999764859312637588e-01 9.302666342343359352e-05
8.023913649600000099e+03 9.999865098505993366e-01 9.302666342343359352e-05
8.023934081329999572e+03 1.000009807653474248e+00 9.302666342343359352e-05
8.023974944790000336e+03 1.000079656429394115e+00 9.302666342343359352e-05
8.024015808340000149e+03 1.000001895825483933e+00 9.302666342343359352e-05
8.024036240069999621e+03 9.999738803724557146e-01 9.302666342343359352e-05
8.024056671690000258e+03 1.000007368596601109e+00 9.302666342343359352e-05
8.024077103519999582e+03 9.998949586137900747e-01 9.302666342343359352e-05
8.024097535249999964e+03 9.999540751055822074e-01 9.302666342343359352e-05
8.024281420770000295e+03 9.999511434727824666e-01 9.302666342343359352e-05
8.024301852499999768e+03 9.999788377083757007e-01 9.302666342343359352e-05
8.024322284220000256e+03 9.999500521908399886e-01 9.302666342343359352e-05
8.024342715849999877e+03 1.000031485917741048e+00 9.302666342343359352e-05
8.024363147670000217e+03 9.999906705599155288e-01 9.302666342343359352e-05
8.024383579389999795e+03 1.000037496269342796e+00 9.302666342343359352e-05
8.024424442839999756e+03 1.000082141553191972e+00 9.302666342343359352e-05
8.024465306279999822e+03 9.999556642313236487e-01 9.302666342343359352e-05
8.024485738010000205e+03 9.998912151749168586e-01 9.302666342343359352e-05
8.024506169729999783e+03 9.999299585274225022e-01 9.302666342343359352e-05
8.024526601450000271e+03 1.000046629599770975e+00 9.302666342343359352e-05
8.024547033269999702e+03 9.997912932380876860e-01 9.302666342343359352e-05
8.024567464890000338e+03 9.996608820510004545e-01 9.302666342343359352e-05
8.024608328430000256e+03 9.996685290073216157e-01 9.302666342343359352e-05
8.024628760059999877e+03 9.996342127389999943e-01 9.302666342343359352e-05
8.024649191880000217e+03 9.998556606494277688e-01 9.302666342343359352e-05
8.024669623599999795e+03 9.999733591333667126e-01 9.302666342343359352e-05
8.024710487039999862e+03 1.000080637083308854e+00 9.302666342343359352e-05
8.024730918760000350e+03 1.000022259898136090e+00 9.302666342343359352e-05
8.024751350380000076e+03 1.000025562989201866e+00 9.302666342343359352e-05
8.024771782200000416e+03 1.000074911710693959e+00 9.302666342343359352e-05
8.024792213919999995e+03 1.000060383504275840e+00 9.302666342343359352e-05
8.024812645529999827e+03 9.998926776508973990e-01 9.302666342343359352e-05
8.024833077350000167e+03 1.000008433568813082e+00 9.302666342343359352e-05
8.024853509069999745e+03 9.999583079877405467e-01 9.302666342343359352e-05
8.024873940790000233e+03 9.999520395206826784e-01 9.302666342343359352e-05
8.024894372509999812e+03 1.000027832441318987e+00 9.302666342343359352e-05
8.025936390079999910e+03 1.000064081971644647e+00 9.302666342343359352e-05
8.025956821789999594e+03 9.999808549691087123e-01 9.302666342343359352e-05
8.025977253400000336e+03 9.999723585090346534e-01 9.302666342343359352e-05
8.025997685209999872e+03 1.000005235091808942e+00 9.302666342343359352e-05
8.026018116919999557e+03 9.999831544534686367e-01 9.302666342343359352e-05
8.026038548520000404e+03 9.999873043833451547e-01 9.302666342343359352e-05
8.026058980329999940e+03 9.999946466263387457e-01 9.302666342343359352e-05
8.026079412039999625e+03 9.999829877750271434e-01 9.302666342343359352e-05
8.026099843639999563e+03 9.999498400702059309e-01 9.302666342343359352e-05
8.026120275450000008e+03 1.000049771608589211e+00 9.302666342343359352e-05
8.026140707159999693e+03 1.000010795456276247e+00 9.302666342343359352e-05
8.026161138759999631e+03 1.000009118993531843e+00 9.302666342343359352e-05
8.026181570570000076e+03 9.999785571745649637e-01 9.302666342343359352e-05
8.026202002279999761e+03 9.997611239833869012e-01 9.302666342343359352e-05
8.026222433979999551e+03 9.997207821603147915e-01 9.302666342343359352e-05
8.026242865690000144e+03 9.996040715973315560e-01 9.302666342343359352e-05
8.026263297389999934e+03 9.996328653713869583e-01 9.302666342343359352e-05
8.026283729099999618e+03 9.999468184645314839e-01 9.302666342343359352e-05
8.026304160800000318e+03 9.999979773078567780e-01 9.302666342343359352e-05
8.026324592510000002e+03 9.999998744675494544e-01 9.302666342343359352e-05
8.026345024209999792e+03 9.999325468079039991e-01 9.302666342343359352e-05
8.026365456020000238e+03 1.000077774843211031e+00 9.302666342343359352e-05
8.026426751130000412e+03 1.000002220139248887e+00 9.302666342343359352e-05
8.026447182730000350e+03 1.000028762886327804e+00 9.302666342343359352e-05
8.026467614539999886e+03 9.999594876718768122e-01 9.302666342343359352e-05
8.026488046139999824e+03 1.000037114492767332e+00 9.302666342343359352e-05
8.026508477850000418e+03 1.000016532050018947e+00 9.302666342343359352e-05
8.026528909650000060e+03 1.000043759988743952e+00 9.302666342343359352e-05
8.026549341249999998e+03 9.999455630609184187e-01 9.302666342343359352e-05
8.028388194099999964e+03 9.999557234961458096e-01 9.302666342343359352e-05
8.028408625879999818e+03 1.000052357248969015e+00 9.302666342343359352e-05
8.028429057469999861e+03 1.000005766810588836e+00 9.302666342343359352e-05
8.028449489159999757e+03 1.000001857228912883e+00 9.302666342343359352e-05
8.028469920950000414e+03 1.000012921262547483e+00 9.302666342343359352e-05
8.028490352529999655e+03 9.999593273011989636e-01 9.302666342343359352e-05
8.028531216010000207e+03 9.999735607093278578e-01 9.302666342343359352e-05
8.028551647690000209e+03 9.999627845303054041e-01 9.302666342343359352e-05
8.028572079380000105e+03 1.000054075876545712e+00 9.302666342343359352e-05
8.028592511060000106e+03 9.999955467151049326e-01 9.302666342343359352e-05
8.028633374430000003e+03 1.000019203794388023e+00 9.302666342343359352e-05
8.028653806119999899e+03 9.999668788883004922e-01 9.302666342343359352e-05
8.028674237799999901e+03 9.997050018333412114e-01 9.302666342343359352e-05
8.028694669489999796e+03 9.996535019839914993e-01 9.302666342343359352e-05
8.028715101179999692e+03 9.996717231176872609e-01 9.302666342343359352e-05
8.028735532859999694e+03 9.997842854686650460e-01 9.302666342343359352e-05
8.028755964539999695e+03 1.000026542336738711e+00 9.302666342343359352e-05
8.028776396229999591e+03 9.999917277353812528e-01 9.302666342343359352e-05
8.028796827809999741e+03 9.999100344337985558e-01 9.302666342343359352e-05
8.028817259600000398e+03 9.998930309627104274e-01 9.302666342343359352e-05
8.028837691280000399e+03 9.998740194636767109e-01 9.302666342343359352e-05
8.028858122859999639e+03 1.000018166566028599e+00 9.302666342343359352e-05
8.028898986330000298e+03 1.000071084755281170e+00 9.302666342343359352e-05
8.028919418010000300e+03 1.000036818327270982e+00 9.302666342343359352e-05
8.028939849700000195e+03 1.000038853709936948e+00 9.302666342343359352e-05
8.028960281380000197e+03 9.999512484767411058e-01 9.302666342343359352e-05
8.028980713160000050e+03 9.999647714166399748e-01 9.302666342343359352e-05
8.029001144750000094e+03 9.999773552993179715e-01 9.302666342343359352e-05
8.029021576430000096e+03 9.999977654403664484e-01 9.302666342343359352e-05
8.029634527029999845e+03 1.000036697250121343e+00 9.302666342343359352e-05
8.029654958609999994e+03 9.999874941485539237e-01 9.302666342343359352e-05
8.029675390289999996e+03 1.000054651914269233e+00 9.302666342343359352e-05
8.029695822059999955e+03 1.000039455357550455e+00 9.302666342343359352e-05
8.029716253640000104e+03 9.999913332947248934e-01 9.302666342343359352e-05
8.029736685320000106e+03 1.000014310793002181e+00 9.302666342343359352e-05
8.029757117099999959e+03 9.999779944622474437e-01 9.302666342343359352e-05
8.029777548670000215e+03 9.999547496824380266e-01 9.302666342343359352e-05
8.029797980450000068e+03 9.999396430549817305e-01 9.302666342343359352e-05
8.029818412130000070e+03 9.999384062930611883e-01 9.302666342343359352e-05
8.029838843700000325e+03 9.998814285069468344e-01 9.302666342343359352e-05
8.029859275480000179e+03 9.999814486796344548e-01 9.302666342343359352e-05
8.029879707150000286e+03 9.994060457922603335e-01 9.302666342343359352e-05
8.029900138830000287e+03 9.989996858611284170e-01 9.302666342343359352e-05
8.029920570510000289e+03 9.988639225505783203e-01 9.302666342343359352e-05
8.029941002180000396e+03 9.988744927375328153e-01 9.302666342343359352e-05
8.029961433860000398e+03 9.988819110382576305e-01 9.302666342343359352e-05
8.029981865529999595e+03 9.989583232968121118e-01 9.302666342343359352e-05
8.030002297209999597e+03 9.989919466335500653e-01 9.302666342343359352e-05
8.030022728879999704e+03 9.995421831881085017e-01 9.302666342343359352e-05
8.030043160559999706e+03 9.999136451628558575e-01 9.302666342343359352e-05
8.030063592229999813e+03 9.999133995480128378e-01 9.302666342343359352e-05
8.030104455679999774e+03 1.000003862240880226e+00 9.302666342343359352e-05
8.030124887259999923e+03 9.999690442174619109e-01 9.302666342343359352e-05
8.030145318930000030e+03 1.000008412787583678e+00 9.302666342343359352e-05
8.030165750610000032e+03 9.999591429679898225e-01 9.302666342343359352e-05
8.030186182280000139e+03 1.000052452514493373e+00 9.302666342343359352e-05
8.030206614050000098e+03 9.998823816408544118e-01 9.302666342343359352e-05
8.030227045630000248e+03 9.999832801182272357e-01 9.302666342343359352e-05
8.030247477300000355e+03 1.000020924383131504e+00 9.302666342343359352e-05
8.030267909070000314e+03 9.999749008873125566e-01 9.302666342343359352e-05
8.030839995870000166e+03 9.999482665069491238e-01 9.302666342343359352e-05
8.030860427640000125e+03 1.000031074745127757e+00 9.302666342343359352e-05
8.030880859210000381e+03 1.000030634110610883e+00 9.302666342343359352e-05
8.030901290879999578e+03 9.999796748538277713e-01 9.302666342343359352e-05
8.030921722639999643e+03 1.000003971788117285e+00 9.302666342343359352e-05
8.030942154209999899e+03 1.000006934042998452e+00 9.302666342343359352e-05
8.030983017649999965e+03 1.000044098516402746e+00 9.302666342343359352e-05
8.031003449220000221e+03 1.000039393617030425e+00 9.302666342343359352e-05
8.031023880990000180e+03 1.000016913757105552e+00 9.302666342343359352e-05
8.031044312650000393e+03 9.999982812845987779e-01 9.302666342343359352e-05
8.031064744219999739e+03 9.999836656942574509e-01 9.302666342343359352e-05
8.031085175989999698e+03 9.998381658004948935e-01 9.302666342343359352e-05
8.031105607659999805e+03 9.998606840896945291e-01 9.302666342343359352e-05
8.031126039230000060e+03 9.999194440408755158e-01 9.302666342343359352e-05
8.031146470990000125e+03 9.997254741225016783e-01 9.302666342343359352e-05
8.031166902660000233e+03 9.998133981941758064e-01 9.302666342343359352e-05
8.031187334229999578e+03 9.997226693080880633e-01 9.302666342343359352e-05
8.031207765989999643e+03 9.998530241840224431e-01 9.302666342343359352e-05
8.031228197659999751e+03 1.000051535618319720e+00 9.302666342343359352e-05
8.031248629230000006e+03 1.000028231706916459e+00 9.302666342343359352e-05
8.031269060990000071e+03 9.999025847161571168e-01 9.302666342343359352e-05
8.031289492660000178e+03 9.999239839939084717e-01 9.302666342343359352e-05
8.031309924330000285e+03 9.999414409955778016e-01 9.302666342343359352e-05
8.031330355989999589e+03 9.999590768580061129e-01 9.302666342343359352e-05
8.031350787659999696e+03 1.000066626847476936e+00 9.302666342343359352e-05
8.031371219319999909e+03 1.000045842421312781e+00 9.302666342343359352e-05
8.031391650990000016e+03 9.999113409294756449e-01 9.302666342343359352e-05
8.031412082660000124e+03 9.999949275021727813e-01 9.302666342343359352e-05
8.031432514420000189e+03 9.999070155742901811e-01 9.302666342343359352e-05
8.031452946090000296e+03 1.000022523265816421e+00 9.302666342343359352e-05
8.031473377649999748e+03 1.000037915101284591e+00 9.302666342343359352e-05
8.031493809419999707e+03 1.000012899423792012e+00 9.302666342343359352e-05
8.031534672650000175e+03 1.000098877503748929e+00 9.302666342343359352e-05
8.031575536080000347e+03 9.999425212231805027e-01 9.302666342343359352e-05
8.031595967639999799e+03 9.998375099319698478e-01 9.302666342343359352e-05
8.031616399399999864e+03 9.997121515820129867e-01 9.302666342343359352e-05
8.031636831069999971e+03 9.996611116640075068e-01 9.302666342343359352e-05
8.031657262630000332e+03 9.996887569510268801e-01 9.302666342343359352e-05
8.031677694400000291e+03 9.998371264426093585e-01 9.302666342343359352e-05
8.031698125959999743e+03 9.996832078992267112e-01 9.302666342343359352e-05
8.031718557619999956e+03 9.999401675494247188e-01 9.302666342343359352e-05
8.031759420950000276e+03 1.000028734562538935e+00 9.302666342343359352e-05
8.031779852609999580e+03 9.999350761535642507e-01 9.302666342343359352e-05
8.031800284380000448e+03 9.999444410846224374e-01 9.302666342343359352e-05
8.031820716039999752e+03 1.000016033595642062e+00 9.302666342343359352e-05
8.031841147699999965e+03 9.999782960463596826e-01 9.302666342343359352e-05
8.031861579370000072e+03 9.999378516591956867e-01 9.302666342343359352e-05
8.031882011030000285e+03 1.000023835681387085e+00 9.302666342343359352e-05
8.031902442689999589e+03 1.000086373229938541e+00 9.302666342343359352e-05
8.031963737779999974e+03 1.000056015955171462e+00 9.302666342343359352e-05
8.031984169340000335e+03 9.997571334879005178e-01 9.302666342343359352e-05
8.033312227409999650e+03 9.999418234904516867e-01 9.302666342343359352e-05
8.033332658960000117e+03 9.999491386454060216e-01 9.302666342343359352e-05
8.033353090720000182e+03 9.999934607895267780e-01 9.302666342343359352e-05
8.033373522369999591e+03 9.998850853178500309e-01 9.302666342343359352e-05
8.033393953920000058e+03 9.998994088574881811e-01 9.302666342343359352e-05
8.033414385680000123e+03 9.999928762569595397e-01 9.302666342343359352e-05
8.033434817330000442e+03 9.999926503254517041e-01 9.302666342343359352e-05
8.033455248879999999e+03 9.999989823101044228e-01 9.302666342343359352e-05
8.033475680640000064e+03 1.000054900962643600e+00 9.302666342343359352e-05
8.033496112290000383e+03 1.000078532654489649e+00 9.302666342343359352e-05
8.033536975600000005e+03 9.999901878025156954e-01 9.302666342343359352e-05
8.033557407250000324e+03 1.000064577750889860e+00 9.302666342343359352e-05
8.033577838799999881e+03 1.000070785322308975e+00 9.302666342343359352e-05
8.033598270559999946e+03 9.999677411298619756e-01 9.302666342343359352e-05
8.033618702210000265e+03 9.996658743809427872e-01 9.302666342343359352e-05
8.033639133859999674e+03 9.996063289922496597e-01 9.302666342343359352e-05
8.033659565509999993e+03 9.996390117788500618e-01 9.302666342343359352e-05
8.033679997170000206e+03 9.998591812155921410e-01 9.302666342343359352e-05
8.033700428819999615e+03 9.999527864313058068e-01 9.302666342343359352e-05
8.033720860469999934e+03 9.999935624703314430e-01 9.302666342343359352e-05
8.033741292120000253e+03 9.999915943353174796e-01 9.302666342343359352e-05
8.033761723870000424e+03 1.000017916101293203e+00 9.302666342343359352e-05
8.033782155519999833e+03 9.999834840638530675e-01 9.302666342343359352e-05
8.033802587080000194e+03 1.000017681129658387e+00 9.302666342343359352e-05
8.033863882030000241e+03 1.000075180172981248e+00 9.302666342343359352e-05
8.033884313780000411e+03 9.999910073425370971e-01 9.302666342343359352e-05
8.033904745329999969e+03 9.998490206958677851e-01 9.302666342343359352e-05
8.033925176980000288e+03 9.998768604786021363e-01 9.302666342343359352e-05
8.033945608729999549e+03 9.999760610334237354e-01 9.302666342343359352e-05
8.035784457099999599e+03 1.000011613541120781e+00 9.302666342343359352e-05
8.035804888839999876e+03 1.000012950277016088e+00 9.302666342343359352e-05
8.035825320490000195e+03 1.000044749553196555e+00 9.302666342343359352e-05
8.035845752029999858e+03 9.999819642990577240e-01 9.302666342343359352e-05
8.035866183770000134e+03 1.000051767898155308e+00 9.302666342343359352e-05
8.035886615409999649e+03 1.000040251854859896e+00 9.302666342343359352e-05
8.035907047149999926e+03 9.999900510157659905e-01 9.302666342343359352e-05
8.035927478700000393e+03 9.999710663293881474e-01 9.302666342343359352e-05
8.035947910339999908e+03 9.998501229445201366e-01 9.302666342343359352e-05
8.035988773619999847e+03 9.999772475144271811e-01 9.302666342343359352e-05
8.036009205260000272e+03 1.000071525670229722e+00 9.302666342343359352e-05
8.036029636899999787e+03 1.000046699793003535e+00 9.302666342343359352e-05
8.036131795109999985e+03 9.997357662419162905e-01 9.302666342343359352e-05
8.036152226750000409e+03 1.000038392287948108e+00 9.302666342343359352e-05
8.036172658389999924e+03 9.999804811161284723e-01 9.302666342343359352e-05
8.036193090030000349e+03 9.999873828473094806e-01 9.302666342343359352e-05
8.036213521769999716e+03 9.999660495431360596e-01 9.302666342343359352e-05
8.036233953310000288e+03 1.000054223237889506e+00 9.302666342343359352e-05
8.036254385049999655e+03 1.000058392812380292e+00 9.302666342343359352e-05
8.036274816690000080e+03 1.000069572314043143e+00 9.302666342343359352e-05
8.036295248229999743e+03 1.000024248412538785e+00 9.302666342343359352e-05
8.036315679970000019e+03 1.000062557568964561e+00 9.302666342343359352e-05
8.036336111610000444e+03 9.999579566602672109e-01 9.302666342343359352e-05
8.036356543150000107e+03 9.998720137003658248e-01 9.302666342343359352e-05
8.036376974890000383e+03 9.997952525878448515e-01 9.302666342343359352e-05
8.036397406529999898e+03 9.998142201460228362e-01 9.302666342343359352e-05
8.038256685729999845e+03 9.999914518700667720e-01 9.302666342343359352e-05
8.038277117259999613e+03 1.000066309133796016e+00 9.302666342343359352e-05
8.038297548999999890e+03 1.000005253260810356e+00 9.302666342343359352e-05
8.038317980630000420e+03 9.999960452227402152e-01 9.302666342343359352e-05
8.038338412359999893e+03 9.999486045449652583e-01 9.302666342343359352e-05
8.038358843889999662e+03 9.999161354449366268e-01 9.302666342343359352e-05
8.038379275530000086e+03 1.000011525373249999e+00 9.302666342343359352e-05
8.038399707259999559e+03 9.999902929853204947e-01 9.302666342343359352e-05
8.038440570429999752e+03 1.000050967166748350e+00 9.302666342343359352e-05
8.038461002160000135e+03 1.000095302882647808e+00 9.302666342343359352e-05
8.038481433689999903e+03 1.000032804008984755e+00 9.302666342343359352e-05
8.038501865320000434e+03 9.999621628324929512e-01 9.302666342343359352e-05
8.038522297059999801e+03 9.999060461622890639e-01 9.302666342343359352e-05
8.038542728690000331e+03 9.997024584587252960e-01 9.302666342343359352e-05
8.038563160220000100e+03 9.996366446809427098e-01 9.302666342343359352e-05
8.038583591949999573e+03 9.996563423248819857e-01 9.302666342343359352e-05
8.038604023589999997e+03 9.997044422638369232e-01 9.302666342343359352e-05
8.038624455119999766e+03 1.000057584829419088e+00 9.302666342343359352e-05
8.038644886850000148e+03 9.999869674609304093e-01 9.302666342343359352e-05
8.038665318479999769e+03 9.998239516304541219e-01 9.302666342343359352e-05
8.038685750210000151e+03 9.996788135774357098e-01 9.302666342343359352e-05
8.038706181749999814e+03 9.996121504179997785e-01 9.302666342343359352e-05
8.038726613380000344e+03 9.996488366919409341e-01 9.302666342343359352e-05
8.038747045109999817e+03 9.996417303629748785e-01 9.302666342343359352e-05
8.038767476639999586e+03 9.998586553048834924e-01 9.302666342343359352e-05
8.038787908270000116e+03 9.999099900655624706e-01 9.302666342343359352e-05
8.038808339999999589e+03 9.999565537309446084e-01 9.302666342343359352e-05
8.038828771540000162e+03 1.000009053610052989e+00 9.302666342343359352e-05
8.038849203169999782e+03 1.000032837871349445e+00 9.302666342343359352e-05
8.038890066429999933e+03 1.000044637623380472e+00 9.302666342343359352e-05
8.038910498059999554e+03 9.999743566463902278e-01 9.302666342343359352e-05
8.038930929690000085e+03 9.999781979631939821e-01 9.302666342343359352e-05
8.038951361329999600e+03 9.998985465648948523e-01 9.302666342343359352e-05
8.038971792960000130e+03 1.000019316409001657e+00 9.302666342343359352e-05
8.038992224589999751e+03 9.999758683513272350e-01 9.302666342343359352e-05
8.039012656220000281e+03 1.000043039022842972e+00 9.302666342343359352e-05
8.039033087949999754e+03 1.000078942738222620e+00 9.302666342343359352e-05
8.040708481839999877e+03 1.000031194986559013e+00 9.302666342343359352e-05
8.040728913470000407e+03 9.999821000023666473e-01 9.302666342343359352e-05
8.040749345000000176e+03 9.999502953089038915e-01 9.302666342343359352e-05
8.040769776719999754e+03 1.000059955433320491e+00 9.302666342343359352e-05
8.040790208350000285e+03 9.999706083562569514e-01 9.302666342343359352e-05
8.040810639880000053e+03 1.000060935651323701e+00 9.302666342343359352e-05
8.040831071610000436e+03 1.000037355864988209e+00 9.302666342343359352e-05
8.040851503230000162e+03 9.999523466171863495e-01 9.302666342343359352e-05
8.040871934859999783e+03 9.999561405564815209e-01 9.302666342343359352e-05
8.040892366490000313e+03 9.999365288804659135e-01 9.302666342343359352e-05
8.040912798119999934e+03 9.999652130491143431e-01 9.302666342343359352e-05
8.040933229739999661e+03 1.000002931920800586e+00 9.302666342343359352e-05
8.040953661370000191e+03 1.000071615715313778e+00 9.302666342343359352e-05
8.040974092999999812e+03 1.000081185302623688e+00 9.302666342343359352e-05
8.040994524720000300e+03 9.999666846354314798e-01 9.302666342343359352e-05
8.041014956250000068e+03 9.996622769204792647e-01 9.302666342343359352e-05
8.041055819610000071e+03 9.996308226794752283e-01 9.302666342343359352e-05
8.041076251229999798e+03 9.998275820824545912e-01 9.302666342343359352e-05
8.041096682759999567e+03 1.000001604585378567e+00 9.302666342343359352e-05
8.041117114489999949e+03 9.999862069168657941e-01 9.302666342343359352e-05
8.041137546009999824e+03 9.999848200002260379e-01 9.302666342343359352e-05
8.041157977640000354e+03 9.999848867616620840e-01 9.302666342343359352e-05
8.041178409369999827e+03 9.999813850904862855e-01 9.302666342343359352e-05
8.041198840889999701e+03 1.000013755223476020e+00 9.302666342343359352e-05
8.041219272520000231e+03 1.000024953658809723e+00 9.302666342343359352e-05
8.041239704249999704e+03 1.000018876828509651e+00 9.302666342343359352e-05
8.041260135769999579e+03 9.999509417385781251e-01 9.302666342343359352e-05
8.041280567499999961e+03 1.000032578762969582e+00 9.302666342343359352e-05
8.041300999129999582e+03 9.999951450618720372e-01 9.302666342343359352e-05
8.041321430650000366e+03 1.000006298183018005e+00 9.302666342343359352e-05
8.041341862379999839e+03 9.999562796521609398e-01 9.302666342343359352e-05
8.041362294010000369e+03 9.999774348807051183e-01 9.302666342343359352e-05
8.043180709080000270e+03 9.999610129411716786e-01 9.302666342343359352e-05
8.043201140709999891e+03 9.999311058392797991e-01 9.302666342343359352e-05
8.043221572239999659e+03 9.998463121927065878e-01 9.302666342343359352e-05
8.043242003960000147e+03 9.999579792299173597e-01 9.302666342343359352e-05
8.043262435579999874e+03 1.000033038177324585e+00 9.302666342343359352e-05
8.043282867109999643e+03 1.000022813115957199e+00 9.302666342343359352e-05
8.043303298830000131e+03 9.999948283097497281e-01 9.302666342343359352e-05
8.043323730359999900e+03 9.999835758305796185e-01 9.302666342343359352e-05
8.043344161979999626e+03 1.000042007580763670e+00 9.302666342343359352e-05
8.043364593710000008e+03 1.000011150148419237e+00 9.302666342343359352e-05
8.043385025229999883e+03 9.999598438028272085e-01 9.302666342343359352e-05
8.043405456960000265e+03 9.999140889434720014e-01 9.302666342343359352e-05
8.043425888579999992e+03 9.999888004504567940e-01 9.302666342343359352e-05
8.043446320209999612e+03 9.999864675848966211e-01 9.302666342343359352e-05
8.043466751830000248e+03 9.999052329730845345e-01 9.302666342343359352e-05
8.043487183459999869e+03 9.997866789570584167e-01 9.302666342343359352e-05
8.043507615079999596e+03 9.998840719287803713e-01 9.302666342343359352e-05
8.043548478329999853e+03 9.997643487922466266e-01 9.302666342343359352e-05
8.043589341679999961e+03 1.000051418638211898e+00 9.302666342343359352e-05
8.043609773209999730e+03 9.999887110413028246e-01 9.302666342343359352e-05
8.043630204830000366e+03 9.999860713238810650e-01 9.302666342343359352e-05
8.043650636559999839e+03 1.000084034186268234e+00 9.302666342343359352e-05
8.043671068079999714e+03 1.000048646019031207e+00 9.302666342343359352e-05
8.043691499810000096e+03 1.000027705912138964e+00 9.302666342343359352e-05
8.043711931429999822e+03 9.999728336598082690e-01 9.302666342343359352e-05
8.043732362959999591e+03 9.999656281199404972e-01 9.302666342343359352e-05
8.043752794680000079e+03 9.999030447622409001e-01 9.302666342343359352e-05
8.043773226309999700e+03 9.999046508061115723e-01 9.302666342343359352e-05
8.043793657829999574e+03 9.999012451319126971e-01 9.302666342343359352e-05
8.043834521179999683e+03 9.998023109492273353e-01 9.302666342343359352e-05
8.045469051480000417e+03 9.995789992788476352e-01 9.302666342343359352e-05
8.045550777989999915e+03 9.998271825959287318e-01 9.302666342343359352e-05
8.045571209609999642e+03 9.998610252678116206e-01 9.302666342343359352e-05
8.045591641340000024e+03 9.999531851130515347e-01 9.302666342343359352e-05
8.045612072859999898e+03 1.000088943348946158e+00 9.302666342343359352e-05
8.045673367739999776e+03 1.000065593588095991e+00 9.302666342343359352e-05
8.045693799470000158e+03 9.997379308318221636e-01 9.302666342343359352e-05
8.045714231089999885e+03 9.999779165637328049e-01 9.302666342343359352e-05
8.045795957489999637e+03 9.997695388458480714e-01 9.302666342343359352e-05
8.045816389220000019e+03 9.998718385038068979e-01 9.302666342343359352e-05
8.045836820849999640e+03 9.999495728280760609e-01 9.302666342343359352e-05
8.045857252370000424e+03 1.000005441547051399e+00 9.302666342343359352e-05
8.045877684099999897e+03 9.999982592133460635e-01 9.302666342343359352e-05
8.045898115719999623e+03 9.999397013809158130e-01 9.302666342343359352e-05
8.045918547450000005e+03 9.999634316577634685e-01 9.302666342343359352e-05
8.045938978979999774e+03 9.997365303896731392e-01 9.302666342343359352e-05
8.045979842329999883e+03 9.995918639459975275e-01 9.302666342343359352e-05
8.046000273849999758e+03 9.995918849145605245e-01 9.302666342343359352e-05
8.046082000360000166e+03 9.999532894682242601e-01 9.302666342343359352e-05
8.046102431979999892e+03 1.000003419491920287e+00 9.302666342343359352e-05
8.046122863610000422e+03 9.999409312268556782e-01 9.302666342343359352e-05
8.046143295339999895e+03 1.000072152124138247e+00 9.302666342343359352e-05
8.046184158490000300e+03 9.999672433896312773e-01 9.302666342343359352e-05
8.046204590209999878e+03 9.998772178335343375e-01 9.302666342343359352e-05
8.046225021840000409e+03 9.999257280673695680e-01 9.302666342343359352e-05
8.046245453370000178e+03 9.999664127870725450e-01 9.302666342343359352e-05
8.046306748250000055e+03 1.000008594680043439e+00 9.302666342343359352e-05
8.048125163620000421e+03 1.000039730755067913e+00 9.302666342343359352e-05
8.048145595250000042e+03 9.999757031152916031e-01 9.302666342343359352e-05
8.048166026879999663e+03 9.998767661721758016e-01 9.302666342343359352e-05
8.048247753399999965e+03 1.000036186136643357e+00 9.302666342343359352e-05
8.048268185029999586e+03 9.999273794006505733e-01 9.302666342343359352e-05
8.048288616660000116e+03 9.999500122997815321e-01 9.302666342343359352e-05
8.048309048389999589e+03 9.999189447194355429e-01 9.302666342343359352e-05
8.048329479920000267e+03 9.999252497400927808e-01 9.302666342343359352e-05
8.048349911549999888e+03 9.999749083568686414e-01 9.302666342343359352e-05
8.048370343280000270e+03 9.999143083336008431e-01 9.302666342343359352e-05
8.048390774810000039e+03 9.999571061840671904e-01 9.302666342343359352e-05
8.048411206439999660e+03 9.998665957387044001e-01 9.302666342343359352e-05
8.048431638170000042e+03 9.997080673645525328e-01 9.302666342343359352e-05
8.048452069699999811e+03 9.996051879046009558e-01 9.302666342343359352e-05
8.048472501430000193e+03 9.999197951179754629e-01 9.302666342343359352e-05
8.048492933059999814e+03 9.998903407890500361e-01 9.302666342343359352e-05
8.048513364589999583e+03 9.999076910731099499e-01 9.302666342343359352e-05
8.048533796319999965e+03 1.000005276682458311e+00 9.302666342343359352e-05
8.048554227949999586e+03 9.999964678838256793e-01 9.302666342343359352e-05
8.048574659480000264e+03 9.999496363123301368e-01 9.302666342343359352e-05
8.048595091209999737e+03 9.999671168725801085e-01 9.302666342343359352e-05
8.048615522840000267e+03 9.999531998434758595e-01 9.302666342343359352e-05
8.048656386110000312e+03 1.000072915585276334e+00 9.302666342343359352e-05
8.048676817739999933e+03 9.999804004210296471e-01 9.302666342343359352e-05
8.048697249470000315e+03 9.999314826430906189e-01 9.302666342343359352e-05
8.048738112629999705e+03 1.000067257942735655e+00 9.302666342343359352e-05
8.048758544360000087e+03 9.999913213608397911e-01 9.302666342343359352e-05
8.050597391700000117e+03 1.000072708127652810e+00 9.302666342343359352e-05
8.050617823339999632e+03 1.000031054326995905e+00 9.302666342343359352e-05
8.050699549990000378e+03 9.998738177087809209e-01 9.302666342343359352e-05
8.050719981520000147e+03 9.997617243532217479e-01 9.302666342343359352e-05
8.050740413260000423e+03 9.998714206002502491e-01 9.302666342343359352e-05
8.050760844899999938e+03 9.998887939844168793e-01 9.302666342343359352e-05
8.050781276540000363e+03 9.998987700047542448e-01 9.302666342343359352e-05
8.050801708169999984e+03 9.998964129881461327e-01 9.302666342343359352e-05
8.050883434719999968e+03 9.997234734136423162e-01 9.302666342343359352e-05
8.050903866460000245e+03 9.996482423586232624e-01 9.302666342343359352e-05
8.050924298099999760e+03 9.994538284638700976e-01 9.302666342343359352e-05
8.050944729640000332e+03 9.996272171547133656e-01 9.302666342343359352e-05
8.050965161279999847e+03 9.997386221978207255e-01 9.302666342343359352e-05
8.051026456290000169e+03 1.000009126229598033e+00 9.302666342343359352e-05
8.051046887829999832e+03 9.999455166111428372e-01 9.302666342343359352e-05
8.051067319470000257e+03 9.999334128695193114e-01 9.302666342343359352e-05
8.051087751209999624e+03 9.999459872538204452e-01 9.302666342343359352e-05
8.051108182750000196e+03 9.999880945368845309e-01 9.302666342343359352e-05
8.051128614479999669e+03 9.999219277074116174e-01 9.302666342343359352e-05
8.051149046120000094e+03 9.998442750211179453e-01 9.302666342343359352e-05
8.051210341039999548e+03 1.000077353036928685e+00 9.302666342343359352e-05
8.051230772580000121e+03 1.000032385154742354e+00 9.302666342343359352e-05
8.052517966309999792e+03 1.000054911760411391e+00 9.302666342343359352e-05
8.052538398059999963e+03 9.998952655691610847e-01 9.302666342343359352e-05
8.052558829700000388e+03 9.999901442314597100e-01 9.302666342343359352e-05
8.052579261349999797e+03 9.997782887826914822e-01 9.302666342343359352e-05
8.052599692990000221e+03 9.999358598498461204e-01 9.302666342343359352e-05
8.052620124639999631e+03 1.000038956370053134e+00 9.302666342343359352e-05
8.052660988030000226e+03 1.000058290879886957e+00 9.302666342343359352e-05
8.052701851220000208e+03 9.999993225098866567e-01 9.302666342343359352e-05
8.052722282959999575e+03 1.000061401182492649e+00 9.302666342343359352e-05
8.052742714510000042e+03 9.999725658449036825e-01 9.302666342343359352e-05
8.052763146260000212e+03 9.999745376722108947e-01 9.302666342343359352e-05
8.052783577899999727e+03 9.998963004213095029e-01 9.302666342343359352e-05
8.052804009450000194e+03 9.996437089304289758e-01 9.302666342343359352e-05
8.052824441189999561e+03 9.996832887117624855e-01 9.302666342343359352e-05
8.052844872839999880e+03 9.997236843556563946e-01 9.302666342343359352e-05
8.052865304390000347e+03 9.995880245529680241e-01 9.302666342343359352e-05
8.052926599319999696e+03 9.997561018682341594e-01 9.302666342343359352e-05
8.052947031069999866e+03 1.000047695694733507e+00 9.302666342343359352e-05
8.052967462720000185e+03 1.000009026713444271e+00 9.302666342343359352e-05
8.052987894459999552e+03 1.000021501914653665e+00 9.302666342343359352e-05
8.053008326010000019e+03 1.000024711289327017e+00 9.302666342343359352e-05
8.053028757660000338e+03 1.000023556504532563e+00 9.302666342343359352e-05
8.053049189409999599e+03 1.000090802287519898e+00 9.302666342343359352e-05
8.053069620950000171e+03 1.000088052276901340e+00 9.302666342343359352e-05
8.053090052599999581e+03 1.000023097099793867e+00 9.302666342343359352e-05
8.053110484249999899e+03 1.000002836043187626e+00 9.302666342343359352e-05
8.053171779289999904e+03 9.997648084962051929e-01 9.302666342343359352e-05
8.053192210840000371e+03 9.999854156346255074e-01 9.302666342343359352e-05
8.053212642589999632e+03 1.000007264235741378e+00 9.302666342343359352e-05
8.053233074230000057e+03 9.999352386395952141e-01 9.302666342343359352e-05
8.053253505779999614e+03 1.000040256543632156e+00 9.302666342343359352e-05
8.053273937529999785e+03 1.000073288321592591e+00 9.302666342343359352e-05
8.053294369180000103e+03 1.000087711305702953e+00 9.302666342343359352e-05
8.053314800729999661e+03 1.000030071650125363e+00 9.302666342343359352e-05
8.053335232479999831e+03 9.999318017069592779e-01 9.302666342343359352e-05
8.053376095669999813e+03 9.996136961540703636e-01 9.302666342343359352e-05
8.053396527419999984e+03 9.996919524179039840e-01 9.302666342343359352e-05
8.053416959070000303e+03 9.999571772355315691e-01 9.302666342343359352e-05
8.053437390819999564e+03 9.999758332973377462e-01 9.302666342343359352e-05
8.053457822370000031e+03 9.999090316378526078e-01 9.302666342343359352e-05
8.053478254020000350e+03 9.999626829418021279e-01 9.302666342343359352e-05
8.053498685769999611e+03 9.999936892544696310e-01 9.302666342343359352e-05
8.053519117320000078e+03 1.000030491551981537e+00 9.302666342343359352e-05
8.053539548970000396e+03 1.000095594219936990e+00 9.302666342343359352e-05
8.053559980719999658e+03 1.000030345165453305e+00 9.302666342343359352e-05
8.053580412270000124e+03 9.996548762086242546e-01 9.302666342343359352e-05
8.053662138970000342e+03 9.999943739137887588e-01 9.302666342343359352e-05
8.053682570619999751e+03 9.999739257598687647e-01 9.302666342343359352e-05
8.053703002270000070e+03 1.000011797167039695e+00 9.302666342343359352e-05
8.053989045379999880e+03 1.000064287287514730e+00 9.302666342343359352e-05
8.054009477139999944e+03 1.000013905595942276e+00 9.302666342343359352e-05
8.054029908690000411e+03 1.000095456388798265e+00 9.302666342343359352e-05
8.054050340339999821e+03 9.999270105016223598e-01 9.302666342343359352e-05
8.054070772089999991e+03 9.998284668031509614e-01 9.302666342343359352e-05
8.054091203650000352e+03 9.999723546932109963e-01 9.302666342343359352e-05
8.054152498600000399e+03 9.999939217371992539e-01 9.302666342343359352e-05
8.054172930359999555e+03 1.000026972934783709e+00 9.302666342343359352e-05
8.054193362009999873e+03 1.000050521887454025e+00 9.302666342343359352e-05
8.054213793660000192e+03 9.999827883667042894e-01 9.302666342343359352e-05
8.054234225320000405e+03 9.998307857275351429e-01 9.302666342343359352e-05
8.054254656969999814e+03 9.991750164604772388e-01 9.302666342343359352e-05
8.054275088620000133e+03 9.989971506245528543e-01 9.302666342343359352e-05
8.054295520280000346e+03 9.990273997645058301e-01 9.302666342343359352e-05
8.054315951929999756e+03 9.988266455812669919e-01 9.302666342343359352e-05
8.054336383679999926e+03 9.988655131981818425e-01 9.302666342343359352e-05
8.054377246889999697e+03 9.990854669513451469e-01 9.302666342343359352e-05
8.054397678649999762e+03 9.998739013746812399e-01 9.302666342343359352e-05
8.054418110300000080e+03 9.999069800417640375e-01 9.302666342343359352e-05
8.054438541860000441e+03 9.999864352566910641e-01 9.302666342343359352e-05
8.054458973609999703e+03 1.000098902720932159e+00 9.302666342343359352e-05
8.054479405260000021e+03 1.000029624001619766e+00 9.302666342343359352e-05
8.054499836820000382e+03 1.000049455179801150e+00 9.302666342343359352e-05
8.054520268569999644e+03 9.999914868738540852e-01 9.302666342343359352e-05
8.054540700130000005e+03 1.000000761239290492e+00 9.302666342343359352e-05
8.054561131880000175e+03 9.999530978865330821e-01 9.302666342343359352e-05
8.054581563540000388e+03 9.999921992606450871e-01 9.302666342343359352e-05
8.054622426850000011e+03 1.000009970076609633e+00 9.302666342343359352e-05
8.054642858510000224e+03 9.999486787047044967e-01 9.302666342343359352e-05
8.055521420109999781e+03 9.998882787802272354e-01 9.302666342343359352e-05
8.055541851670000142e+03 9.999724504690963300e-01 9.302666342343359352e-05
8.055562283330000355e+03 9.999988129479134846e-01 9.302666342343359352e-05
8.055603146659999766e+03 9.999259206119005539e-01 9.302666342343359352e-05
8.055623578319999979e+03 1.000041650444603025e+00 9.302666342343359352e-05
8.055644010080000044e+03 1.000082702744091279e+00 9.302666342343359352e-05
8.055684873399999560e+03 1.000046310886806067e+00 9.302666342343359352e-05
8.055705305059999773e+03 1.000037817167656273e+00 9.302666342343359352e-05
8.055725736630000029e+03 1.000040269814413518e+00 9.302666342343359352e-05
8.055746168390000093e+03 9.999148061314786506e-01 9.302666342343359352e-05
8.055766600050000307e+03 9.998681579336952119e-01 9.302666342343359352e-05
8.055807463379999717e+03 9.998161764879373026e-01 9.302666342343359352e-05
8.055848326700000143e+03 9.997064629172749406e-01 9.302666342343359352e-05
8.055868758360000356e+03 9.996810851611207527e-01 9.302666342343359352e-05
8.055889190029999554e+03 1.000030440967689893e+00 9.302666342343359352e-05
8.055909621689999767e+03 9.999715528033075174e-01 9.302666342343359352e-05
8.055930053349999980e+03 1.000005253999432853e+00 9.302666342343359352e-05
8.056011780009999711e+03 9.997979215169354728e-01 9.302666342343359352e-05
8.056032211769999776e+03 9.995216087558899121e-01 9.302666342343359352e-05
8.056052643340000031e+03 9.995960189535006979e-01 9.302666342343359352e-05
8.056154801759999827e+03 1.000024111590982923e+00 9.302666342343359352e-05
8.058075379289999546e+03 9.999967491063029845e-01 9.302666342343359352e-05
8.058095811070000309e+03 9.999480373241713682e-01 9.302666342343359352e-05
8.058116242649999549e+03 9.999534448335010151e-01 9.302666342343359352e-05
8.058136674329999551e+03 9.998902825051944054e-01 9.302666342343359352e-05
8.058157106110000313e+03 1.000022492644216499e+00 9.302666342343359352e-05
8.058177537689999554e+03 1.000050387508840011e+00 9.302666342343359352e-05
8.058197969369999555e+03 1.000005131448424178e+00 9.302666342343359352e-05
8.058218401150000318e+03 9.999625429968020951e-01 9.302666342343359352e-05
8.058238832830000320e+03 9.999366391357902284e-01 9.302666342343359352e-05
8.058259264409999560e+03 9.998355938939266219e-01 9.302666342343359352e-05
8.058300127870000324e+03 1.000025421146826687e+00 9.302666342343359352e-05
8.058320559550000326e+03 9.997557678154639360e-01 9.302666342343359352e-05
8.058340991230000327e+03 9.995101495292443294e-01 9.302666342343359352e-05
8.058361422910000329e+03 9.999548791826706751e-01 9.302666342343359352e-05
8.058381854690000182e+03 9.999647199612351489e-01 9.302666342343359352e-05
8.058402286270000332e+03 9.999234439446401668e-01 9.302666342343359352e-05
8.058443149730000187e+03 9.999999730569214540e-01 9.302666342343359352e-05
8.058463581310000336e+03 1.000044243034190705e+00 9.302666342343359352e-05
8.058484013000000232e+03 1.000039998474401282e+00 9.302666342343359352e-05
8.058504444780000085e+03 9.999787892145658441e-01 9.302666342343359352e-05
8.058545308140000088e+03 9.999962238729165342e-01 9.302666342343359352e-05
8.058565739820000090e+03 9.999851587280810250e-01 9.302666342343359352e-05
8.058586171410000134e+03 9.999295791788098686e-01 9.302666342343359352e-05
8.058627034770000137e+03 1.000041535413470850e+00 9.302666342343359352e-05
8.059566892660000121e+03 1.000015518765841938e+00 9.302666342343359352e-05
8.059587324350000017e+03 9.999379090620427180e-01 9.302666342343359352e-05
8.059607756139999765e+03 9.999141253718781819e-01 9.302666342343359352e-05
8.059628187729999809e+03 9.999228448881117837e-01 9.302666342343359352e-05
8.059648619419999704e+03 9.999828040775358140e-01 9.302666342343359352e-05
8.059669051210000362e+03 1.000045668774605323e+00 9.302666342343359352e-05
8.059771209569999883e+03 9.999991244465277207e-01 9.302666342343359352e-05
8.059791641359999630e+03 9.999250657035554379e-01 9.302666342343359352e-05
8.059812072959999568e+03 9.999465332637692550e-01 9.302666342343359352e-05
8.059832504750000226e+03 9.998943048487370922e-01 9.302666342343359352e-05
8.059852936440000121e+03 9.996489466372192600e-01 9.302666342343359352e-05
8.059873368139999911e+03 9.995995639859236448e-01 9.302666342343359352e-05
8.059893799829999807e+03 9.996372142741111189e-01 9.302666342343359352e-05
8.059914231519999703e+03 9.998139839678990004e-01 9.302666342343359352e-05
8.059934663220000402e+03 9.999150193425365707e-01 9.302666342343359352e-05
8.059955094910000298e+03 9.999984942877199190e-01 9.302666342343359352e-05
8.059975526600000194e+03 1.000027799173948573e+00 9.302666342343359352e-05
8.060016389989999880e+03 9.999533655289369882e-01 9.302666342343359352e-05
8.060036821689999670e+03 9.999914642235556705e-01 9.302666342343359352e-05
8.060057253379999565e+03 9.999571634789699015e-01 9.302666342343359352e-05
8.060077685080000265e+03 9.999467675847182324e-01 9.302666342343359352e-05
8.060098116770000161e+03 9.999818144401553255e-01 9.302666342343359352e-05
8.060118548569999803e+03 9.999959868921668438e-01 9.302666342343359352e-05
8.060138980159999846e+03 9.999735976811033877e-01 9.302666342343359352e-05
8.060159411859999636e+03 1.000064070622091350e+00 9.302666342343359352e-05
8.060179843650000294e+03 9.999891592131938678e-01 9.302666342343359352e-05
8.060200275250000232e+03 1.000025862845203672e+00 9.302666342343359352e-05
8.060220706940000127e+03 9.999109376354116119e-01 9.302666342343359352e-05
8.060465887409999596e+03 9.999757267937215977e-01 9.302666342343359352e-05
8.060506750909999937e+03 9.999822448768772576e-01 9.302666342343359352e-05
8.060527182609999727e+03 1.000055511866486890e+00 9.302666342343359352e-05
8.060547614209999665e+03 1.000021701579327793e+00 9.302666342343359352e-05
8.060568046000000322e+03 9.999743056416430242e-01 9.302666342343359352e-05
8.060588477700000112e+03 9.999822064881772610e-01 9.302666342343359352e-05
8.060608909300000050e+03 1.000016755927549683e+00 9.302666342343359352e-05
8.060629341099999692e+03 1.000021527346168115e+00 9.302666342343359352e-05
8.060649772800000392e+03 1.000015757736457678e+00 9.302666342343359352e-05
8.060670204400000330e+03 1.000006813285416074e+00 9.302666342343359352e-05
8.060690636199999972e+03 9.999627698939949072e-01 9.302666342343359352e-05
8.060711067899999762e+03 9.999139631418624274e-01 9.302666342343359352e-05
8.060751931310000145e+03 9.997070376051419016e-01 9.302666342343359352e-05
8.060772362910000084e+03 9.996982675284877828e-01 9.302666342343359352e-05
8.060792794709999725e+03 9.996831852085837911e-01 9.302666342343359352e-05
8.060813226410000425e+03 9.997943963811317669e-01 9.302666342343359352e-05
8.060833658010000363e+03 9.999913604215964202e-01 9.302666342343359352e-05
8.060854089810000005e+03 9.999087930667246438e-01 9.302666342343359352e-05
8.060874521509999795e+03 9.999334306901843661e-01 9.302666342343359352e-05
8.060894953320000241e+03 9.999314141843963499e-01 9.302666342343359352e-05
8.060915384920000179e+03 9.999446319947612460e-01 9.302666342343359352e-05
8.060935816619999969e+03 1.000031375890767738e+00 9.302666342343359352e-05
8.060997111730000142e+03 1.000067556926572898e+00 9.302666342343359352e-05
8.061017543529999784e+03 1.000011210683622753e+00 9.302666342343359352e-05
8.061037975139999617e+03 1.000066251369067238e+00 9.302666342343359352e-05
8.061058406840000316e+03 1.000037616500148774e+00 9.302666342343359352e-05
8.061078838639999958e+03 9.999523441990997297e-01 9.302666342343359352e-05
8.061099270349999642e+03 9.998295895782449705e-01 9.302666342343359352e-05
8.062917693180000242e+03 9.998632639752405016e-01 9.302666342343359352e-05
8.062999420070000269e+03 1.000030866269813856e+00 9.302666342343359352e-05
8.063019851789999848e+03 9.998739870977381150e-01 9.302666342343359352e-05
8.063040283620000082e+03 9.999873462094363008e-01 9.302666342343359352e-05
8.063060715239999809e+03 9.999935037770877333e-01 9.302666342343359352e-05
8.063081147060000148e+03 1.000035340860978783e+00 9.302666342343359352e-05
8.063101578789999621e+03 9.999499970015623962e-01 9.302666342343359352e-05
8.063122010410000257e+03 9.999830637679891776e-01 9.302666342343359352e-05
8.063142442229999688e+03 9.999319079472147598e-01 9.302666342343359352e-05
8.063162873960000070e+03 1.000008818708195468e+00 9.302666342343359352e-05
8.063203737410000031e+03 1.000030739564532478e+00 9.302666342343359352e-05
8.063224169129999609e+03 9.997259655000245715e-01 9.302666342343359352e-05
8.063244600959999843e+03 9.995803278020577443e-01 9.302666342343359352e-05
8.063265032579999570e+03 9.996138126522146061e-01 9.302666342343359352e-05
8.063285464309999952e+03 9.998636988159138594e-01 9.302666342343359352e-05
8.063305896130000292e+03 1.000068244616315605e+00 9.302666342343359352e-05
8.063326327759999913e+03 9.999394619386422489e-01 9.302666342343359352e-05
8.063346759490000295e+03 9.999100391940682897e-01 9.302666342343359352e-05
8.063367191309999725e+03 9.999844136829637575e-01 9.302666342343359352e-05
8.063387623040000108e+03 1.000019428109525821e+00 9.302666342343359352e-05
8.063408054669999729e+03 9.998567490797394264e-01 9.302666342343359352e-05
8.063448918220000451e+03 1.000034656928525889e+00 9.302666342343359352e-05
8.063489781670000411e+03 1.000040895130932750e+00 9.302666342343359352e-05
8.063510213300000032e+03 9.999545270343878078e-01 9.302666342343359352e-05
8.063530645130000266e+03 9.999637694453802350e-01 9.302666342343359352e-05
8.063551076859999739e+03 9.999415781916550783e-01 9.302666342343359352e-05
8.063571508490000269e+03 1.000018126288660492e+00 9.302666342343359352e-05
8.065410365460000321e+03 9.999415795977091292e-01 9.302666342343359352e-05
8.065430797310000344e+03 1.000039802490479968e+00 9.302666342343359352e-05
8.065451229059999605e+03 1.000022603804470167e+00 9.302666342343359352e-05
8.065471660709999924e+03 1.000083327135179001e+00 9.302666342343359352e-05
8.065492092550000052e+03 9.999530448032293295e-01 9.302666342343359352e-05
8.065512524210000265e+03 9.999894737573893355e-01 9.302666342343359352e-05
8.065553387809999549e+03 1.000030582773288046e+00 9.302666342343359352e-05
8.065573819459999868e+03 9.999075421146375042e-01 9.302666342343359352e-05
8.065594251309999891e+03 9.999123509740380777e-01 9.302666342343359352e-05
8.065614683060000061e+03 9.999871766094792225e-01 9.302666342343359352e-05
8.065655546560000403e+03 1.000042547322089082e+00 9.302666342343359352e-05
8.065696410069999729e+03 9.996482649562148382e-01 9.302666342343359352e-05
8.065716841819999900e+03 9.995300260914365964e-01 9.302666342343359352e-05
8.065737273570000070e+03 9.997043497660366151e-01 9.302666342343359352e-05
8.065757705420000093e+03 9.999343204057418166e-01 9.302666342343359352e-05
8.065778137180000158e+03 9.999725361758081688e-01 9.302666342343359352e-05
8.065798568829999567e+03 1.000019803428378484e+00 9.302666342343359352e-05
8.065819000679999590e+03 1.000056436627241307e+00 9.302666342343359352e-05
8.065839432439999655e+03 9.999861937560394765e-01 9.302666342343359352e-05
8.065859864089999974e+03 9.998882172622893805e-01 9.302666342343359352e-05
8.065900727700000061e+03 9.999360959352707745e-01 9.302666342343359352e-05
8.065941591210000297e+03 1.000069388315947494e+00 9.302666342343359352e-05
8.065962022959999558e+03 1.000014301706621866e+00 9.302666342343359352e-05
8.065982454820000385e+03 1.000006570327075295e+00 9.302666342343359352e-05
8.066002886479999688e+03 9.999765614302866812e-01 9.302666342343359352e-05
8.066023318229999859e+03 9.999499439778969379e-01 9.302666342343359352e-05
8.066043750089999776e+03 9.999948350374713302e-01 9.302666342343359352e-05
8.066636271119999947e+03 1.000061298194180326e+00 9.302666342343359352e-05
8.066656702989999758e+03 1.000031838522360328e+00 9.302666342343359352e-05
8.066677134749999823e+03 9.999299303556451468e-01 9.302666342343359352e-05
8.066697566419999930e+03 9.998992645192001927e-01 9.302666342343359352e-05
8.066738430039999912e+03 1.000002933653118653e+00 9.302666342343359352e-05
8.066779293569999936e+03 9.998700157179104542e-01 9.302666342343359352e-05
8.066799725339999895e+03 9.999999848299312433e-01 9.302666342343359352e-05
8.066820157209999707e+03 1.000015386939114848e+00 9.302666342343359352e-05
8.066840588869999920e+03 1.000093383267043334e+00 9.302666342343359352e-05
8.066881452499999796e+03 1.000034792464793654e+00 9.302666342343359352e-05
8.066901884169999903e+03 9.999312460888928333e-01 9.302666342343359352e-05
8.066922315939999862e+03 9.995879655406602060e-01 9.302666342343359352e-05
8.066942747699999927e+03 9.996313516741546223e-01 9.302666342343359352e-05
8.066963179469999886e+03 9.996954688600456773e-01 9.302666342343359352e-05
8.066983611339999698e+03 9.997131760808907197e-01 9.302666342343359352e-05
8.067004043109999657e+03 9.997596584568495537e-01 9.302666342343359352e-05
8.067024474769999870e+03 9.999747741123945488e-01 9.302666342343359352e-05
8.067044906639999681e+03 9.999206831974742915e-01 9.302666342343359352e-05
8.067065338409999640e+03 1.000010972849856961e+00 9.302666342343359352e-05
8.067085770079999747e+03 1.000014119302131688e+00 9.302666342343359352e-05
8.067126633720000427e+03 9.999818174574186536e-01 9.302666342343359352e-05
8.067147065389999625e+03 1.000063816616937995e+00 9.302666342343359352e-05
8.067167497260000346e+03 1.000014996299044556e+00 9.302666342343359352e-05
8.067187929030000305e+03 9.999236610968974537e-01 9.302666342343359352e-05
8.067208360900000116e+03 9.999847800641615825e-01 9.302666342343359352e-05
8.067249224340000183e+03 1.000096109754549101e+00 9.302666342343359352e-05
8.067269656209999994e+03 9.998151880655413715e-01 9.302666342343359352e-05
8.067862177689999953e+03 1.000099457624487487e+00 9.302666342343359352e-05
8.067882609569999659e+03 1.000063112048919178e+00 9.302666342343359352e-05
8.067903041350000422e+03 9.999246616108138364e-01 9.302666342343359352e-05
8.067923473130000275e+03 9.999557351939610816e-01 9.302666342343359352e-05
8.067943904910000128e+03 9.999243878049928203e-01 9.302666342343359352e-05
8.067964336689999982e+03 1.000069499002875562e+00 9.302666342343359352e-05
8.068005200249999689e+03 1.000034977615000598e+00 9.302666342343359352e-05
8.068025632030000452e+03 9.999190711615568716e-01 9.302666342343359352e-05
8.068046063910000157e+03 9.999396590814397801e-01 9.302666342343359352e-05
8.068066495690000011e+03 1.000021037475996133e+00 9.302666342343359352e-05
8.068107359249999718e+03 9.999888540231997025e-01 9.302666342343359352e-05
8.068127791040000375e+03 1.000003660415618389e+00 9.302666342343359352e-05
8.068148222720000376e+03 9.997784652383683301e-01 9.302666342343359352e-05
8.068168654600000082e+03 9.996142370703970936e-01 9.302666342343359352e-05
8.068189086379999935e+03 9.996482298339780526e-01 9.302666342343359352e-05
8.068209518169999683e+03 9.996567893850997200e-01 9.302666342343359352e-05
8.068229949950000446e+03 9.999556562776680257e-01 9.302666342343359352e-05
8.068250381730000299e+03 9.999744628469436902e-01 9.302666342343359352e-05
8.068270813520000047e+03 1.000047034889373299e+00 9.302666342343359352e-05
8.068291245299999900e+03 1.000064632907160744e+00 9.302666342343359352e-05
8.068311676989999796e+03 1.000022038618368025e+00 9.302666342343359352e-05
8.068352540660000159e+03 9.998808812298017878e-01 9.302666342343359352e-05
8.068372972340000160e+03 9.999784876702912939e-01 9.302666342343359352e-05
8.068413836009999613e+03 1.000056001648852444e+00 9.302666342343359352e-05
8.068434267900000123e+03 1.000054094468693533e+00 9.302666342343359352e-05
8.068454699590000018e+03 9.999923717115424271e-01 9.302666342343359352e-05
8.068475131369999872e+03 9.999463958577522460e-01 9.302666342343359352e-05
8.068495563260000381e+03 9.999508264013545755e-01 9.302666342343359352e-05
8.068515994950000277e+03 9.998873016194468333e-01 9.302666342343359352e-05
8.070334425609999926e+03 1.000019228384311010e+00 9.302666342343359352e-05
8.070354857430000266e+03 9.999672669650881973e-01 9.302666342343359352e-05
8.070375289239999802e+03 9.999049177415418876e-01 9.302666342343359352e-05
8.070395721050000247e+03 9.999503867677134172e-01 9.302666342343359352e-05
8.070416152869999678e+03 1.000081343186218552e+00 9.302666342343359352e-05
8.070436584680000124e+03 9.999827434434810369e-01 9.302666342343359352e-05
8.070457016489999660e+03 1.000024747882301446e+00 9.302666342343359352e-05
8.070477448310000000e+03 9.999570228182974585e-01 9.302666342343359352e-05
8.070497880220000297e+03 1.000018543504431978e+00 9.302666342343359352e-05
8.070518312039999728e+03 1.000043502167241138e+00 9.302666342343359352e-05
8.070559175669999604e+03 9.999833533817181763e-01 9.302666342343359352e-05
8.070579607480000050e+03 9.999896808636102863e-01 9.302666342343359352e-05
8.070600039199999628e+03 9.999174863354618470e-01 9.302666342343359352e-05
8.070620471109999926e+03 9.996746605704417421e-01 9.302666342343359352e-05
8.070640902930000266e+03 9.995841986304708771e-01 9.302666342343359352e-05
8.070661334849999548e+03 9.995840692800616045e-01 9.302666342343359352e-05
8.070681766560000142e+03 9.997686956795485136e-01 9.302666342343359352e-05
8.070743062020000252e+03 9.999287469152984276e-01 9.302666342343359352e-05
8.070763493839999683e+03 9.998879092592263262e-01 9.302666342343359352e-05
8.070804357469999559e+03 9.999769067815743595e-01 9.302666342343359352e-05
8.070824789289999899e+03 1.000014114337152371e+00 9.302666342343359352e-05
8.070845221210000091e+03 9.999891286818027858e-01 9.302666342343359352e-05
8.070865652929999669e+03 9.999510542296689009e-01 9.302666342343359352e-05
8.070886084849999861e+03 9.999757032197886808e-01 9.302666342343359352e-05
8.070906516670000201e+03 9.999611901141179926e-01 9.302666342343359352e-05
8.070926948489999631e+03 9.999547374292190316e-01 9.302666342343359352e-05
8.070947380309999971e+03 1.000070218159659241e+00 9.302666342343359352e-05
8.072786245930000405e+03 9.999524390590197598e-01 9.302666342343359352e-05
8.072806677780000427e+03 1.000025811294350753e+00 9.302666342343359352e-05
8.072827109529999689e+03 1.000068122301468687e+00 9.302666342343359352e-05
8.072847541479999563e+03 1.000037308990451734e+00 9.302666342343359352e-05
8.072867973329999586e+03 9.999999528414792449e-01 9.302666342343359352e-05
8.072888405079999757e+03 1.000071711317919387e+00 9.302666342343359352e-05
8.072908837029999631e+03 1.000059647521615025e+00 9.302666342343359352e-05
8.072929268879999654e+03 1.000046601887136344e+00 9.302666342343359352e-05
8.072949700729999677e+03 9.999868426499868290e-01 9.302666342343359352e-05
8.072970132579999699e+03 9.997857090968705895e-01 9.302666342343359352e-05
8.073010996379999597e+03 9.999663919927685996e-01 9.302666342343359352e-05
8.073031428139999662e+03 9.999218539072114442e-01 9.302666342343359352e-05
8.073051859989999684e+03 1.000026487635798045e+00 9.302666342343359352e-05
8.073072291839999707e+03 9.999504364899632902e-01 9.302666342343359352e-05
8.073092723689999730e+03 9.996760258451425907e-01 9.302666342343359352e-05
8.073113155650000408e+03 9.997088909619773478e-01 9.302666342343359352e-05
8.073133587399999669e+03 9.996453155728609596e-01 9.302666342343359352e-05
8.073154019259999586e+03 9.998248052333933433e-01 9.302666342343359352e-05
8.073194882959999632e+03 9.999875074912440986e-01 9.302666342343359352e-05
8.073215314819999548e+03 1.000018739862777339e+00 9.302666342343359352e-05
8.073256178530000398e+03 9.998378737252957560e-01 9.302666342343359352e-05
8.073276610390000315e+03 9.998658602332881618e-01 9.302666342343359352e-05
8.073297042340000189e+03 1.000001358145854669e+00 9.302666342343359352e-05
8.073317474100000254e+03 1.000091937699027156e+00 9.302666342343359352e-05
8.073337906060000023e+03 1.000043293281696055e+00 9.302666342343359352e-05
8.073358337910000046e+03 1.000078131091860056e+00 9.302666342343359352e-05
8.073378769769999963e+03 1.000000982693713958e+00 9.302666342343359352e-05
8.073399201629999880e+03 1.000012552683052780e+00 9.302666342343359352e-05
8.073419633489999796e+03 9.999227438989791716e-01 9.302666342343359352e-05
8.073440065349999713e+03 1.000000964387082636e+00 9.302666342343359352e-05
8.073685247770000387e+03 9.999430480506096286e-01 9.302666342343359352e-05
8.073705679540000347e+03 9.996999745070515031e-01 9.302666342343359352e-05
8.073746543360000032e+03 9.999952220133860870e-01 9.302666342343359352e-05
8.073766975129999992e+03 1.000013166985921798e+00 9.302666342343359352e-05
8.073787407089999761e+03 1.000057079537537641e+00 9.302666342343359352e-05
8.073807838959999572e+03 1.000088899226975858e+00 9.302666342343359352e-05
8.073828270820000398e+03 9.999811213904389318e-01 9.302666342343359352e-05
8.073848702690000209e+03 9.998785094674111917e-01 9.302666342343359352e-05
8.073869134550000126e+03 9.999659730437993055e-01 9.302666342343359352e-05
8.073889566419999937e+03 1.000033684600244666e+00 9.302666342343359352e-05
8.073909998279999854e+03 1.000051515543150416e+00 9.302666342343359352e-05
8.073930430149999665e+03 1.000079806162825546e+00 9.302666342343359352e-05
8.073991725750000114e+03 9.996363809669684963e-01 9.302666342343359352e-05
8.074012157719999777e+03 9.995855447119420534e-01 9.302666342343359352e-05
8.074032589589999588e+03 9.997059362188499554e-01 9.302666342343359352e-05
8.074053021359999548e+03 9.996367109899150227e-01 9.302666342343359352e-05
8.074073453320000226e+03 9.998442262935238745e-01 9.302666342343359352e-05
8.074093885190000037e+03 9.999427272202657813e-01 9.302666342343359352e-05
8.074114317059999848e+03 9.999830285952381326e-01 9.302666342343359352e-05
8.074134748929999660e+03 1.000065592530090308e+00 9.302666342343359352e-05
8.074155180800000380e+03 1.000027829383945743e+00 9.302666342343359352e-05
8.074175612770000043e+03 1.000084300871929788e+00 9.302666342343359352e-05
8.074236908390000281e+03 9.999110090839782305e-01 9.302666342343359352e-05
8.074257340160000240e+03 1.000044667632566719e+00 9.302666342343359352e-05
8.074277772030000051e+03 9.999700300801741548e-01 9.302666342343359352e-05
8.074298203999999714e+03 9.999501702875912557e-01 9.302666342343359352e-05
8.074318635769999673e+03 9.998948355509531538e-01 9.302666342343359352e-05
8.074339067750000140e+03 1.000006389471394863e+00 9.302666342343359352e-05
8.075299366360000022e+03 9.999730548304456290e-01 9.302666342343359352e-05
8.075319798249999621e+03 9.999691769996547075e-01 9.302666342343359352e-05
8.075340230239999983e+03 9.999263753136596877e-01 9.302666342343359352e-05
8.075360662029999730e+03 9.999562802197344835e-01 9.302666342343359352e-05
8.075381093920000239e+03 1.000025291053394882e+00 9.302666342343359352e-05
8.075401525909999691e+03 1.000077644580233072e+00 9.302666342343359352e-05
8.075421957700000348e+03 9.999693261262938559e-01 9.302666342343359352e-05
8.075462821580000309e+03 9.999781735227580848e-01 9.302666342343359352e-05
8.075483253370000057e+03 1.000000707744934214e+00 9.302666342343359352e-05
8.075503685259999656e+03 1.000030998096423041e+00 9.302666342343359352e-05
8.075524117259999912e+03 9.999823690174356461e-01 9.302666342343359352e-05
8.075544549049999659e+03 9.999477206120764849e-01 9.302666342343359352e-05
8.075564981040000021e+03 9.997090774115510170e-01 9.302666342343359352e-05
8.075585412940000424e+03 9.997484840486235980e-01 9.302666342343359352e-05
8.075605844730000172e+03 9.997317326161220263e-01 9.302666342343359352e-05
8.075626276719999623e+03 9.997464868485305134e-01 9.302666342343359352e-05
8.075708004310000433e+03 9.998013907456404503e-01 9.302666342343359352e-05
8.075748868100000436e+03 9.999111169692761480e-01 9.302666342343359352e-05
8.075769299999999930e+03 1.000066614158222400e+00 9.302666342343359352e-05
8.075789731890000439e+03 9.998651733126053820e-01 9.302666342343359352e-05
8.075810163789999933e+03 9.999752855846707478e-01 9.302666342343359352e-05
8.075830595690000337e+03 9.999456871066991770e-01 9.302666342343359352e-05
8.075871459480000340e+03 1.000099149394799714e+00 9.302666342343359352e-05
