    # time       flux      error   full_mod    gp*base    transit   det_flux
8209.555598   1.007264   0.000705   1.007134   1.007134   1.000000   1.000129
8209.556263   1.006767   0.000704   1.006867   1.006867   1.000000   0.999900
8209.556931   1.007128   0.000704   1.007201   1.007201   1.000000   0.999928
8209.557602   1.007728   0.000705   1.007013   1.007013   1.000000   1.000710
8209.558277   1.005616   0.000697   1.006785   1.006785   1.000000   0.998838
8209.558947   1.006977   0.000698   1.007013   1.007013   1.000000   0.999964
8209.559617   1.006313   0.000697   1.007015   1.007015   1.000000   0.999303
8209.560289   1.006909   0.000697   1.007054   1.007054   1.000000   0.999856
8209.560961   1.006984   0.000698   1.007275   1.007275   1.000000   0.999711
8209.561633   1.007273   0.000691   1.007102   1.007102   1.000000   1.000170
8209.562304   1.006937   0.000691   1.006958   1.006958   1.000000   0.999979
8209.562976   1.007632   0.000692   1.007272   1.007272   1.000000   1.000358
8209.563645   1.008532   0.000692   1.006778   1.006778   1.000000   1.001742
8209.564316   1.005976   0.000690   1.006633   1.006633   1.000000   0.999347
8209.564987   1.006963   0.000691   1.006868   1.006868   1.000000   1.000094
8209.565658   1.006085   0.000684   1.006788   1.006788   1.000000   0.999301
8209.566330   1.006458   0.000684   1.006926   1.006926   1.000000   0.999535
8209.567000   1.007194   0.000685   1.006724   1.006724   1.000000   1.000467
8209.567674   1.008580   0.000686   1.007323   1.007323   1.000000   1.001248
8209.568345   1.008403   0.000686   1.007483   1.007483   1.000000   1.000913
8209.569015   1.006670   0.000678   1.007307   1.007307   1.000000   0.999368
8209.569689   1.007301   0.000678   1.007449   1.007449   1.000000   0.999853
8209.570358   1.006980   0.000678   1.007364   1.007364   1.000000   0.999619
8209.571030   1.007620   0.000678   1.007300   1.007300   1.000000   1.000318
8209.571701   1.006361   0.000678   1.006993   1.006993   1.000000   0.999372
8209.572374   1.007428   0.000678   1.007557   1.007557   1.000000   0.999872
8209.573047   1.006022   0.000671   1.006817   1.006817   1.000000   0.999211
8209.573721   1.006175   0.000672   1.007034   1.007034   1.000000   0.999147
8209.574394   1.007220   0.000673   1.007057   1.007057   1.000000   1.000162
8209.575072   1.007781   0.000673   1.007571   1.007571   1.000000   1.000209
8209.575749   1.006533   0.000672   1.007101   1.007101   1.000000   0.999436
8209.576407   1.008181   0.000673   1.006887   1.006887   1.000000   1.001285
8209.577080   1.007724   0.000672   1.006808   1.006808   1.000000   1.000910
8209.577751   1.007394   0.000666   1.007625   1.007625   1.000000   0.999770
8209.578426   1.007778   0.000666   1.007665   1.007665   1.000000   1.000113
8209.579102   1.008065   0.000666   1.007151   1.007151   1.000000   1.000908
8209.579775   1.006749   0.000665   1.007555   1.007555   1.000000   0.999200
8209.580446   1.008161   0.000666   1.007792   1.007792   1.000000   1.000367
8209.581107   1.007758   0.000666   1.007106   1.007106   1.000000   1.000647
8209.581777   1.007888   0.000666   1.007299   1.007299   1.000000   1.000585
8209.582456   1.007936   0.000666   1.007543   1.007543   1.000000   1.000390
8209.583132   1.006894   0.000659   1.007426   1.007426   1.000000   0.999472
8209.583906   1.008765   0.000661   1.007376   1.007376   1.000000   1.001379
8209.584580   1.006713   0.000660   1.006835   1.006835   1.000000   0.999879
8209.585259   1.005062   0.000659   1.006684   1.006684   1.000000   0.998389
8209.585934   1.006784   0.000660   1.007100   1.007100   1.000000   0.999686
8209.586604   1.007314   0.000660   1.007009   1.007009   1.000000   1.000302
8209.587264   1.006081   0.000659   1.007227   1.007227   1.000000   0.998862
8209.587935   1.006796   0.000659   1.007342   1.007342   1.000000   0.999458
8209.588605   1.006478   0.000659   1.007090   1.007090   1.000000   0.999392
8209.589280   1.005981   0.000653   1.006844   1.006844   1.000000   0.999143
8209.589949   1.007376   0.000654   1.007209   1.007209   1.000000   1.000166
8209.590608   1.006501   0.000653   1.007267   1.007267   1.000000   0.999240
8209.591283   1.007983   0.000654   1.006995   1.006995   1.000000   1.000981
8209.591958   1.007447   0.000654   1.007348   1.007348   1.000000   1.000098
8209.592634   1.008403   0.000654   1.007648   1.007648   1.000000   1.000749
8209.593311   1.007691   0.000654   1.007438   1.007438   1.000000   1.000251
8209.594021   1.008001   0.000654   1.008063   1.008063   1.000000   0.999939
8209.594694   1.008245   0.000654   1.008499   1.008499   1.000000   0.999749
8209.595369   1.008173   0.000654   1.008312   1.008312   1.000000   0.999862
8209.596042   1.009648   0.000655   1.008475   1.008475   1.000000   1.001163
8209.596715   1.008038   0.000648   1.008312   1.008312   1.000000   0.999728
8209.597387   1.007594   0.000648   1.008151   1.008151   1.000000   0.999448
8209.598065   1.008785   0.000648   1.008391   1.008391   1.000000   1.000391
8209.598736   1.008909   0.000648   1.008518   1.008518   1.000000   1.000387
8209.599408   1.009442   0.000649   1.008243   1.008243   1.000000   1.001189
8209.600078   1.008337   0.000648   1.008177   1.008177   1.000000   1.000159
8209.600748   1.007315   0.000647   1.008081   1.008081   1.000000   0.999240
8209.601427   1.007651   0.000647   1.008068   1.008068   1.000000   0.999587
8209.602103   1.007260   0.000647   1.007231   1.007231   1.000000   1.000029
8209.602773   1.009765   0.000649   1.007731   1.007731   1.000000   1.002018
8209.603447   1.007708   0.000648   1.007165   1.007165   1.000000   1.000539
8209.604121   1.008580   0.000649   1.007477   1.007477   1.000000   1.001095
8209.604792   1.006455   0.000647   1.007492   1.007492   1.000000   0.998970
8209.605465   1.004894   0.000647   1.007186   1.007195   0.999991   0.997716
8209.606142   1.006431   0.000647   1.007208   1.007294   0.999914   0.999143
8209.606813   1.006135   0.000647   1.007005   1.007216   0.999791   0.998926
8209.607484   1.005797   0.000647   1.006563   1.006935   0.999631   0.998870
8209.608157   1.007971   0.000642   1.006686   1.007251   0.999440   1.000715
8209.608828   1.006057   0.000640   1.007076   1.007860   0.999222   0.998211
8209.609499   1.007774   0.000642   1.006204   1.007232   0.998980   1.000538
8209.610169   1.006086   0.000641   1.005704   1.006997   0.998716   0.999095
8209.610841   1.004661   0.000640   1.005283   1.006862   0.998432   0.997814
8209.611511   1.003181   0.000640   1.004674   1.006556   0.998131   0.996647
8209.612187   1.003662   0.000640   1.003849   1.006052   0.997811   0.997625
8209.612864   1.004222   0.000640   1.004227   1.006769   0.997475   0.997470
8209.613540   1.004996   0.000640   1.003725   1.006616   0.997127   0.998390
8209.614210   1.003417   0.000640   1.003168   1.006417   0.996771   0.997019
8209.614886   1.004251   0.000640   1.003410   1.007033   0.996402   0.997237
8209.615563   1.002238   0.000639   1.002487   1.006489   0.996024   0.995777
8209.616244   1.002531   0.000639   1.002447   1.006840   0.995637   0.995720
8209.616906   1.001590   0.000639   1.001561   1.006336   0.995256   0.995284
8209.617577   1.000511   0.000638   1.001194   1.006361   0.994866   0.994187
8209.618251   1.001855   0.000638   1.000870   1.006432   0.994474   0.995453
8209.618919   0.998958   0.000637   1.000098   1.006049   0.994084   0.992951
8209.619588   1.000610   0.000638   1.000147   1.006491   0.993697   0.994157
8209.620263   0.999384   0.000637   0.999421   1.006153   0.993310   0.993273
8209.620933   0.998895   0.000637   0.999160   1.006272   0.992932   0.992669
8209.621605   0.997847   0.000636   0.998392   1.005873   0.992563   0.992021
8209.622283   0.998237   0.000636   0.998240   1.006085   0.992203   0.992199
8209.622960   0.999710   0.000637   0.998039   1.006231   0.991859   0.993519
8209.623633   0.997469   0.000636   0.997656   1.006170   0.991538   0.991352
8209.624305   0.997052   0.000636   0.996734   1.005538   0.991244   0.991560
8209.624974   0.997445   0.000636   0.996737   1.005800   0.990989   0.991693
8209.625648   0.996629   0.000635   0.996864   1.006118   0.990803   0.990569
8209.626319   0.996836   0.000635   0.996748   1.006145   0.990661   0.990748
8209.626989   0.996046   0.000635   0.996314   1.005839   0.990530   0.990264
8209.627662   0.996063   0.000635   0.996701   1.006354   0.990407   0.989774
8209.628335   0.995479   0.000635   0.996440   1.006208   0.990292   0.989337
8209.629012   0.995385   0.000635   0.995974   1.005849   0.990182   0.989597
8209.629683   0.997284   0.000636   0.996277   1.006261   0.990079   0.991079
8209.630360   0.995041   0.000635   0.995760   1.005839   0.989979   0.989264
8209.631037   0.996808   0.000636   0.996105   1.006285   0.989884   0.990583
8209.631710   0.994930   0.000634   0.995766   1.006033   0.989794   0.988963
8209.632383   0.994166   0.000634   0.995070   1.005418   0.989707   0.988808
8209.633056   0.995818   0.000635   0.995639   1.006079   0.989624   0.989801
8209.633731   0.994996   0.000635   0.995477   1.005996   0.989543   0.989065
8209.634406   0.994819   0.000635   0.995326   1.005923   0.989465   0.988962
8209.635084   0.995493   0.000635   0.995310   1.005984   0.989390   0.989572
8209.635758   0.995778   0.000635   0.995618   1.006368   0.989318   0.989477
8209.636431   0.995280   0.000634   0.995263   1.006080   0.989248   0.989265
8209.637107   0.995214   0.000634   0.995046   1.005930   0.989181   0.989347
8209.637777   0.997270   0.000635   0.995470   1.006424   0.989116   0.990905
8209.638447   0.994106   0.000639   0.994980   1.005992   0.989053   0.988185
8209.639121   0.996236   0.000640   0.995423   1.006503   0.988992   0.989800
8209.639798   0.995613   0.000640   0.995432   1.006573   0.988932   0.989111
8209.640469   0.997116   0.000641   0.995954   1.007159   0.988875   0.990028
8209.641141   0.994628   0.000640   0.995638   1.006896   0.988819   0.987816
8209.641812   0.993579   0.000639   0.995879   1.007195   0.988765   0.986482
8209.642488   0.994992   0.000640   0.995072   1.006433   0.988712   0.988632
8209.643167   0.995137   0.000640   0.995496   1.006914   0.988660   0.988304
8209.643835   0.996789   0.000642   0.995840   1.007313   0.988611   0.989553
8209.644510   0.995197   0.000641   0.995295   1.006811   0.988562   0.988465
8209.645185   0.995700   0.000641   0.996113   1.007686   0.988515   0.988105
8209.645857   0.996669   0.000642   0.995421   1.007032   0.988469   0.989709
8209.646526   0.995552   0.000641   0.995616   1.007275   0.988425   0.988362
8209.647198   0.996846   0.000642   0.995371   1.007071   0.988382   0.989846
8209.647872   0.996070   0.000641   0.995260   1.007002   0.988340   0.989144
8209.648555   0.995256   0.000641   0.995289   1.007073   0.988298   0.988266
8209.649230   0.995855   0.000641   0.995390   1.007217   0.988258   0.988720
8209.649903   0.995286   0.000646   0.995539   1.007407   0.988219   0.987969
8209.650574   0.994514   0.000646   0.995202   1.007105   0.988182   0.987498
8209.651360   0.996432   0.000647   0.995470   1.007419   0.988139   0.989094
8209.652033   0.992725   0.000645   0.995159   1.007141   0.988103   0.985686
8209.652703   0.995687   0.000647   0.995185   1.007203   0.988068   0.988566
8209.653373   0.995767   0.000647   0.995329   1.007382   0.988035   0.988470
8209.654047   0.995554   0.000647   0.995544   1.007634   0.988002   0.988011
8209.654716   0.994301   0.000646   0.994798   1.006911   0.987970   0.987476
8209.655389   0.995820   0.000647   0.995001   1.007149   0.987938   0.988752
8209.656059   0.993975   0.000646   0.994978   1.007156   0.987908   0.986912
8209.656731   0.996613   0.000648   0.995853   1.008072   0.987878   0.988633
8209.657402   0.994353   0.000652   0.995007   1.007246   0.987850   0.987200
8209.658072   0.995596   0.000653   0.995229   1.007499   0.987822   0.988186
8209.658742   0.995172   0.000653   0.994836   1.007129   0.987794   0.988127
8209.659416   0.994982   0.000653   0.995120   1.007443   0.987768   0.987631
8209.660087   0.995078   0.000653   0.994920   1.007267   0.987742   0.987899
8209.660758   0.995016   0.000653   0.994968   1.007342   0.987716   0.987764
8209.661431   0.995176   0.000653   0.995402   1.007807   0.987692   0.987467
8209.662103   0.994017   0.000652   0.994802   1.007223   0.987668   0.986889
8209.662774   0.994355   0.000653   0.994539   1.006981   0.987645   0.987462
8209.663449   0.995317   0.000659   0.995004   1.007475   0.987622   0.987932
8209.664131   0.993666   0.000658   0.994804   1.007294   0.987600   0.986470
8209.664807   0.994657   0.000659   0.994482   1.006990   0.987578   0.987752
8209.665479   0.994692   0.000659   0.994423   1.006952   0.987558   0.987824
8209.666152   0.993630   0.000659   0.994521   1.007071   0.987537   0.986653
8209.666822   0.995690   0.000659   0.994922   1.007498   0.987518   0.988280
8209.667494   0.995684   0.000659   0.995033   1.007629   0.987499   0.988145
8209.668162   0.995074   0.000659   0.994794   1.007407   0.987481   0.987758
8209.668836   0.994007   0.000665   0.995026   1.007660   0.987463   0.986451
8209.669506   0.994733   0.000665   0.994324   1.006966   0.987445   0.987852
8209.670178   0.994006   0.000665   0.994413   1.007074   0.987429   0.987024
8209.670850   0.995177   0.000665   0.994903   1.007586   0.987412   0.987684
8209.671521   0.995077   0.000665   0.994710   1.007407   0.987397   0.987760
8209.672192   0.993724   0.000664   0.994924   1.007639   0.987381   0.986190
8209.672864   0.995859   0.000666   0.994927   1.007657   0.987367   0.988292
8209.673536   0.994627   0.000672   0.994821   1.007564   0.987352   0.987160
8209.674207   0.996060   0.000672   0.994797   1.007554   0.987339   0.988592
8209.674880   0.995049   0.000672   0.994738   1.007508   0.987326   0.987634
8209.675556   0.995210   0.000672   0.994488   1.007267   0.987313   0.988030
8209.676230   0.993220   0.000671   0.993831   1.006615   0.987300   0.986693
8209.676892   0.994204   0.000671   0.994517   1.007322   0.987289   0.986978
8209.677563   0.994978   0.000678   0.995164   1.007988   0.987277   0.987093
8209.678233   0.994991   0.000678   0.994583   1.007411   0.987267   0.987671
8209.678905   0.994920   0.000678   0.994919   1.007762   0.987256   0.987257
8209.679578   0.993569   0.000678   0.993571   1.006406   0.987246   0.987244
8209.680253   0.994491   0.000678   0.994372   1.007228   0.987237   0.987355
8209.680933   0.995083   0.000679   0.994635   1.007504   0.987228   0.987672
8209.681606   0.993623   0.000685   0.994078   1.006948   0.987219   0.986767
8209.682283   0.993802   0.000685   0.994032   1.006910   0.987211   0.986982
8209.682957   0.992565   0.000684   0.993619   1.006499   0.987203   0.986156
8209.683627   0.992930   0.000684   0.993423   1.006308   0.987196   0.986706
8209.684298   0.993529   0.000685   0.994133   1.007035   0.987189   0.986589
8209.684972   0.993832   0.000691   0.994463   1.007376   0.987182   0.986556
8209.685735   0.995073   0.000692   0.994641   1.007562   0.987175   0.987605
8209.686405   0.994670   0.000692   0.994419   1.007343   0.987170   0.987419
8209.687077   0.994123   0.000691   0.993737   1.006658   0.987165   0.987548
8209.687748   0.994397   0.000691   0.993946   1.006874   0.987160   0.987608
8209.688420   0.993400   0.000697   0.993823   1.006755   0.987156   0.986735
8209.689100   0.992926   0.000697   0.993861   1.006797   0.987152   0.986223
8209.689785   0.993874   0.000698   0.993720   1.006658   0.987148   0.987301
8209.690456   0.995374   0.000698   0.994537   1.007489   0.987145   0.987976
8209.691128   0.994772   0.000705   0.994019   1.006967   0.987142   0.987890
8209.691799   0.995139   0.000705   0.994267   1.007219   0.987140   0.988006
8209.692469   0.994642   0.000705   0.994565   1.007524   0.987138   0.987215
8209.693140   0.993942   0.000704   0.994036   1.006989   0.987137   0.987044
8209.693812   0.994113   0.000705   0.994064   1.007019   0.987136   0.987184
8209.694581   0.994124   0.000711   0.994105   1.007061   0.987135   0.987154
8209.695251   0.994289   0.000711   0.993900   1.006854   0.987135   0.987521
8209.695922   0.994062   0.000711   0.993944   1.006898   0.987135   0.987252
8209.696592   0.992778   0.000711   0.994303   1.007261   0.987135   0.985621
8209.697264   0.995473   0.000719   0.994074   1.007028   0.987136   0.988526
8209.697935   0.992840   0.000717   0.993742   1.006690   0.987138   0.986242
8209.698607   0.994624   0.000719   0.994175   1.007127   0.987140   0.987586
8209.699277   0.994421   0.000718   0.994741   1.007698   0.987142   0.986825
8209.699945   0.995642   0.000726   0.994150   1.007097   0.987144   0.988626
8209.700617   0.994174   0.000725   0.994301   1.007247   0.987147   0.987021
8209.701289   0.993934   0.000725   0.994754   1.007702   0.987151   0.986337
8209.701958   0.993113   0.000731   0.994713   1.007656   0.987155   0.985567
8209.702631   0.994486   0.000732   0.994449   1.007385   0.987159   0.987196
8209.703302   0.994361   0.000732   0.994333   1.007262   0.987164   0.987192
8209.703974   0.993525   0.000732   0.994608   1.007536   0.987169   0.986094
8209.704643   0.993884   0.000739   0.994290   1.007208   0.987174   0.986771
8209.705314   0.996364   0.000741   0.994481   1.007396   0.987180   0.989049
8209.705987   0.993851   0.000739   0.994523   1.007432   0.987186   0.986519
8209.706664   0.995228   0.000747   0.994336   1.007235   0.987193   0.988079
8209.707334   0.994008   0.000746   0.994350   1.007242   0.987200   0.986861
8209.708006   0.994564   0.000747   0.994364   1.007249   0.987208   0.987407
8209.708674   0.993299   0.000746   0.994489   1.007367   0.987216   0.986034
8209.709448   0.994827   0.000754   0.994527   1.007395   0.987226   0.987524
8209.710119   0.995448   0.000755   0.994667   1.007529   0.987234   0.988010
8209.710797   0.995566   0.000755   0.995609   1.008473   0.987244   0.987202
8209.711471   0.996316   0.000762   0.995382   1.008233   0.987254   0.988180
8209.712144   0.995614   0.000762   0.995067   1.007903   0.987264   0.987807
8209.712816   0.995165   0.000762   0.995199   1.008026   0.987275   0.987241
8209.713489   0.994731   0.000768   0.995624   1.008446   0.987286   0.986400
8209.714158   0.996357   0.000770   0.995884   1.008696   0.987298   0.987767
8209.714829   0.994713   0.000769   0.994900   1.007688   0.987310   0.987124
8209.715501   0.995002   0.000777   0.994719   1.007492   0.987323   0.987603
8209.716183   0.996954   0.000778   0.995270   1.008036   0.987336   0.989006
8209.716860   0.992971   0.000775   0.995141   1.007892   0.987350   0.985196
8209.717536   0.994187   0.000784   0.994890   1.007622   0.987364   0.986666
8209.718209   0.995283   0.000785   0.994832   1.007549   0.987379   0.987826
8209.718881   0.995359   0.000792   0.994840   1.007542   0.987394   0.987908
8209.719551   0.995359   0.000792   0.995983   1.008684   0.987409   0.986790
8209.720222   0.994714   0.000792   0.995075   1.007747   0.987425   0.987067
8209.720893   0.995471   0.000800   0.994920   1.007573   0.987442   0.987989
8209.721564   0.994493   0.000799   0.995182   1.007821   0.987459   0.986775
8209.722238   0.996641   0.000801   0.995321   1.007944   0.987477   0.988786
8209.722912   0.995901   0.000808   0.994890   1.007488   0.987495   0.988499
8209.723582   0.993016   0.000806   0.994581   1.007156   0.987514   0.985960
8209.724255   0.996152   0.000816   0.994717   1.007274   0.987534   0.988959
8209.724926   0.993986   0.000814   0.995163   1.007705   0.987554   0.986386
8209.725596   0.995540   0.000816   0.994974   1.007493   0.987574   0.988136
8209.726268   0.993120   0.000822   0.994741   1.007235   0.987595   0.985986
8209.726938   0.993700   0.000822   0.995003   1.007478   0.987617   0.986324
8209.727609   0.995136   0.000831   0.995069   1.007523   0.987640   0.987706
8209.728394   0.995761   0.000831   0.994902   1.007326   0.987667   0.988519
8209.729068   0.996627   0.000840   0.995107   1.007509   0.987691   0.989200
8209.729741   0.993893   0.000838   0.995514   1.007896   0.987715   0.986107
8209.730412   0.995247   0.000847   0.995110   1.007461   0.987740   0.987876
8209.731082   0.997432   0.000849   0.995090   1.007414   0.987766   0.990091
8209.731758   0.993852   0.000854   0.995034   1.007330   0.987793   0.986620
8209.732433   0.996509   0.000856   0.995415   1.007688   0.987820   0.988906
8209.733105   0.996928   0.000856   0.995299   1.007542   0.987849   0.989465
8209.733774   0.997837   0.000865   0.995208   1.007421   0.987877   0.990487
8209.734446   0.994260   0.000862   0.995207   1.007389   0.987907   0.986967
8209.735119   0.995732   0.000872   0.995000   1.007149   0.987937   0.988664
8209.735790   0.995723   0.000872   0.995386   1.007508   0.987968   0.988303
8209.736467   0.992301   0.000877   0.994738   1.006819   0.988001   0.985580
8209.737144   0.996368   0.000881   0.995038   1.007089   0.988034   0.989354
8209.737819   0.994605   0.000888   0.994840   1.006854   0.988068   0.987834
8209.738491   0.993490   0.000887   0.994897   1.006876   0.988103   0.986705
8209.739162   0.994429   0.000896   0.995070   1.007015   0.988138   0.987502
8209.739841   0.995296   0.000897   0.995268   1.007177   0.988175   0.988203
8209.740517   0.993715   0.000903   0.995088   1.006957   0.988213   0.986850
8209.741194   0.997110   0.000915   0.995115   1.006945   0.988252   0.990233
8209.741868   0.994450   0.000913   0.995460   1.007253   0.988292   0.987289
8209.742541   0.995631   0.000923   0.995159   1.006908   0.988333   0.988801
8209.743211   0.995570   0.000923   0.995189   1.006895   0.988374   0.988752
8209.743883   0.993705   0.000930   0.995247   1.006910   0.988417   0.986886
8209.744557   0.996279   0.000932   0.995115   1.006731   0.988462   0.989617
8209.745227   0.994531   0.000939   0.994906   1.006474   0.988507   0.988134
8209.745999   0.994274   0.000948   0.995455   1.006974   0.988561   0.987388
8209.746675   0.993219   0.000947   0.995403   1.006872   0.988609   0.986440
8209.747350   0.993691   0.000957   0.995429   1.006847   0.988659   0.986933
8209.748023   0.992837   0.000955   0.995885   1.007256   0.988710   0.985684
8209.748692   0.994444   0.000966   0.996000   1.007320   0.988762   0.987217
8209.749366   0.996707   0.000977   0.995965   1.007229   0.988817   0.989554
8209.750038   0.996826   0.000978   0.995858   1.007064   0.988872   0.989833
8209.750710   0.996615   0.000986   0.996664   1.007821   0.988930   0.988881
8209.751382   0.998236   0.000997   0.996696   1.007793   0.988989   0.990517
8209.752056   0.997604   0.000996   0.996140   1.007168   0.989050   0.990504
8209.752728   0.996690   0.001005   0.996356   1.007322   0.989113   0.989445
8209.753398   0.999239   0.001016   0.996220   1.007119   0.989178   0.992176
8209.754068   0.997575   0.001015   0.996652   1.007488   0.989245   0.990161
8209.754739   0.994239   0.001021   0.996548   1.007312   0.989314   0.987022
8209.755411   0.997209   0.001033   0.996616   1.007307   0.989386   0.989975
8209.756096   0.996617   0.001032   0.996831   1.007448   0.989462   0.989249
8209.756773   0.999816   0.001045   0.997412   1.007956   0.989540   0.991925
8209.757453   0.995943   0.001051   0.997013   1.007470   0.989621   0.988559
8209.758132   0.996999   0.001061   0.997100   1.007472   0.989705   0.989605
8209.758800   1.000057   0.001065   0.997324   1.007611   0.989791   0.992503
8209.759472   0.996946   0.001071   0.997063   1.007255   0.989881   0.989765
8209.760145   0.997604   0.001081   0.997035   1.007131   0.989976   0.990540
8209.760822   0.998019   0.001091   0.997677   1.007678   0.990075   0.990414
8209.761494   0.997837   0.001091   0.997403   1.007296   0.990178   0.990610
8209.762166   0.997380   0.001101   0.997259   1.007040   0.990287   0.990407
8209.762844   0.996647   0.001109   0.997392   1.007057   0.990403   0.989663
8209.763522   0.999672   0.001123   0.997404   1.006944   0.990526   0.992779
8209.764191   0.997870   0.001131   0.997670   1.007080   0.990656   0.990855
8209.764862   0.993825   0.001136   0.997339   1.006602   0.990798   0.987307
8209.765534   0.999469   0.001143   0.998100   1.007184   0.990981   0.992340
8209.766205   0.999387   0.001152   0.998432   1.007261   0.991235   0.992183
8209.766878   0.996785   0.001159   0.998742   1.007276   0.991528   0.989585
8209.767553   0.999630   0.001173   0.998809   1.007016   0.991850   0.992665
8209.768228   0.996346   0.001179   0.999018   1.006880   0.992192   0.989538
8209.768902   1.003372   0.001198   0.999258   1.006758   0.992550   0.996636
8209.769580   1.001285   0.001206   0.999527   1.006652   0.992922   0.994668
8209.770256   0.999030   0.001213   0.999904   1.006646   0.993303   0.992434
8209.770928   0.995505   0.001219   1.000254   1.006608   0.993687   0.988970
8209.771598   1.001611   0.001238   1.000575   1.006538   0.994076   0.995105
8209.772274   1.000663   0.001247   1.000728   1.006293   0.994469   0.994405
8209.772951   1.002928   0.001260   1.001243   1.006412   0.994864   0.996539
8209.773624   1.001221   0.001269   1.001653   1.006429   0.995255   0.994825
8209.774295   1.002694   0.001281   1.002119   1.006506   0.995641   0.996213
8209.774974   1.000262   0.001289   1.002382   1.006381   0.996027   0.993920
8209.775651   1.003141   0.001304   1.002510   1.006128   0.996405   0.997032
8209.776321   0.999534   0.001310   1.002853   1.006102   0.996771   0.993472
8209.776993   1.002867   0.001325   1.003447   1.006338   0.997128   0.996551
8209.777662   1.004321   0.001338   1.003852   1.006396   0.997472   0.997939
8209.778336   1.004848   0.001350   1.003910   1.006117   0.997806   0.998739
8209.779006   1.003747   0.001360   1.004363   1.006251   0.998124   0.997511
8209.779675   1.000837   0.001367   1.004770   1.006355   0.998425   0.994517
8209.780352   1.001728   0.001391   1.004956   1.006252   0.998712   0.995504
8209.781027   1.006763   0.001409   1.005318   1.006347   0.998977   1.000413
8209.781711   1.004147   0.001417   1.005475   1.006256   0.999224   0.997904
8209.782374   1.008349   0.001434   1.005619   1.006183   0.999439   1.002153
8209.783051   1.006421   0.001443   1.005800   1.006171   0.999632   1.000249
8209.783728   1.000325   0.001457   1.006180   1.006389   0.999792   0.993975
8209.784398   1.006091   0.001478   1.006154   1.006239   0.999915   0.999853
8209.785070   1.006331   0.001489   1.006384   1.006393   0.999992   0.999939
8209.785743   1.007197   0.001503   1.006313   1.006313   1.000000   1.000879
8209.786505   1.011186   0.001533   1.006525   1.006525   1.000000   1.004631
8209.787176   1.007114   0.001538   1.006669   1.006669   1.000000   1.000442
8209.787846   1.007491   0.001563   1.006456   1.006456   1.000000   1.001029
8209.788518   1.007271   0.001575   1.006504   1.006504   1.000000   1.000763
8209.789204   1.006584   0.001586   1.006395   1.006395   1.000000   1.000188
8209.789868   1.006551   0.001610   1.006533   1.006533   1.000000   1.000018
8209.790546   1.007899   0.001625   1.006945   1.006945   1.000000   1.000947
8209.791215   1.007102   0.001648   1.006690   1.006690   1.000000   1.000410
8209.791887   1.007258   0.001661   1.006659   1.006659   1.000000   1.000595
8209.792559   1.005987   0.001684   1.006402   1.006402   1.000000   0.999588
8209.793239   1.008684   0.001701   1.006309   1.006309   1.000000   1.002360
8209.793913   1.006575   0.001722   1.006750   1.006750   1.000000   0.999826
8209.794586   1.006454   0.001748   1.006481   1.006481   1.000000   0.999973
8209.795255   1.008380   0.001764   1.006553   1.006553   1.000000   1.001815
8209.795928   1.008327   0.001790   1.006465   1.006465   1.000000   1.001850
8209.796599   1.005409   0.001811   1.006461   1.006461   1.000000   0.998955
8209.797272   1.007640   0.001828   1.006370   1.006370   1.000000   1.001262
8209.797944   1.003665   0.001847   1.006618   1.006618   1.000000   0.997066
8209.798631   1.007131   0.001880   1.006284   1.006284   1.000000   1.000842
8209.799305   1.007197   0.001906   1.006067   1.006067   1.000000   1.001123
8209.799979   1.002812   0.001925   1.005747   1.005747   1.000000   0.997081
8209.800650   1.006508   0.001959   1.005688   1.005688   1.000000   1.000816
8209.801322   1.003821   0.001967   1.005982   1.005982   1.000000   0.997852
8209.801994   1.004195   0.001995   1.005896   1.005896   1.000000   0.998309
8209.802765   1.011259   0.002051   1.005983   1.005983   1.000000   1.005245
8209.803437   1.009119   0.002075   1.005527   1.005527   1.000000   1.003572
8209.804118   1.003623   0.002091   1.005400   1.005400   1.000000   0.998233
8209.804794   1.005150   0.002122   1.005520   1.005520   1.000000   0.999632
8209.805465   1.009207   0.002159   1.005817   1.005817   1.000000   1.003371
8209.806138   1.005909   0.002181   1.005800   1.005800   1.000000   1.000109
8209.806808   1.000199   0.002197   1.005287   1.005287   1.000000   0.994939
8209.807482   1.006465   0.002254   1.005113   1.005113   1.000000   1.001345
8209.808166   1.004537   0.002279   1.005343   1.005343   1.000000   0.999199
8209.808844   1.001930   0.002302   1.005198   1.005198   1.000000   0.996749
8209.809516   1.006089   0.002356   1.005107   1.005107   1.000000   1.000977
8209.810192   1.000808   0.002373   1.004690   1.004690   1.000000   0.996136
8209.810875   1.002028   0.002421   1.004671   1.004671   1.000000   0.997369
8209.811548   1.009661   0.002469   1.004688   1.004688   1.000000   1.004950
8209.812221   1.004756   0.002503   1.004542   1.004542   1.000000   1.000213
8209.812894   1.002098   0.002542   1.004450   1.004450   1.000000   0.997659
8209.813568   1.003419   0.002576   1.004047   1.004047   1.000000   0.999374
8209.814243   1.003192   0.002623   1.004011   1.004011   1.000000   0.999184
8209.814929   1.002781   0.002668   1.003984   1.003984   1.000000   0.998802
8209.815925   1.004265   0.002736   1.003424   1.003424   1.000000   1.000838
8209.816599   1.004768   0.002785   1.003425   1.003425   1.000000   1.001338
8209.817272   1.004966   0.002834   1.003055   1.003055   1.000000   1.001905
8209.817946   1.002822   0.002876   1.003242   1.003242   1.000000   0.999582
8209.818622   1.003577   0.002944   1.002961   1.002961   1.000000   1.000614
8209.819305   1.001185   0.002986   1.002987   1.002987   1.000000   0.998203
8209.819976   1.006335   0.003051   1.003029   1.003029   1.000000   1.003296
