#Time	RV	RVerr	BIS	FWHM	logRHK	FWHMerr	BISerr	logRHKerr
2210.702206	81728.43	0.27	-67.75	6674.93	-5.15	0.55	0.55	0.0
2271.610597000001	81725.24	0.31	-69.8	6679.71	-5.29	0.62	0.62	0.0
2292.636622	81726.03	0.32	-67.02	6678.49	-5.34	0.63	0.63	0.0
2297.5434060000007	81723.08	0.25	-65.01	6674.31	-5.22	0.5	0.5	0.0
2308.586832000001	81728.94	0.38	-66.62	6676.01	-5.38	0.77	0.77	0.0
2311.5247990000007	81727.62	0.37	-66.85	6680.99	-5.29	0.74	0.74	0.0
2314.5039780000006	81731.62	0.41	-65.49	6678.74	-5.34	0.81	0.81	0.0
2316.5388239999993	81733.79	0.49	-65.67	6673.21	-5.46	0.99	0.99	0.0
2319.526314999999	81734.2	0.3	-65.43	6674.49	-5.25	0.6	0.6	0.0
2322.537378000001	81724.98	0.37	-68.36	6672.55	-5.31	0.73	0.73	0.0
2323.4629700000005	81723.33	0.39	-65.95	6676.22	-5.34	0.79	0.79	0.0
2325.500282000001	81727.66	0.45	-66.57	6670.68	-5.34	0.91	0.91	0.0
2333.4861340000007	81736.81	0.43	-67.13	6682.57	-5.31	0.85	0.85	0.0
2459.8649860000005	81729.04	0.33	-63.62	6695.25	-5.2	0.67	0.67	0.0
2461.8935820000006	81733.35	0.3	-59.97	6691.33	-5.14	0.6	0.6	0.0
2464.8205780000008	81732.78	0.42	-60.58	6685.37	-5.3	0.84	0.84	0.0
2466.8771639999995	81732.89	0.26	-61.62	6679.74	-5.21	0.52	0.52	0.0
2471.8736320000007	81727.38	0.31	-67.83	6676.67	-5.24	0.63	0.63	0.0
2491.819141	81730.93	0.33	-68.48	6679.05	-5.19	0.65	0.65	0.0
2493.8677559999996	81736.29	0.5	-67.38	6684.76	-5.37	1.0	1.0	0.0
2496.759	81732.75	0.54	-62.76	6689.72	-5.43	1.09	1.09	0.0
2509.7029199999997	81726.17	0.36	-67.23	6680.48	-5.18	0.72	0.72	0.0
2514.7575579999993	81725.6	0.4	-65.9	6670.68	-5.22	0.81	0.81	0.0
2516.8460219999997	81725.83	0.26	-68.41	6674.79	-5.18	0.52	0.52	0.0
2522.788552	81726.88	0.23	-66.42	6677.84	-5.16	0.46	0.46	0.0
2529.7668840000006	81723.33	0.29	-66.4	6676.66	-5.2	0.58	0.58	0.0
2531.7833339999997	81733.24	0.31	-67.01	6676.43	-5.21	0.62	0.62	0.0
2533.799604	81730.25	0.22	-66.46	6681.51	-5.11	0.45	0.45	0.0
2536.660099999999	81729.13	0.35	-64.53	6682.03	-5.21	0.7	0.7	0.0
2538.6708259999996	81730.69	0.55	-63.55	6684.61	-5.22	1.1	1.1	0.0
2563.6553139999996	81733.25	0.27	-64.86	6673.6	-5.19	0.55	0.55	0.0
2575.6736610000007	81729.39	0.34	-65.3	6675.02	-5.13	0.67	0.67	0.0
2577.7268289999993	81734.23	0.27	-66.1	6673.65	-5.2	0.54	0.54	0.0
2579.6066379999993	81723.26	0.23	-66.75	6676.5	-5.2	0.45	0.45	0.0
2580.6366949999992	81724.01	0.42	-66.96	6672.95	-5.29	0.83	0.83	0.0
2582.596259	81724.62	0.29	-64.55	6673.58	-5.16	0.57	0.57	0.0
2584.574903999999	81728.62	0.26	-66.65	6671.79	-5.19	0.53	0.53	0.0
2586.5456780000004	81724.82	0.27	-65.77	6674.32	-5.17	0.54	0.54	0.0
2588.5504789999995	81730.38	0.35	-67.02	6672.88	-5.16	0.7	0.7	0.0
2590.692902999999	81727.38	0.35	-67.06	6670.57	-5.16	0.7	0.7	0.0
2592.6422270000003	81725.67	0.28	-67.36	6671.58	-5.22	0.56	0.56	0.0
2595.6001209999995	81728.65	0.23	-69.01	6672.27	-5.22	0.47	0.47	0.0
2597.5518979999997	81725.48	0.29	-67.87	6669.92	-5.25	0.57	0.57	0.0
2600.662966	81727.07	0.33	-69.33	6670.65	-5.29	0.66	0.66	0.0
2603.5984119999994	81730.6	0.49	-67.4	6669.48	-5.34	0.98	0.98	0.0
2606.6248319999995	81727.23	0.31	-67.78	6675.2	-5.25	0.63	0.63	0.0
2607.6250440000003	81724.58	0.28	-68.3	6674.22	-5.2	0.56	0.56	0.0
2611.5656629999994	81725.85	0.25	-64.67	6675.23	-5.13	0.49	0.49	0.0
2612.549153	81728.05	0.37	-66.7	6679.25	-5.12	0.73	0.73	0.0
2613.652209	81731.31	0.34	-66.49	6676.01	-5.17	0.67	0.67	0.0
2614.5964920000006	81729.53	0.33	-65.57	6676.97	-5.21	0.67	0.67	0.0
2615.5965209999995	81732.92	0.25	-64.44	6677.61	-5.19	0.5	0.5	0.0
2616.5471469999993	81734.14	0.29	-65.61	6673.56	-5.21	0.57	0.57	0.0
2617.624635	81729.65	0.27	-65.12	6672.39	-5.21	0.54	0.54	0.0
2618.5820029999995	81725.46	0.3	-65.28	6676.58	-5.24	0.6	0.6	0.0
2619.547977	81727.04	0.36	-64.9	6674.64	-5.26	0.71	0.71	0.0
2620.6035190000002	81728.22	0.29	-66.24	6668.16	-5.14	0.57	0.57	0.0
2622.700868	81724.29	0.64	-70.72	6679.09	-5.14	1.28	1.28	0.0
2623.5400339999997	81727.0	0.28	-67.64	6671.53	-5.18	0.56	0.56	0.0
2624.581316	81724.43	0.24	-67.22	6671.47	-5.19	0.49	0.49	0.0
2625.5698890000003	81721.72	0.24	-68.67	6671.2	-5.16	0.48	0.48	0.0
2626.613695	81725.81	0.38	-68.68	6668.95	-5.19	0.76	0.76	0.0
2627.5360120000005	81729.76	0.33	-67.82	6670.44	-5.17	0.65	0.65	0.0
2635.549347	81727.38	0.27	-65.97	6675.11	-5.19	0.54	0.54	0.0
2648.5200449999993	81730.23	0.43	-68.06	6671.02	-5.43	0.86	0.86	0.0
2650.528840000001	81722.07	0.4	-66.46	6672.41	-5.37	0.8	0.8	0.0
2652.5493559999995	81728.62	0.33	-67.48	6674.25	-5.32	0.67	0.67	0.0
2658.5526229999996	81730.69	0.42	-65.78	6668.66	-5.55	0.83	0.83	0.0
2660.5883219999996	81729.33	0.34	-66.48	6667.72	-5.17	0.68	0.68	0.0
2662.5772620000007	81727.48	0.3	-67.01	6665.08	-5.24	0.6	0.6	0.0
