#time			flux		fluxerr		x			y		roll		contam			bg			smear
2256.10335972 1.00018469 0.00032590 0.13110520 0.74512378 359.09603982 -0.17319010 0.00001552 0.00114380
2256.10405451 1.00074985 0.00032599 0.44840571 0.32480261 355.68653748 -0.27796351 0.00001529 0.00151941
2256.10474930 1.00006030 0.00032588 0.09631824 -0.01016072 352.28634325 -0.13821981 0.00001545 0.00109091
2256.10544409 1.00076381 0.00032600 0.10821505 -0.42957183 348.89161645 -0.13854935 0.00001538 0.00117889
2256.10613889 0.99992266 0.00032586 0.03017956 -0.49317436 345.49860540 -0.18972141 0.00001563 0.00134533
2256.10683368 0.99907476 0.00032572 -0.25177554 -0.45067768 342.10353985 -0.20297657 0.00001584 0.00134196
2256.10752848 0.99956964 0.00032580 -0.23221932 -0.40075030 338.70271727 -0.16797791 0.00001581 0.00130382
2256.10822327 0.99994712 0.00032586 -0.32586030 -0.13891153 335.29237185 -0.15295106 0.00001641 0.00127429
2256.10891806 0.99947400 0.00032579 -0.02016957 -0.13964488 331.86891833 -0.10788628 0.00001541 0.00106910
2256.10961285 1.00005342 0.00032588 0.01883178 -0.12572933 328.42901535 -0.14086816 0.00001557 0.00114686
2256.11030764 0.99968742 0.00032582 -0.03410072 -0.21957533 324.96925544 -0.16972782 0.00001553 0.00126558
2256.11100244 0.99963665 0.00032581 0.22676617 -0.19365605 321.48658916 -0.27844168 0.00001565 0.00165710
2256.11169723 0.99914144 0.00032573 -0.21748694 -0.19588635 317.97847058 -0.16015146 0.00001572 0.00130610
2256.11239203 0.99953922 0.00032580 -0.24876471 -0.11055638 314.44217953 -0.04895516 0.00001586 0.00085486
2256.11308682 0.99961507 0.00032581 -0.45375057 -0.42539633 310.87578774 -0.13867979 0.00001610 0.00119749
2256.11378161 0.99975140 0.00032583 -0.77686781 -0.54836416 307.27752374 -0.06429402 0.00001676 0.00099897
2256.11517119 0.99914450 0.00032573 -0.37899075 -0.59068976 299.98136227 -0.10558161 0.00001692 0.00108108
2256.11586599 0.99917307 0.00032574 -0.57885390 -0.67640473 296.28261427 -0.17959093 0.00001938 0.00144549
2256.11656078 0.99974971 0.00032583 -0.46569721 -0.51296970 292.55036110 -0.10523058 0.00002248 0.00116471
2256.11725558 0.99998661 0.00032587 -0.37740892 -0.80308334 288.78571883 -0.07371591 0.00002797 0.00102848
2256.11795037 0.99902640 0.00032571 -0.00016992 -0.72635388 284.99037556 -0.10695756 0.00003208 0.00112069
2256.11864515 1.00002196 0.00032587 0.31936923 -0.56105501 281.16680685 -0.11672456 0.00003210 0.00107520
2256.14018374 1.00001782 0.00032587 0.12561229 0.38079378 167.14834732 -0.05949533 0.00004151 0.00085504
2256.14087853 0.99978996 0.00032584 0.08298675 0.23978452 163.78114191 -0.02654084 0.00003345 0.00073714
2256.14157333 0.99993371 0.00032586 0.13065748 0.00530719 160.40921889 0.02862521 0.00002871 0.00055298
2256.14226811 0.99904388 0.00032572 0.19963173 0.07622155 157.02894032 -0.07278301 0.00002600 0.00083045
2256.14296290 0.99920168 0.00032574 0.18059337 0.01466251 153.63636030 -0.04462955 0.00002420 0.00076523
2256.14365770 0.99971202 0.00032582 0.03253532 0.33221673 150.22819403 -0.05010053 0.00002238 0.00081584
2256.14435249 0.99991160 0.00032586 0.14629228 0.48859077 146.80085451 -0.16492270 0.00002077 0.00124388
2256.14504729 0.99960206 0.00032581 -0.09989876 -0.00080470 143.35130115 0.04236796 0.00001980 0.00056751
2256.14574208 0.99919527 0.00032574 0.29257638 -0.43228891 139.87633909 -0.09331963 0.00001874 0.00106730
2256.14643688 0.99897566 0.00032570 0.21878568 -0.13455006 136.37345082 -0.15602291 0.00001787 0.00128367
2256.14713166 1.00006634 0.00032588 0.42341943 -0.54542587 132.84032781 -0.16660343 0.00001721 0.00130958
2256.14782645 0.99985432 0.00032585 0.24724141 -0.04652804 129.27487252 -0.09497127 0.00001683 0.00105333
2256.14852125 0.99966659 0.00032582 -0.08336885 0.31457999 125.67538886 -0.01763848 0.00001650 0.00067622
2256.14921604 1.00001289 0.00032587 -0.37155153 -0.12804962 122.04101062 -0.06528609 0.00001618 0.00098983
2256.14991084 0.99974328 0.00032583 0.66910313 0.89711278 118.37121319 -0.17351598 0.00001607 0.00118008
2256.15060563 1.00044107 0.00032594 0.37641881 0.49593124 114.66586948 -0.23518885 0.00001592 0.00147937
2256.15130043 0.99972249 0.00032583 0.35461218 0.02878855 110.92559750 -0.08338865 0.00001606 0.00090544
2256.15199521 1.00052500 0.00032596 0.93519990 0.09675065 107.15179572 0.05698291 0.00001585 0.00049509
2256.15269000 1.00014335 0.00032589 0.98365153 0.51441862 103.34620295 -0.18729986 0.00001599 0.00133084
2256.15338480 0.99995427 0.00032586 0.33352038 0.41932543 99.51122549 -0.22200600 0.00001586 0.00135609
2256.15407959 1.00055971 0.00032596 0.43058765 0.22109827 95.64996102 -0.06557315 0.00001570 0.00072648
2256.15477439 1.00043164 0.00032594 0.76544365 0.61520288 91.76604224 -0.17593284 0.00001570 0.00125224
2256.15546918 0.99988771 0.00032585 0.59765851 0.02722707 87.86365952 -0.12085900 0.00001554 0.00104552
2256.15616397 0.99987062 0.00032585 -0.37605777 -0.35862205 83.94737107 -0.28541667 0.00001552 0.00167274
2256.15685876 0.99919440 0.00032574 -0.26781800 -0.03259680 80.02194014 -0.13626171 0.00001569 0.00116261
2256.15755355 1.00047690 0.00032595 -0.14421959 -0.07842265 76.09234668 -0.08840007 0.00001545 0.00099168
2256.15824835 1.00019365 0.00032590 -0.27460663 -0.14983070 72.16376145 -0.15806177 0.00001546 0.00124909
2256.15894314 1.00021290 0.00032591 -0.10418175 0.31346789 68.24129766 -0.09893947 0.00001511 0.00094203
2256.15963794 0.99978570 0.00032584 -0.54117819 0.46941159 64.32991630 -0.13185178 0.00001528 0.00114071
2256.16033273 0.99986389 0.00032585 -0.29546443 0.42333090 60.43422274 -0.24808932 0.00001508 0.00153201
2256.16102752 0.99993360 0.00032586 -0.65607998 0.26578535 56.55847766 -0.11717492 0.00001544 0.00118227
2256.16172231 0.99953915 0.00032580 -0.38911788 0.00446079 52.70663808 -0.03721121 0.00001562 0.00085891
2256.16241710 1.00001360 0.00032587 -0.61970334 0.34577806 48.88187937 -0.11770606 0.00001539 0.00112541
2256.16311190 0.99933839 0.00032576 -0.43687622 0.28068727 45.08681742 -0.03736864 0.00001545 0.00075894
2256.16380669 0.99993414 0.00032586 -0.61219650 0.13692399 41.32381538 -0.15450647 0.00001537 0.00120818
2256.16450149 1.00050711 0.00032595 -0.49445589 -0.11863602 37.59406267 -0.18379262 0.00001530 0.00141964
2256.16519628 0.99998562 0.00032587 0.48863754 -0.22854292 33.89855429 -0.21378409 0.00001553 0.00145217
2256.16589107 0.99951608 0.00032579 -0.18103650 -0.26455926 30.23755732 -0.13999254 0.00001542 0.00129553
2256.16658586 0.99989270 0.00032585 -0.13755680 0.44165355 26.61067760 -0.22519859 0.00001562 0.00144428
2256.16728065 0.99964804 0.00032581 -0.25234116 0.58801151 23.01724562 -0.15866792 0.00001539 0.00119887
2256.16797545 0.99979084 0.00032584 0.33644938 0.15335705 19.45494651 -0.09890138 0.00001524 0.00094557
2256.16867024 1.00015123 0.00032590 0.22441473 0.11846052 15.92270374 -0.13366326 0.00001549 0.00109616
2256.16936503 1.00050055 0.00032595 -0.62174613 -0.06588945 12.41871678 -0.02848131 0.00001545 0.00088226
2256.17005983 1.00018948 0.00032590 -0.73486343 -0.02962361 8.93994083 -0.09202607 0.00001540 0.00110596
2256.17075462 1.00008159 0.00032588 -0.37594052 0.05283129 5.48322842 -0.08417207 0.00001531 0.00102556
2256.17144942 1.00009430 0.00032589 -0.68615614 0.31362546 2.04543927 -0.01775429 0.00001542 0.00072264
2256.17214420 1.00089223 0.00032602 -0.32460208 0.56144906 358.62348341 -0.25486353 0.00001530 0.00165913
2256.17283900 1.00037053 0.00032593 0.13420806 0.37566893 355.21398168 -0.21787143 0.00001543 0.00136329
2256.17353379 0.99996196 0.00032586 -0.35051283 -0.29705746 351.81328711 -0.21654486 0.00001576 0.00156306
2256.17422858 1.00048608 0.00032595 -0.01559387 -0.55679948 348.41759096 -0.11022492 0.00001555 0.00111880
2256.17492338 1.00052662 0.00032596 0.15640687 -0.32199329 345.02309130 -0.15484912 0.00001563 0.00133259
2256.17561817 1.00027525 0.00032592 -0.12677640 -0.19358994 341.62597943 -0.02424150 0.00001546 0.00090639
2256.17631297 1.00025861 0.00032591 -0.04115181 -0.38407281 338.22247821 0.01160876 0.00001546 0.00074443
2256.17700775 0.99981002 0.00032584 -0.03430539 -0.19332135 334.80911361 -0.04324139 0.00001564 0.00095515
2256.17770255 0.99969077 0.00032582 0.17184600 0.00763398 331.38239388 -0.04461769 0.00001548 0.00089644
2256.17839734 1.00002893 0.00032588 0.08670703 0.10138461 327.93899398 -0.12369237 0.00001559 0.00109067
2256.17909213 1.00012028 0.00032589 0.04985595 -0.04312474 324.47553855 -0.01304988 0.00001544 0.00079748
2256.17978693 1.00000402 0.00032587 0.15997128 0.00287968 320.98865941 -0.10509042 0.00001552 0.00107161
2256.18048172 0.99988818 0.00032585 -0.31149220 -0.26282395 317.47563900 -0.08293299 0.00001570 0.00108825
2256.18117652 1.00034035 0.00032593 -0.17344134 0.08925509 313.93465008 0.00612563 0.00001568 0.00066847
2256.18256610 0.99921051 0.00032574 -0.63287875 -0.33074637 306.76180648 -0.17985872 0.00001657 0.00151109
2256.18326089 0.99914605 0.00032573 -0.37885215 -0.58845326 303.12637558 -0.12640730 0.00001638 0.00126199
2256.18395568 0.99937156 0.00032577 -0.38128468 -0.50577046 299.45650772 -0.14783144 0.00001661 0.00135323
2256.18465048 0.99918772 0.00032574 -0.57856752 -0.69923381 295.75295773 -0.12844385 0.00001742 0.00124858
2256.18534527 0.99915646 0.00032573 -0.72121295 -0.65698537 292.01691905 -0.04264124 0.00002483 0.00098285
2256.18604007 0.99904399 0.00032572 -0.41535599 -0.97213042 288.24957778 -0.02098018 0.00003367 0.00091777
2256.18673485 0.99939210 0.00032577 -0.07003231 -0.52513641 284.45219151 -0.16386132 0.00003487 0.00142135
2256.18742964 0.99957340 0.00032580 0.37940556 -0.41483827 280.62600400 -0.17613726 0.00003320 0.00138757
2256.18812444 1.00018490 0.00032590 0.27102262 -0.71444916 276.77429626 -0.06631770 0.00004640 0.00109884
2256.20896824 1.00075577 0.00032599 0.44141203 0.49896473 166.67801081 -0.20505168 0.00004016 0.00142259
2256.20966303 0.99985949 0.00032585 0.43495946 0.44111164 163.30875110 -0.17372954 0.00003327 0.00131189
2256.21035783 0.99950811 0.00032579 0.41130970 0.02411552 159.93433177 -0.12609599 0.00002941 0.00118904
2256.21105262 1.00053782 0.00032596 0.19343350 0.01865088 156.55111539 0.03021031 0.00002649 0.00063093
2256.21174740 0.99973799 0.00032583 0.12327495 -0.05032185 153.15552727 -0.01511446 0.00002409 0.00079300
2256.21244220 0.99913308 0.00032573 -0.02187818 0.22392427 149.74382170 -0.00067110 0.00002240 0.00068900
2256.21313699 1.00006440 0.00032588 0.04060381 0.49841938 146.31243080 -0.21514501 0.00002081 0.00144464
2256.21383179 0.99925787 0.00032575 -0.11447464 -0.15649772 142.85822364 -0.06782482 0.00001955 0.00101536
2256.21452658 0.99969165 0.00032582 0.45370204 -0.39693462 139.37870261 -0.14504779 0.00001833 0.00133345
2256.21522138 0.99919901 0.00032574 0.50277357 -0.13569946 135.87142059 -0.18869985 0.00001777 0.00143248
2256.21591617 0.99956382 0.00032580 0.83846419 -0.26261977 132.33392345 -0.07127231 0.00001715 0.00100295
2256.21661096 0.99988267 0.00032585 0.43882629 0.32361938 128.76376421 -0.18684914 0.00001678 0.00134932
2256.21730575 0.99971823 0.00032583 0.31361126 0.19153620 125.15906405 -0.11519603 0.00001662 0.00111166
2256.21800054 0.99966411 0.00032582 -0.03314059 -0.23379353 121.51946593 -0.14555996 0.00001621 0.00133997
2256.21869534 0.99999229 0.00032587 1.05676047 0.72307517 117.84513589 -0.26016999 0.00001615 0.00160140
2256.21939013 0.99937922 0.00032577 0.45198037 0.23223208 114.13618706 -0.20500332 0.00001616 0.00143434
2256.22008492 1.00045708 0.00032595 0.64512497 -0.05010608 110.39272517 -0.04874868 0.00001580 0.00095550
2256.22077972 0.99953130 0.00032579 0.82489662 -0.03013128 106.61508287 -0.04602509 0.00001578 0.00086772
2256.22216930 0.99997483 0.00032587 0.06839908 0.26038789 98.96777513 -0.16502699 0.00001594 0.00128409
2256.22286409 1.00000501 0.00032587 0.36208028 0.10749715 95.10491900 -0.09036722 0.00001583 0.00093373
2256.22355889 1.00046565 0.00032595 0.68044000 0.61618679 91.22053251 -0.29302370 0.00001563 0.00168819
2256.22425368 1.00086482 0.00032601 0.42889542 -0.16468616 87.31807939 -0.27978812 0.00001539 0.00178078
2256.22494847 1.00061695 0.00032597 -0.15937183 -0.37853551 83.40177065 -0.15665877 0.00001537 0.00134991
2256.22564327 1.00012339 0.00032589 -0.05265107 -0.06672860 79.47679833 -0.05998715 0.00001545 0.00103540
2256.22633806 1.00018061 0.00032590 0.07246263 -0.17313607 75.54841101 -0.14218490 0.00001531 0.00124411
2256.22703285 0.99975607 0.00032583 0.11350056 -0.22081468 71.62193102 -0.21050300 0.00001524 0.00149295
2256.22772764 0.99990322 0.00032586 -0.20754681 0.01290525 67.70247473 -0.09200110 0.00001536 0.00108769
2256.22842243 0.99959805 0.00032581 -0.43168607 0.22087412 63.79506158 -0.02791531 0.00001531 0.00080711
2256.22911723 1.00036381 0.00032593 0.07725755 0.40981010 59.90365892 -0.25487088 0.00001498 0.00156441
2256.22981202 0.99965167 0.00032581 -0.40801043 0.21070891 56.03204560 -0.19155568 0.00001536 0.00157883
2256.23050682 1.00011058 0.00032589 -0.22471146 -0.24821405 52.18399244 -0.16092969 0.00001530 0.00138386
2256.23120161 0.99975367 0.00032583 -0.44941259 0.44069311 48.36327814 -0.15803382 0.00001527 0.00128821
2256.23189639 0.99974970 0.00032583 -0.48443418 0.30230496 44.57351220 -0.09426215 0.00001557 0.00104869
2256.23259119 0.99983146 0.00032584 -0.65870258 0.42885706 40.81610506 -0.17742844 0.00001525 0.00136188
2256.23328598 0.99979182 0.00032584 -0.43021524 0.15900994 37.09159574 0.04010175 0.00001555 0.00058317
2256.23398078 0.99993485 0.00032586 0.63918362 0.07796773 33.40044417 -0.11864197 0.00001526 0.00109652
2256.23467557 0.99942158 0.00032578 -0.39937702 0.10209543 29.74311803 -0.12309181 0.00001566 0.00125661
2256.23537037 1.00005412 0.00032588 -0.53509050 0.42814794 26.12004604 -0.12393799 0.00001533 0.00118972
2256.23606516 1.00033774 0.00032593 -0.62382436 0.24786030 22.53052405 -0.05251728 0.00001554 0.00100444
2256.23675996 0.99955993 0.00032580 -0.06476628 0.02801266 18.97239907 -0.01426088 0.00001540 0.00083690
2256.23745474 1.00020882 0.00032591 -0.14944054 0.19106816 15.44349169 -0.10446182 0.00001540 0.00106682
2256.23814953 0.99992518 0.00032586 -0.83026766 -0.13979014 11.94143829 0.05408167 0.00001541 0.00072584
2256.23884433 1.00021180 0.00032591 -0.69281374 0.03205292 8.46405984 -0.03972603 0.00001547 0.00100003
2256.23953912 1.00053150 0.00032596 -0.41799489 0.05497323 5.00883392 -0.03405864 0.00001552 0.00092261
2256.24023392 1.00041648 0.00032594 -0.72018748 0.26984131 1.57237157 0.01966574 0.00001537 0.00076839
2256.24092871 0.99971089 0.00032582 -0.17485467 0.43853875 358.15110493 -0.27194270 0.00001543 0.00167459
2256.24162350 1.00060727 0.00032597 0.27492919 0.36740811 354.74147304 -0.25025032 0.00001541 0.00156837
2256.24231829 1.00029372 0.00032592 -0.21769923 -0.31839046 351.33996513 -0.25320862 0.00001551 0.00170118
2256.24301308 1.00044954 0.00032594 0.13997157 -0.72537407 347.94289335 -0.11014522 0.00001544 0.00112940
2256.24370788 0.99998094 0.00032587 0.18873725 -0.64833944 344.54664486 -0.08209159 0.00001575 0.00109543
2256.24440267 0.99979251 0.00032584 0.11529482 -0.50072914 341.14749480 -0.09083573 0.00001571 0.00117034
2256.24509746 1.00065255 0.00032598 -0.07009758 -0.32655007 337.74172480 -0.06384405 0.00001546 0.00106935
2256.24579226 1.00071092 0.00032599 0.05455191 -0.17202480 334.32560946 -0.17152587 0.00001552 0.00143725
2256.24648705 1.00032770 0.00032592 0.08252670 -0.10325013 330.89544155 -0.08360947 0.00001554 0.00115321
2256.24718184 1.00024156 0.00032591 0.04528382 0.08102725 327.44795762 -0.09606248 0.00001549 0.00109527
2256.24787663 0.99973230 0.00032583 0.24069716 -0.36155225 323.98021416 -0.15961897 0.00001558 0.00137773
2256.24857143 1.00015856 0.00032590 0.41745470 -0.17884937 320.48946434 -0.21923051 0.00001556 0.00155024
2256.24926622 1.00052725 0.00032596 -0.17776440 -0.35373390 316.97291060 -0.24554396 0.00001550 0.00171767
2256.24996101 1.00022406 0.00032591 0.06490684 -0.11297582 313.42774865 0.03857283 0.00001559 0.00072374
2256.25065581 0.99996963 0.00032587 -0.47867841 -0.39628824 309.85166574 -0.16792947 0.00001624 0.00150413
2256.25135060 1.00031985 0.00032592 -0.64399053 -0.35013437 306.24383780 -0.12481343 0.00001634 0.00137816
2256.25204540 0.99983655 0.00032584 -0.62926548 -0.52294716 302.60373567 -0.15803546 0.00001638 0.00148262
2256.25274018 0.99944840 0.00032578 -0.46895915 -0.55803346 298.93088488 -0.07201856 0.00001685 0.00121953
2256.25343497 0.99983825 0.00032584 -0.73030919 -0.49511977 295.22463129 -0.10886467 0.00001735 0.00132834
2256.25412977 1.00017193 0.00032590 -0.60633376 -0.65325151 291.48473533 -0.09749895 0.00002317 0.00124750
2256.25482456 0.99936188 0.00032577 -0.28163937 -0.92221865 287.71285099 -0.05914739 0.00002813 0.00113568
2256.25551936 0.99995472 0.00032586 0.28359935 -0.60294482 283.91163269 -0.09943459 0.00002896 0.00119623
2256.25621415 1.00024392 0.00032591 0.54898002 -0.52776698 280.08373487 -0.16264393 0.00003037 0.00144905
2256.27775333 1.00017954 0.00032590 0.44502367 0.51608398 166.20719399 -0.11205653 0.00004007 0.00120918
2256.27844813 1.00012462 0.00032589 0.41658798 0.61144071 162.83611850 -0.23934229 0.00003345 0.00167212
2256.27914292 0.99918298 0.00032574 0.39196752 0.18501662 159.45934054 -0.05024806 0.00002937 0.00096985
2256.27983772 0.99906209 0.00032572 0.21475591 0.17556163 156.07307697 -0.00050377 0.00002632 0.00077610
2256.28053251 0.99959876 0.00032581 -0.08700474 0.18723014 152.67379326 0.01267405 0.00002393 0.00069628
2256.28122731 0.99953816 0.00032580 -0.08026747 0.11726044 149.25823052 0.06161113 0.00002253 0.00051630
2256.28192210 0.99923950 0.00032575 0.02610665 0.12753569 145.82315315 -0.13090518 0.00002102 0.00130231
2256.28261688 0.99990897 0.00032586 -0.11967674 -0.24180257 142.36537647 -0.06654938 0.00001955 0.00107270
2256.28331168 0.99965683 0.00032582 0.35066294 -0.59041162 138.88154742 -0.09246301 0.00001875 0.00115864
2256.28400647 0.99908498 0.00032572 0.25853338 -0.32473442 135.36889411 -0.20501613 0.00001800 0.00159065
2256.28470127 0.99963357 0.00032581 0.69921216 -0.34724183 131.82575976 -0.13113672 0.00001724 0.00136291
2256.28539606 0.99942650 0.00032578 0.43012282 0.20728492 128.25070636 -0.11126489 0.00001680 0.00122200
2256.28609085 0.99999166 0.00032587 0.03848573 -0.09509961 124.64228885 0.01404863 0.00001655 0.00072023
2256.28678565 0.99952973 0.00032579 -0.30791617 0.00665000 120.99906934 -0.11718612 0.00001639 0.00126238
2256.28817523 0.99950031 0.00032579 0.13521749 0.06675926 113.60537778 -0.00220155 0.00001604 0.00079285
2256.28887002 0.99973893 0.00032583 0.47370933 0.07833684 109.85715388 -0.08696618 0.00001593 0.00098003
2256.28956481 0.99983828 0.00032584 0.74050380 0.12890481 106.07685075 -0.03092050 0.00001602 0.00088262
2256.29025961 0.99987579 0.00032585 0.61383598 0.33190140 102.26607839 -0.14902802 0.00001598 0.00126269
2256.29095440 1.00020841 0.00032591 0.26982154 0.41877226 98.42649877 -0.24096437 0.00001584 0.00158936
2256.29164920 1.00007484 0.00032588 0.49546638 0.33503381 94.56109292 -0.25146114 0.00001577 0.00159356
2256.29234399 0.99967964 0.00032582 0.67726919 0.76634476 90.67437107 -0.21593328 0.00001557 0.00158802
2256.29303877 1.00019973 0.00032590 0.29809930 -0.31193776 86.77098459 -0.21961369 0.00001550 0.00163106
2256.29373357 1.00042094 0.00032594 -0.28680685 -0.20725907 82.85539444 -0.27872270 0.00001549 0.00179785
2256.29442836 1.00043014 0.00032594 -0.11359666 -0.17173243 78.93225796 -0.17486678 0.00001541 0.00140766
2256.29512316 0.99983737 0.00032584 -0.23362091 -0.17515593 75.00624170 -0.10026407 0.00001547 0.00110473
2256.29581795 1.00043268 0.00032594 -0.19264767 -0.15027363 71.08224858 -0.18397660 0.00001528 0.00150322
2256.29651275 0.99972465 0.00032583 -0.39947337 -0.03106842 67.16521369 -0.02627382 0.00001540 0.00092719
2256.29720754 0.99999943 0.00032587 -0.41953837 0.35485244 63.26008004 -0.06592484 0.00001529 0.00100519
2256.29790232 1.00070684 0.00032599 0.08588343 0.66387862 59.37184771 -0.29052254 0.00001507 0.00179717
2256.29859712 0.99956272 0.00032580 -0.36560634 0.22767973 55.50511740 -0.09352538 0.00001555 0.00117256
2256.29929191 0.99986496 0.00032585 -0.49394392 -0.03107618 51.66303937 0.00458297 0.00001531 0.00087501
2256.29998671 0.99980114 0.00032584 -0.33241647 0.40678458 47.84794254 -0.02989517 0.00001539 0.00089828
2256.30068150 0.99969803 0.00032582 -0.71966676 0.22284583 44.06214342 -0.05481665 0.00001524 0.00098682
2256.30137630 1.00010672 0.00032589 -0.57743888 0.33834460 40.30796645 -0.07397863 0.00001532 0.00099065
2256.30207109 1.00036781 0.00032593 -0.43887207 -0.00650060 36.58767759 -0.01500732 0.00001551 0.00090680
2256.30276587 0.99952599 0.00032579 0.22495063 -0.32491686 32.90214933 -0.26540342 0.00001554 0.00176386
2256.30346067 1.00023847 0.00032591 -0.43155216 0.10916980 29.25042634 -0.03843891 0.00001545 0.00092630
2256.30415546 0.99999180 0.00032587 -0.79147190 0.40744063 25.63164602 -0.10113417 0.00001536 0.00114206
2256.30485026 0.99953085 0.00032579 -0.15317133 0.31602608 22.04489099 -0.11115958 0.00001545 0.00116493
2256.30554505 1.00051213 0.00032595 0.17355532 0.01812540 18.48923598 -0.05546163 0.00001549 0.00096856
2256.30623984 1.00005981 0.00032588 -0.20375548 0.19423448 14.96327762 -0.03811584 0.00001549 0.00093503
2256.30693464 1.00075414 0.00032599 -0.88413473 -0.02946093 11.46426118 0.04446506 0.00001557 0.00066995
2256.30762943 0.99994121 0.00032586 -0.52742239 0.10222589 7.98920838 -0.09901683 0.00001557 0.00122266
2256.30832422 1.00044554 0.00032594 -0.47018900 0.16384564 4.53519164 -0.09213404 0.00001558 0.00106980
2256.30901901 1.00005744 0.00032588 -0.54127350 0.25196470 1.09911669 -0.12188268 0.00001552 0.00121905
2256.30971380 1.00021318 0.00032591 0.14425341 0.22911367 357.67799256 -0.20386290 0.00001555 0.00146806
2256.31040860 1.00014707 0.00032590 0.60595177 0.18948687 354.26829334 -0.11432133 0.00001558 0.00112208
2256.31110339 1.00039458 0.00032594 0.06554007 -0.45906156 350.86627310 -0.34110336 0.00001550 0.00206442
2256.31179819 0.99974093 0.00032583 0.20486457 -0.82093397 347.46817962 0.01680482 0.00001572 0.00079317
2256.31249298 1.00001748 0.00032587 0.37802258 -0.58563002 344.07026761 -0.19248609 0.00001565 0.00144816
2256.31318778 0.99960027 0.00032581 -0.07365009 -0.54564941 340.66879001 -0.08912534 0.00001572 0.00117932
2256.31388256 1.00103076 0.00032604 -0.23045392 -0.00792040 337.26020967 0.00516623 0.00001555 0.00089227
2256.31457735 0.99998032 0.00032587 -0.17966019 0.26715632 333.84097197 -0.09316421 0.00001561 0.00116480
2256.31527215 1.00002171 0.00032587 0.08217104 0.01845794 330.40770859 0.01649709 0.00001575 0.00079412
2256.31596694 1.00059066 0.00032597 -0.20978353 0.12595250 326.95698739 -0.07235380 0.00001544 0.00115613
2256.31735653 0.99956438 0.00032580 0.18952672 -0.00871000 319.98982425 -0.14396214 0.00001553 0.00131295
2256.31805132 1.00033188 0.00032593 -0.44485685 -0.32345769 316.46821505 -0.24476919 0.00001554 0.00180053
2256.31874611 1.00035295 0.00032593 -0.00641646 0.13385223 312.91867774 -0.03554000 0.00001577 0.00090660
2256.31944090 1.00001604 0.00032587 -0.47052986 -0.54198804 309.33916045 -0.14807206 0.00001627 0.00146734
2256.32013569 0.99982044 0.00032584 -0.55076191 -0.46524063 305.72778982 -0.14224994 0.00001656 0.00145302
2256.32083049 0.99954221 0.00032580 -0.59503313 -0.52274005 302.08286773 -0.16519642 0.00001634 0.00150964
2256.32152528 0.99920249 0.00032574 -0.47832651 -0.53300154 298.40447367 -0.11208559 0.00001704 0.00140770
2256.32222008 1.00014387 0.00032589 -0.49634047 -0.38391484 294.69347165 -0.17907060 0.00001751 0.00160112
2256.32291487 0.99948643 0.00032579 -0.54918939 -0.50742267 290.95073694 -0.15840493 0.00002326 0.00152857
2256.32360966 0.99934390 0.00032576 -0.13198657 -0.92762051 287.17720067 0.05145787 0.00002788 0.00083926
2256.32499924 0.99997831 0.00032587 0.56379184 -0.39507857 279.54255296 -0.22549198 0.00003280 0.00171800
2256.34653782 1.00006938 0.00032588 0.41563649 0.62993588 165.73591341 -0.30321807 0.00004148 0.00189528
2256.34723261 0.99954338 0.00032580 0.31716535 0.70561592 162.36261311 -0.24411817 0.00003517 0.00170717
2256.34792741 0.99970197 0.00032582 0.54623384 -0.09024842 158.98329212 -0.14550757 0.00002988 0.00139186
2256.34862220 0.99918844 0.00032574 0.13124127 -0.29178688 155.59430116 -0.11381028 0.00002621 0.00128766
2256.34931699 0.99911552 0.00032573 -0.11548352 0.01282215 152.19205323 0.12331082 0.00002379 0.00046294
2256.35001178 0.99884800 0.00032568 -0.05288692 0.20406799 148.77279065 0.06296478 0.00002178 0.00055228
2256.35070657 0.99955322 0.00032580 -0.09144359 0.27322218 145.33319108 -0.09222442 0.00002066 0.00114494
2256.35140137 0.99917176 0.00032574 -0.38090338 -0.17786993 141.87056703 -0.05849123 0.00001981 0.00104940
2256.35209616 0.99963097 0.00032581 0.30051687 -0.34733677 138.38233132 -0.18461666 0.00001846 0.00142971
2256.35279096 0.99922088 0.00032574 0.25389231 0.04466944 134.86590399 -0.12943531 0.00001769 0.00131250
2256.35348575 0.99998198 0.00032587 0.73363980 -0.22039942 131.31869768 -0.19229840 0.00001751 0.00141771
2256.35418053 0.99953595 0.00032580 0.35787594 0.55818896 127.73841718 -0.26231155 0.00001673 0.00170836
2256.35487533 0.99931237 0.00032576 -0.01763059 0.18089283 124.12412117 -0.01665271 0.00001643 0.00081861
2256.35557012 1.00003006 0.00032588 0.05834674 0.19497752 120.47570301 -0.01455607 0.00001603 0.00081234
2256.35695971 1.00039649 0.00032594 0.32825386 -0.31029696 113.07582224 -0.17888174 0.00001576 0.00146969
2256.35765450 1.00012784 0.00032589 0.70920705 0.11417807 109.32408896 -0.03724810 0.00001591 0.00095157
2256.35834930 1.00069330 0.00032598 0.74244383 0.12098007 105.53924199 -0.06490046 0.00001600 0.00098584
2256.35904408 1.00045226 0.00032594 0.57975558 0.28591043 101.72437019 -0.20883376 0.00001588 0.00144602
2256.35973888 0.99927354 0.00032575 0.15405653 0.55741908 97.88244721 -0.25063948 0.00001587 0.00163472
2256.36043367 0.99988231 0.00032585 0.61500524 0.29009535 94.01663843 -0.24007063 0.00001570 0.00154016
2256.36112846 0.99964403 0.00032581 0.80275594 0.90153197 90.13004121 -0.10459286 0.00001560 0.00115664
2256.36182326 1.00003536 0.00032588 0.36151141 0.15303914 86.22629452 -0.10855124 0.00001531 0.00120075
2256.36251805 1.00013562 0.00032589 -0.32583824 0.09491886 82.31035857 -0.16359389 0.00001562 0.00146866
2256.36321285 0.99993022 0.00032586 0.11868015 0.00310848 78.38740472 -0.12059146 0.00001549 0.00126729
2256.36390764 0.99984297 0.00032585 -0.20270058 0.05019984 74.46259641 -0.02156975 0.00001557 0.00085218
2256.36460242 0.99974712 0.00032583 0.00951678 -0.05253384 70.54117096 -0.08299655 0.00001538 0.00114709
2256.36529722 0.99997378 0.00032587 -0.45958991 0.03676712 66.62804282 -0.01962469 0.00001551 0.00089429
2256.36599201 1.00020600 0.00032590 -0.39461627 0.30361861 62.72754554 -0.14369660 0.00001552 0.00126556
2256.36668681 1.00009657 0.00032589 0.00000000 0.46290946 58.84361529 -0.17866955 0.00001529 0.00141151
2256.36738160 1.00042421 0.00032594 -0.56784769 -0.05277190 54.98019515 -0.12242221 0.00001554 0.00131276
2256.36807640 1.00014511 0.00032589 -0.44885894 0.01048219 51.14122027 -0.02854104 0.00001546 0.00098871
2256.36877119 0.99984114 0.00032585 -0.34020060 0.58389100 47.33056956 -0.17064493 0.00001554 0.00142326
2256.36946598 1.00000173 0.00032587 -0.59209750 0.19941183 43.55063443 -0.01218432 0.00001531 0.00090042
2256.37016077 1.00033435 0.00032593 -0.36353472 0.41738528 39.80239349 -0.05961180 0.00001540 0.00109861
2256.37085556 0.99977434 0.00032583 -0.03717057 -0.02493550 36.08657246 -0.03664981 0.00001551 0.00094212
2256.37155036 0.99993155 0.00032586 0.39462839 -0.40158854 32.40408015 -0.19870295 0.00001559 0.00153953
2256.37224515 1.00026072 0.00032591 -0.19967574 0.09639619 28.75576734 0.01208879 0.00001544 0.00079535
2256.37293994 1.00014311 0.00032589 -0.77734986 0.23259981 25.14168852 0.07067835 0.00001539 0.00061296
2256.37363474 1.00035885 0.00032593 0.01971743 0.28440222 21.55998237 -0.07563096 0.00001553 0.00100754
2256.37432953 1.00006538 0.00032588 0.06585992 0.05898285 18.00849295 0.05436291 0.00001533 0.00066146
2256.37502431 1.00038171 0.00032593 -0.33032691 0.18975678 14.48513027 -0.16516438 0.00001546 0.00138238
2256.37571911 1.00026660 0.00032591 -1.02862359 0.00514774 10.98762018 0.00720154 0.00001565 0.00094023
2256.37641390 1.00047521 0.00032595 -0.63170169 -0.01495092 7.51376945 -0.07460876 0.00001552 0.00113309
2256.37710870 1.00011158 0.00032589 -0.62634677 0.39028973 4.06063822 -0.09493607 0.00001553 0.00114621
2256.37780349 0.99984621 0.00032585 -0.56285296 0.64334813 0.62501975 -0.24084618 0.00001523 0.00164981
2256.37919308 1.00104107 0.00032604 0.27766521 0.19206993 353.79347012 -0.15721363 0.00001529 0.00129250
2256.38058266 1.00019609 0.00032590 0.10237724 -0.92568746 346.99294000 0.04770125 0.00001561 0.00074797
2256.38127745 1.00035975 0.00032593 0.32388968 -0.56719480 343.59473720 -0.20311461 0.00001560 0.00153811
2256.38197225 1.00014289 0.00032589 0.11486180 -0.33758400 340.19236959 -0.16136079 0.00001563 0.00145123
2256.38266704 1.00014408 0.00032589 0.09697110 -0.23221293 336.78166935 -0.07908762 0.00001559 0.00119793
2256.38336183 1.00036210 0.00032593 -0.00807807 -0.12062372 333.35846336 -0.09942703 0.00001555 0.00127750
2256.38405663 1.00087914 0.00032601 0.10964675 -0.07110387 329.91917713 -0.03819276 0.00001543 0.00108977
2256.38475142 1.00032360 0.00032592 -0.02680111 0.15719428 326.46164119 -0.11587644 0.00001564 0.00130254
2256.38544620 1.00030850 0.00032592 0.30784536 -0.18097780 322.98395766 -0.15811462 0.00001555 0.00144255
2256.38614100 1.00092461 0.00032602 0.21733235 0.02787929 319.48404648 -0.08815981 0.00001539 0.00117380
2256.38683579 0.99955535 0.00032580 -0.27033265 -0.25371056 315.96000953 -0.22609760 0.00001559 0.00176474
2256.38753059 0.99920340 0.00032574 -0.09237897 -0.06609968 312.40975593 -0.08029061 0.00001637 0.00116549
2256.38822538 0.99919253 0.00032574 -0.51640560 -0.76421948 308.83038693 0.01339162 0.00001645 0.00086119
2256.38892018 0.99974435 0.00032583 -0.70999567 -0.44296416 305.21867512 -0.09895104 0.00001636 0.00137591
2256.38961497 1.00027886 0.00032592 -0.65176582 -0.49360598 301.57139940 -0.15402470 0.00001644 0.00155885
2256.39030976 1.00031966 0.00032592 -0.52801461 -0.44268541 297.88533151 -0.14297775 0.00001687 0.00150897
2256.39100455 0.99966866 0.00032582 -0.43567489 -0.59516106 294.15751820 -0.14983226 0.00001761 0.00148971
2256.39169934 1.00039109 0.00032593 -0.63542773 -0.61663177 290.38926531 -0.11285156 0.00002527 0.00144043
2256.39239414 0.99956673 0.00032580 -0.46071848 -0.68265100 286.58634334 -0.11493759 0.00003017 0.00147934
2256.39308893 0.99976065 0.00032583 0.29667530 -0.54751892 282.75464233 -0.02323822 0.00003204 0.00107611
2256.39378372 1.00003694 0.00032588 0.61973097 -0.72414594 278.90004429 -0.01178730 0.00003488 0.00097866
2256.41532230 1.00056652 0.00032596 0.10324924 -0.40880040 165.15996919 -0.19119413 0.00004054 0.00163057
2256.41601709 0.99988255 0.00032585 -0.11906490 -0.39451462 161.78418425 -0.08419284 0.00003444 0.00124034
2256.41671187 0.99981483 0.00032584 0.32223157 -0.16195196 158.40173151 -0.05858134 0.00002963 0.00106788
2256.41740667 1.00045158 0.00032594 0.06637255 0.15700217 155.00890440 0.04793150 0.00002582 0.00070983
2256.42018585 0.99973069 0.00032583 0.18197191 -0.36859193 141.26771788 -0.09962962 0.00001941 0.00132558
2256.42088064 1.00051658 0.00032596 0.62090392 -0.26885731 137.77353590 -0.18693099 0.00001852 0.00150610
2256.42157542 0.99960369 0.00032581 0.55639575 -0.24281364 134.25062693 -0.19371578 0.00001781 0.00157577
2256.42227022 0.99957585 0.00032580 0.66943282 -0.37344826 130.69725360 -0.14960045 0.00001719 0.00142480
2256.42296501 0.99970081 0.00032582 0.28579390 0.48897931 127.11186344 -0.27294114 0.00001675 0.00175231
2256.42365980 0.99925999 0.00032575 -0.26627248 -0.00333199 123.49283770 -0.00842292 0.00001649 0.00093622
2256.42435460 0.99987094 0.00032585 0.28088046 0.49298126 119.83864017 -0.29452453 0.00001619 0.00190013
2256.42504939 0.99955095 0.00032580 0.85142078 0.92331862 116.14918928 0.00769609 0.00001610 0.00083286
2256.42574419 1.00007938 0.00032588 0.37535682 -0.05640138 112.42573926 -0.08840375 0.00001591 0.00116097
2256.42643897 1.00072492 0.00032599 0.53781845 -0.11824388 108.66964863 -0.11237606 0.00001590 0.00130793
2256.42713376 1.00043303 0.00032594 0.47468378 0.07553478 104.88209211 -0.14339988 0.00001576 0.00132057
2256.42782856 0.99977666 0.00032583 0.42619840 0.19686427 101.06443774 -0.08840221 0.00001616 0.00105884
2256.42852335 1.00029353 0.00032592 -0.04484697 0.55598562 97.21885766 -0.17999632 0.00001573 0.00145700
2256.42921815 1.00066140 0.00032598 0.75315037 0.44883283 93.34944717 -0.22572527 0.00001578 0.00159380
2256.42991294 1.00022604 0.00032591 0.88002192 0.67161072 89.46054824 -0.18076143 0.00001574 0.00145550
2256.43060773 1.00014109 0.00032589 0.20948386 0.05234483 85.55651061 -0.13416760 0.00001563 0.00128971
2256.43130253 1.00031336 0.00032592 -0.24591769 0.09827363 81.64167625 -0.04470948 0.00001564 0.00113821
2256.43199731 0.99979868 0.00032584 0.11673550 -0.15209291 77.72053121 -0.19437578 0.00001552 0.00157152
2256.43269211 1.00029724 0.00032592 -0.09838791 -0.28528160 73.79776758 -0.20048737 0.00001543 0.00167046
2256.43338691 0.99931108 0.00032576 0.07574849 -0.22529753 69.87836585 -0.21729600 0.00001527 0.00168507
2256.43408169 1.00039795 0.00032594 -0.71074389 0.24133350 65.96749598 -0.00943043 0.00001516 0.00099430
2256.43477649 1.00075786 0.00032599 -0.24944816 0.12366217 62.06994165 0.00555073 0.00001530 0.00083662
2256.43547128 0.99968348 0.00032582 -0.53441016 0.30776390 58.19067695 -0.03065277 0.00001518 0.00097398
2256.43616608 0.99995901 0.00032586 -0.72511830 -0.23288678 54.33340587 -0.14944124 0.00001519 0.00151644
2256.43686087 1.00026369 0.00032591 -0.49282962 -0.30986340 50.50074395 -0.25184223 0.00001536 0.00184522
2256.43755567 1.00054819 0.00032596 -0.46860574 0.32671823 46.69527649 -0.07332666 0.00001534 0.00116046
2256.43825046 1.00038659 0.00032593 -0.50367640 0.12417003 42.91958126 -0.01069665 0.00001537 0.00086050
2256.43894525 1.00089813 0.00032602 -0.43274512 0.31506730 39.17623845 -0.09242374 0.00001533 0.00125172
2256.43964005 1.00017403 0.00032590 0.16133814 0.28492164 35.46687979 -0.14007313 0.00001535 0.00127478
2256.44033484 1.00064019 0.00032598 0.05032693 -0.11870755 31.79112275 -0.13709994 0.00001541 0.00141019
2256.44102964 1.00011370 0.00032589 -0.40364044 0.36732235 28.14831468 -0.08146554 0.00001542 0.00111344
2256.44172443 1.00037840 0.00032593 -0.73582685 0.47589706 24.53781050 -0.11734763 0.00001532 0.00141263
2256.44241921 1.00042431 0.00032594 -0.09674306 0.54837841 20.95901764 -0.23030651 0.00001522 0.00165882
2256.44311401 1.00005465 0.00032588 -0.05720795 -0.04806522 17.41092003 0.01629538 0.00001539 0.00091961
2256.44380880 0.99960519 0.00032581 -0.45298777 0.16311846 13.89126020 -0.04913322 0.00001546 0.00101823
2256.44450360 1.00050968 0.00032595 -0.98308120 -0.09550436 10.39721142 -0.06753900 0.00001560 0.00130833
2256.44519839 1.00033321 0.00032593 -0.40913936 -0.21617171 6.92595332 -0.18240740 0.00001535 0.00160023
2256.44589318 1.00092576 0.00032602 -0.49833503 0.29987797 3.47465853 -0.09308389 0.00001528 0.00112192
2256.44658798 1.00052894 0.00032596 -0.47180838 0.66253677 0.04048269 -0.18490889 0.00001519 0.00148162
2256.44728276 1.00032767 0.00032592 0.21578172 0.53704960 356.62019025 -0.29738260 0.00001550 0.00191407
2256.44797755 1.00107480 0.00032605 0.19714509 0.39448611 353.20999510 -0.22179041 0.00001524 0.00163598
2256.44867235 1.00107032 0.00032605 -0.06181360 -0.16719949 349.80626343 -0.11925708 0.00001565 0.00144833
2256.44936714 1.00097697 0.00032603 0.04257763 -0.66050738 346.40531080 -0.19744157 0.00001541 0.00161673
2256.45006194 1.00035328 0.00032593 0.35503058 -0.59072155 343.00344627 -0.11878222 0.00001549 0.00136268
2256.45075673 1.00045086 0.00032594 0.13969997 -0.42125148 339.59705496 -0.10105498 0.00001566 0.00131464
2256.45145153 1.00080002 0.00032600 -0.02887836 -0.36465874 336.18266037 -0.15614951 0.00001559 0.00144691
2256.45214631 1.00058839 0.00032597 -0.12194269 0.05951463 332.75686754 -0.00643080 0.00001550 0.00088499
2256.45284110 1.00014610 0.00032589 0.00733548 -0.14007991 329.31610874 -0.07798796 0.00001558 0.00117848
2256.45353590 1.00024607 0.00032591 0.05767743 -0.20915070 325.85698338 -0.11797411 0.00001552 0.00139845
2256.45423069 1.00068518 0.00032598 0.16190832 -0.12846234 322.37620046 -0.16953591 0.00001561 0.00151217
2256.45492548 0.99974124 0.00032583 -0.13071383 0.08436300 318.87135487 0.00770270 0.00001568 0.00089470
2256.45562028 0.99997836 0.00032587 -0.44614011 -0.12362528 315.34035807 -0.08309535 0.00001586 0.00128978
2256.45631507 1.00025392 0.00032591 -0.31166168 -0.18345097 311.78111479 -0.09622440 0.00001602 0.00136214
2256.45700987 0.99993093 0.00032586 -0.48824847 -0.72234009 308.19153679 -0.04122651 0.00001651 0.00110860
2256.45770465 1.00037452 0.00032593 -0.60014138 -0.65244593 304.56966773 -0.05661657 0.00001645 0.00110455
2256.45839944 0.99977129 0.00032583 -0.80661640 -0.69367595 300.91475641 -0.07758477 0.00001670 0.00127601
2256.45909424 0.99987173 0.00032585 -0.81873145 -0.63217710 297.22740959 -0.04545170 0.00001689 0.00126893
2256.45978903 1.00016764 0.00032590 -0.42256073 -0.74642671 293.50821935 0.03792237 0.00001766 0.00086154
2256.46048383 0.99982996 0.00032584 -0.43988092 -0.63904684 289.75777029 -0.13423812 0.00002570 0.00153664
2256.46117862 0.99956279 0.00032580 -0.11025802 -0.58962198 285.97666072 -0.04267015 0.00002830 0.00119545
2256.46187341 0.99969792 0.00032582 0.39997025 -0.40499765 282.16642316 -0.18741587 0.00003375 0.00157705
2256.48410677 1.00116437 0.00032606 0.35661513 -0.01989777 164.67705365 -0.06958607 0.00003926 0.00119707
2256.48480156 0.99979733 0.00032584 0.27635997 -0.58269515 161.29917758 -0.05901809 0.00003350 0.00107336
2256.48549636 0.99952207 0.00032579 0.52451305 -0.35455058 157.91426651 -0.13626707 0.00002892 0.00140098
2256.48619115 0.99982460 0.00032584 0.28347979 0.00917203 154.51867090 -0.03192791 0.00002557 0.00100287
2256.48688594 0.99897876 0.00032570 0.00223611 0.18745552 151.10874840 0.03269742 0.00002346 0.00073879
2256.48758074 0.99960662 0.00032581 0.12940664 0.37934864 147.68097056 -0.13759571 0.00002164 0.00128589
2256.48827552 0.99962690 0.00032581 0.23461182 0.09309427 144.23250487 -0.11528843 0.00002044 0.00129272
2256.48897032 0.99883069 0.00032568 0.12004543 -0.46401634 140.76054319 -0.09079959 0.00001942 0.00124213
2256.48966511 0.99921505 0.00032574 0.51089946 -0.16056324 137.26245776 -0.15270736 0.00001828 0.00151145
2256.49035990 1.00000057 0.00032587 0.43887132 -0.29589405 133.73555615 -0.22136910 0.00001756 0.00167172
2256.49105470 1.00018429 0.00032590 0.51543837 -0.02726890 130.17722707 -0.07788864 0.00001709 0.00116633
2256.49174949 0.99989934 0.00032585 0.38523619 0.47881258 126.58604805 -0.22012104 0.00001655 0.00160587
2256.49244429 0.99941056 0.00032577 -0.19957946 0.00000000 122.96157086 -0.05939407 0.00001666 0.00104716
2256.49313907 1.00005750 0.00032588 0.42171785 0.39393037 119.30342950 -0.27414459 0.00001631 0.00192089
2256.49383386 1.00039164 0.00032593 0.68992003 0.69550129 115.61107895 -0.18108724 0.00001598 0.00158684
2256.49452866 0.99983981 0.00032584 0.35472112 0.00205461 111.88416658 -0.20584654 0.00001581 0.00150946
2256.49522345 1.00040082 0.00032594 0.75492255 0.05088263 108.12329083 -0.01093215 0.00001591 0.00088827
2256.49591824 0.99963590 0.00032581 0.58282029 0.21726327 104.33103224 -0.11933648 0.00001579 0.00122775
2256.49661304 1.00059136 0.00032597 0.35409308 0.27451377 100.51019043 -0.17248265 0.00001579 0.00142748
2256.49730783 1.00025424 0.00032591 0.05957123 0.45209205 96.66357274 -0.15217960 0.00001575 0.00136942
2256.49800262 1.00030896 0.00032592 0.70228156 0.68946399 92.79404359 -0.25491738 0.00001563 0.00167962
2256.49869741 1.00037402 0.00032593 0.97070392 0.57549963 88.90456692 -0.34536959 0.00001562 0.00204257
2256.49939220 0.99950973 0.00032579 0.20111003 -0.21792470 84.99975256 -0.32457926 0.00001562 0.00204257
2256.50008700 1.00034440 0.00032593 0.01190829 0.13789296 81.08461723 -0.03140037 0.00001540 0.00102348
2256.50078179 1.00071612 0.00032599 0.04040876 -0.21247308 77.16417009 -0.14895009 0.00001544 0.00146888
2256.50147659 1.00057032 0.00032596 -0.12347959 0.23289846 73.24342812 0.05182856 0.00001530 0.00060447
2256.50217138 1.00002049 0.00032587 0.03634618 0.27350513 69.32737080 -0.07069237 0.00001536 0.00110260
2256.50286616 1.00037950 0.00032593 -0.67402837 0.62391165 65.42058461 -0.09416841 0.00001528 0.00119735
2256.50356096 1.00051182 0.00032595 -0.18635115 0.42452545 61.52709140 -0.22705476 0.00001515 0.00159710
2256.50425575 0.99974931 0.00032583 -0.33034180 0.53191412 57.65109363 -0.10539517 0.00001534 0.00127993
2256.50495054 0.99909665 0.00032572 -0.35569286 -0.15873124 53.79673623 -0.14691639 0.00001542 0.00145241
2256.50564534 0.99969221 0.00032582 -0.34359333 -0.29707187 49.96814720 -0.19929563 0.00001535 0.00166691
2256.50634013 0.99942350 0.00032578 -0.59924938 0.46252644 46.16847886 -0.12163742 0.00001537 0.00133274
2256.50703493 0.99975902 0.00032583 -0.57751931 0.17772688 42.39900588 -0.01216410 0.00001545 0.00090270
2256.50772971 0.99937665 0.00032577 -0.49314560 0.06783431 38.66086355 -0.12340241 0.00001550 0.00137883
2256.50842450 0.99905567 0.00032572 0.09238601 0.04554544 34.95499183 -0.20459411 0.00001557 0.00154964
2256.50911930 0.99955330 0.00032580 -0.05737189 -0.25924891 31.28252665 -0.17662066 0.00001543 0.00149707
2256.50981409 0.99941677 0.00032578 -0.33980526 0.36288591 27.64415068 -0.07051203 0.00001557 0.00108911
2256.51050889 1.00007095 0.00032588 -0.64117372 0.46623384 24.03864815 -0.13865357 0.00001529 0.00144128
2256.51120368 1.00027273 0.00032592 0.04495004 0.43553062 20.46420279 -0.15364012 0.00001527 0.00143216
2256.51189847 1.00023391 0.00032591 0.02982059 0.15093664 16.91900560 0.01223542 0.00001542 0.00083410
2256.51259327 1.00043806 0.00032594 -0.52059601 -0.05644217 13.40124042 -0.06657882 0.00001537 0.00125196
2256.51328805 0.99967512 0.00032582 -0.90154261 0.06680614 9.90910166 -0.02994394 0.00001562 0.00113641
2256.51398284 0.99940877 0.00032577 -0.63951684 -0.09108405 6.43980014 -0.12459027 0.00001602 0.00138310
2256.51467764 1.00056944 0.00032596 -0.63431359 0.17850379 2.99008904 -0.00001852 0.00001533 0.00090456
2256.51537243 1.00090655 0.00032602 -0.39859875 0.67829191 359.55665308 -0.20776039 0.00001549 0.00155475
2256.51606723 1.00050007 0.00032595 -0.01424807 0.39903668 356.13617004 -0.32480947 0.00001573 0.00202400
2256.51676202 1.00115386 0.00032606 0.01075575 0.13929029 352.72532352 -0.17306454 0.00001538 0.00147911
2256.51745682 1.00017039 0.00032590 0.20009330 -0.47412781 349.32065512 -0.18427974 0.00001559 0.00159667
2256.51815160 0.99978628 0.00032584 0.24111633 -0.65434097 345.91851946 -0.06732058 0.00001581 0.00116945
2256.51884639 1.00057247 0.00032596 0.27177117 -0.40357074 342.51506566 -0.11471958 0.00001548 0.00138012
2256.51954119 1.00043621 0.00032594 0.11542430 -0.28173489 339.10662092 -0.04702671 0.00001546 0.00121208
2256.52023598 1.00028180 0.00032592 0.12735379 -0.07765062 335.68944837 0.01113124 0.00001555 0.00094320
2256.52093077 1.00013128 0.00032589 0.04148775 -0.00468877 332.25993710 0.00984372 0.00001554 0.00097001
2256.52162557 1.00012066 0.00032589 0.11366882 -0.00028762 328.81504840 -0.11253300 0.00001550 0.00137448
2256.52232036 1.00037834 0.00032593 0.00174378 -0.14633598 325.35192536 -0.18858493 0.00001554 0.00169161
2256.52301516 1.00032276 0.00032592 0.17207786 -0.18757499 321.86771082 -0.10575255 0.00001572 0.00132715
