#time			flux		fluxerr		x			y		roll		contam			deltaT			smear
2264.42561076 0.99950821 0.00032580 -0.09557325 0.44321395 301.66832060 -0.16372501 0.00515747 0.00107114
2264.42630554 0.99959709 0.00032582 -0.16352743 0.35989006 298.03638164 -0.18541799 0.00515747 0.00127749
2264.42700033 0.99876753 0.00032568 -0.39616416 -0.19506303 294.39150096 -0.26086225 0.02487183 0.00159987
2264.42769511 0.99902705 0.00032573 -0.51447867 -0.43634066 290.73397016 -0.22291276 0.00515747 0.00153628
2264.42838990 1.00031673 0.00032594 -0.24288312 -0.72147398 287.02065567 0.01497118 -0.03424072 0.00067041
2264.42908467 1.00003821 0.00032589 0.31487405 -0.22050304 283.33771341 -0.24045965 0.00515747 0.00150034
2264.42977946 0.99946147 0.00032580 0.49731961 -0.17413037 279.64296329 -0.23609145 0.00515747 0.00149380
2264.43047424 0.99961823 0.00032582 0.15226414 -0.73529771 275.93752599 -0.07836840 -0.01455688 0.00092314
2264.45131774 1.00015654 0.00032591 0.39532895 -0.11988845 166.26502807 -0.20989968 -0.03424072 0.00143404
2264.45201252 0.99923775 0.00032576 0.28713363 0.03767450 162.74140746 -0.12507553 -0.03424072 0.00105733
2264.45270730 0.99933276 0.00032578 0.59598697 -0.30967152 159.21765755 -0.17563748 -0.02441406 0.00129926
2264.45340209 0.99993123 0.00032587 0.39006668 -0.13676932 155.69223108 -0.15377655 -0.05389404 0.00119766
2264.45409687 0.99972500 0.00032584 -0.18339362 0.15197664 152.16336071 0.05221426 -0.03424072 0.00042687
2264.45479166 0.99948718 0.00032580 -0.14004782 0.14023865 148.62952892 0.03757421 -0.03424072 0.00046285
2264.45548644 0.99973957 0.00032584 -0.05318922 0.28162141 145.08910392 -0.06458105 0.02487183 0.00084313
2264.45618123 1.00005250 0.00032589 -0.35359641 -0.49501769 141.54055510 -0.04947580 -0.05389404 0.00093346
2264.45687600 0.99975606 0.00032585 0.12397231 -0.54607154 137.98256570 -0.10803397 -0.05389404 0.00104708
2264.45757079 1.00003124 0.00032589 0.09122494 -0.46293673 134.41388063 -0.05904646 -0.01455688 0.00084185
2264.45826557 0.99911948 0.00032574 0.38932401 -0.27107927 130.83326779 -0.17828465 -0.04406738 0.00134738
2264.45896036 0.99990743 0.00032587 0.19298403 0.23554749 127.23980116 -0.10945698 -0.03424072 0.00092951
2264.45965514 0.99966400 0.00032583 -0.47128492 -0.23918959 123.63278633 -0.21357195 -0.02441406 0.00143629
2264.46034993 0.99930551 0.00032577 -0.07231827 0.36471573 120.01145841 -0.22913282 -0.05389404 0.00138061
2264.46173948 1.00014843 0.00032591 0.26359483 0.03169694 112.72492774 -0.05497911 -0.01455688 0.00081220
2264.46243427 1.00045879 0.00032596 0.82046842 0.29255000 109.05949803 -0.07940129 -0.02441406 0.00079368
2264.46312905 1.00010480 0.00032590 0.97006344 0.26538876 105.37965176 -0.04928516 -0.04406738 0.00071446
2264.46382384 1.00011480 0.00032590 0.68375931 0.28637528 101.68590992 -0.18876857 -0.03424072 0.00120630
2264.46451862 0.99982990 0.00032586 0.14848105 0.55355787 97.97904624 -0.26416404 -0.00473022 0.00147000
2264.46521341 1.00040805 0.00032595 0.49587392 0.32038608 94.25993033 -0.15147867 -0.07351685 0.00104530
2264.46590819 0.99978837 0.00032585 0.70346735 0.93135359 90.52993527 -0.17457636 -0.03424072 0.00119729
2264.46660297 1.00101375 0.00032605 0.41129659 -0.01213962 86.79028964 -0.12603430 -0.03424072 0.00105846
2264.46729775 0.99981829 0.00032586 -0.37728716 -0.01306184 83.04259275 -0.05846845 -0.04406738 0.00091211
2264.46799254 0.99962296 0.00032582 0.06687487 0.42728845 79.28836290 -0.22154624 -0.02441406 0.00131654
2264.46868732 1.00006517 0.00032590 0.00485378 -0.00891097 75.52955450 -0.14754423 -0.03424072 0.00126851
2264.46938211 0.99927400 0.00032577 -0.09262085 -0.09509264 71.76791196 -0.15763963 -0.03424072 0.00124590
2264.47007689 0.99989743 0.00032587 -0.25663736 0.22702728 68.00549376 -0.04747032 -0.05389404 0.00079919
2264.47077168 1.00013542 0.00032591 -0.45902627 0.25689481 64.24419918 -0.05739315 -0.05389404 0.00081186
2264.47146645 1.00016123 0.00032591 -0.13036057 0.29097216 60.48585781 -0.12917325 -0.04406738 0.00104337
2264.47216124 1.00023459 0.00032592 -0.50118927 0.34960347 56.73219183 -0.13753962 -0.06372070 0.00117779
2264.47285602 0.99957157 0.00032582 -0.42210389 -0.17882341 52.98509012 -0.22038042 -0.05389404 0.00155338
2264.47355081 0.99995182 0.00032588 -0.47177496 0.29491838 49.24617089 -0.14265122 -0.07351685 0.00119411
2264.47424559 1.00011180 0.00032590 -0.34986306 0.49581131 45.51666619 -0.10284324 -0.04406738 0.00093322
2264.47494038 1.00036908 0.00032595 -0.32209702 0.37154686 41.79790484 -0.09297464 -0.09310913 0.00094315
2264.47563516 0.99996098 0.00032588 -0.19986861 0.39732394 38.09109521 -0.16286089 -0.07351685 0.00118111
2264.47632993 0.99987819 0.00032587 0.71644316 0.43826390 34.39709668 -0.22470736 -0.04406738 0.00133991
2264.47702472 0.99928938 0.00032577 -0.03210849 0.01503029 30.71628096 -0.14459359 -0.05389404 0.00124358
2264.47771950 0.99974508 0.00032584 -0.33041924 0.33782322 27.04914588 -0.12966658 -0.08331299 0.00106689
2264.47841429 1.00001936 0.00032589 -0.57088720 0.14110559 23.39589137 0.00358640 -0.07351685 0.00073385
2264.47910907 0.99994774 0.00032588 0.02520148 -0.01190292 19.75642911 -0.07585673 -0.05389404 0.00092196
2264.47980386 1.00033515 0.00032594 0.02170011 0.06475100 16.13044684 0.01235878 -0.09310913 0.00068584
2264.48049864 1.00016249 0.00032591 -0.77671004 -0.17660122 12.51745420 -0.09242214 -0.07351685 0.00108394
2264.48119342 1.00060624 0.00032598 -0.91550478 -0.00246018 8.91681215 -0.00060074 -0.07351685 0.00081240
2264.48188820 1.00000653 0.00032589 -0.26123334 0.27186764 5.32750041 -0.03986250 -0.07351685 0.00077831
2264.48258299 1.00043797 0.00032596 -0.60470014 0.23463033 1.74863909 -0.05795309 -0.05389404 0.00085847
2264.48327777 1.00052751 0.00032597 0.02948598 0.42730255 358.17884410 -0.13314612 -0.11270142 0.00113063
2264.48397256 1.00046672 0.00032596 0.50648650 0.35424203 354.61694892 -0.22674522 -0.06372070 0.00137741
2264.48466734 1.00038957 0.00032595 -0.09675583 -0.47003303 351.06137897 -0.19473988 -0.05389404 0.00146125
2264.48536213 1.00061849 0.00032599 0.03770972 -0.58811401 347.51081167 -0.11625920 -0.06372070 0.00112892
2264.48605690 0.99932142 0.00032577 0.25998967 -0.41300226 343.96362910 -0.23882340 -0.08331299 0.00156498
2264.48675169 1.00015383 0.00032591 0.09930099 -0.58887037 340.41814128 -0.00530557 -0.07351685 0.00079135
2264.48744647 0.99972501 0.00032584 -0.28701379 -0.30484556 336.87282976 -0.17602847 -0.07351685 0.00142298
2264.48814126 1.00049217 0.00032597 -0.23843698 -0.28702969 333.32599780 -0.14770536 -0.08331299 0.00133485
2264.48883604 1.00027679 0.00032593 0.06838665 -0.23019521 329.77613902 -0.08056737 -0.08331299 0.00102434
2264.48953083 1.00039971 0.00032595 0.06199458 0.10125975 326.22161777 -0.03707452 -0.09313965 0.00081555
2264.49092038 0.99960060 0.00032582 0.04235032 0.04170354 319.09297670 -0.11780862 -0.07354736 0.00112808
2264.49161517 0.99953181 0.00032581 -0.35122888 -0.12348331 315.51645528 -0.07267886 -0.13226318 0.00109360
2264.49230995 0.99951027 0.00032581 -0.43043638 -0.13371992 311.93007211 -0.08002033 -0.11270142 0.00116245
2264.49300474 1.00005362 0.00032589 -0.47752250 -0.75016764 308.33260586 0.01434177 -0.11270142 0.00070923
2264.49369952 0.99981395 0.00032585 -0.65270638 -0.42208376 304.72348436 -0.04140701 -0.12249756 0.00107326
2264.49439431 1.00034816 0.00032594 -0.62028521 -0.60019459 301.10233954 -0.11823081 -0.11270142 0.00116536
2264.49508909 0.99959014 0.00032582 -0.86525635 -0.23173484 297.46881098 -0.11619134 -0.11270142 0.00127825
2264.49578387 0.99964794 0.00032583 -0.56748706 -0.71035928 293.82259216 -0.01121573 -0.09313965 0.00091713
2264.49647865 0.99959042 0.00032582 -0.49415311 -0.67333779 290.16323743 0.01033012 -0.11270142 0.00079412
2264.49717344 0.99917842 0.00032575 -0.08217910 -0.66551734 286.49108974 0.07455425 -0.09313965 0.00057948
2264.49786822 1.00051895 0.00032597 0.61411823 -0.22842745 282.80694029 -0.22251336 -0.11270142 0.00157355
2264.49925779 1.00031430 0.00032594 0.02591501 -0.55522254 275.40583852 -0.00860331 -0.09313965 0.00085630
2264.49995258 1.00004955 0.00032589 0.17828953 -0.32413835 271.69049314 -0.14914939 -0.11270142 0.00136521
2264.52010129 0.99965343 0.00032583 0.56577140 -0.57886978 165.76280152 -0.03282104 -0.13226318 0.00090668
2264.52079608 0.99984563 0.00032586 0.33900466 -0.63363543 162.23822440 -0.04850793 -0.13226318 0.00092641
2264.52149085 0.99988487 0.00032587 0.72609481 -0.64221903 158.71342465 -0.06414270 -0.17129517 0.00099096
2264.52218564 0.99956320 0.00032581 0.23738682 -0.19794907 155.18660190 -0.18080707 -0.17129517 0.00143895
2264.52288042 0.99980899 0.00032585 -0.05606585 0.12251536 151.65618492 0.00926185 -0.13226318 0.00069777
2264.52357521 0.99924480 0.00032576 0.01546950 0.15361337 148.12065867 -0.00156161 -0.12249756 0.00073414
2264.52426999 1.00041791 0.00032595 0.06640177 0.09651016 144.57851262 -0.12374369 -0.12249756 0.00129599
2264.52496478 1.00006082 0.00032589 -0.14441889 -0.47060532 141.02824362 -0.06076292 -0.15179443 0.00108997
2264.52565956 1.00003414 0.00032589 0.34700382 -0.12319585 137.46834134 -0.22637496 -0.13226318 0.00158204
2264.52704912 0.99967448 0.00032583 0.47099601 0.51422012 130.31460348 -0.30964459 -0.15179443 0.00189358
2264.52774390 0.99942207 0.00032579 0.39871618 0.98206317 126.71908453 -0.16178128 -0.13226318 0.00124617
2264.52843869 0.99907196 0.00032573 -0.19352994 0.31907146 123.11017281 -0.12715961 -0.13226318 0.00118687
2264.52913347 0.99924510 0.00032576 0.33926798 0.64680628 119.48713943 -0.19465769 -0.13226318 0.00142248
2264.52982826 1.00004172 0.00032589 0.54999048 0.90130638 115.84929035 -0.10008747 -0.12249756 0.00115431
2264.53052304 0.99960089 0.00032582 0.35364946 0.17609667 112.19657413 -0.10849257 -0.13226318 0.00102321
2264.53121783 1.00012080 0.00032590 0.76615278 0.30898139 108.52942306 -0.09835466 -0.12249756 0.00100957
2264.53191260 1.00006280 0.00032590 0.88267507 0.55907472 104.84834967 -0.16351447 -0.13226318 0.00134031
2264.53260739 0.99978885 0.00032585 0.72782443 0.44157790 101.15368108 -0.17770901 -0.15179443 0.00132310
2264.53330217 1.00036231 0.00032594 0.26671137 0.70653716 97.44592760 -0.33042185 -0.11270142 0.00191672
2264.53399696 0.99955267 0.00032581 0.82285964 0.43693203 93.72590953 -0.12422547 -0.16156006 0.00115402
2264.53469174 1.00021734 0.00032592 0.73169917 0.90322019 89.99511398 -0.12513634 -0.13226318 0.00118185
2264.53538653 1.00007124 0.00032590 0.34384330 0.06613084 86.25510888 -0.14567094 -0.15179443 0.00140726
2264.53608131 0.99957977 0.00032582 -0.15889248 0.10276263 82.50745427 -0.05595769 -0.12249756 0.00105009
2264.53677608 0.99954637 0.00032581 0.11317127 0.03654074 78.75378101 -0.17412888 -0.13226318 0.00136426
2264.53747087 0.99977056 0.00032585 0.02077566 -0.04863784 74.99557440 -0.15959340 -0.15179443 0.00136954
2264.53816565 1.00031080 0.00032594 0.08409805 0.06408644 71.23476342 -0.13659998 -0.12249756 0.00129123
2264.53886044 0.99988806 0.00032587 -0.25230311 0.22635664 67.47328127 -0.09565394 -0.13226318 0.00106406
2264.53955522 1.00035863 0.00032594 -0.43030778 0.30852608 63.71306867 -0.10776943 -0.11270142 0.00117525
2264.54025001 1.00012398 0.00032591 -0.08320850 0.44873312 59.95605868 -0.19578226 -0.15179443 0.00145405
2264.54094479 1.00040089 0.00032595 -0.54291162 0.21062658 56.20416988 -0.12373885 -0.16156006 0.00121898
2264.54163957 1.00056272 0.00032598 -0.34044447 -0.10878831 52.45905063 -0.13359859 -0.15179443 0.00136949
2264.54233435 0.99963435 0.00032583 -0.50618543 0.50198449 48.72191994 -0.22149265 -0.17129517 0.00164179
2264.54302914 0.99960589 0.00032582 -0.32030497 0.22115384 44.99417910 -0.02891584 -0.13226318 0.00087553
2264.54372392 0.99956792 0.00032581 -0.51885533 0.26790700 41.27716102 -0.07412401 -0.14202881 0.00105918
2264.54441871 0.99974681 0.00032584 -0.34450356 0.04402071 37.57220194 -0.04831904 -0.12249756 0.00104903
2264.54511349 0.99979649 0.00032585 0.72178295 -0.02177249 33.88023605 -0.19705226 -0.15179443 0.00151084
2264.54580828 0.99958603 0.00032582 -0.06616492 -0.07918251 30.20148928 -0.12028118 -0.14202881 0.00121262
2264.54650306 1.00020125 0.00032592 -0.18014482 0.36064347 26.53610432 -0.12947710 -0.15179443 0.00114884
2264.54719783 0.99992651 0.00032587 -0.49886139 0.33644172 22.88429247 -0.10244498 -0.15179443 0.00116497
2264.54789262 1.00013263 0.00032591 0.23419103 0.06186441 19.24607420 -0.06136941 -0.13226318 0.00104455
2264.54858740 1.00027863 0.00032593 0.17206032 0.16023399 15.62150682 -0.17544382 -0.14202881 0.00142346
2264.54928219 1.00057642 0.00032598 -0.65680149 0.10365295 12.00984967 -0.02667444 -0.15179443 0.00095326
2264.54997697 1.00023149 0.00032592 -0.64030295 0.09966876 8.41015391 -0.09949285 -0.17129517 0.00122119
2264.55067176 1.00057059 0.00032598 -0.45648327 0.12767395 4.82146312 -0.02757600 -0.16156006 0.00090393
2264.55136654 1.00049729 0.00032597 -0.67939869 0.27954406 1.24282848 0.02828342 -0.15179443 0.00074293
2264.55206132 1.00024389 0.00032592 -0.13601486 0.32559718 357.67332999 -0.12769961 -0.15179443 0.00122768
2264.55345089 1.00000432 0.00032589 0.02753992 -0.47518260 350.55595682 -0.09408039 -0.17129517 0.00121704
2264.55414567 1.00021727 0.00032592 0.06538740 -0.68283515 347.00501494 -0.13361057 -0.15179443 0.00133269
2264.55484046 1.00025120 0.00032593 0.18293918 -0.26779001 343.45715108 -0.15285131 -0.16156006 0.00141809
2264.55553524 1.00074347 0.00032601 0.09657283 -0.20793366 339.91079599 -0.14945050 -0.14202881 0.00147706
2264.55623003 1.00040128 0.00032595 -0.05435964 -0.13607802 336.36439307 0.00107127 -0.16156006 0.00092259
2264.55692481 0.99926627 0.00032577 -0.20136134 0.10780387 332.81638775 -0.00930533 -0.15179443 0.00092601
2264.55761958 0.99995131 0.00032588 0.02893593 -0.04760533 329.26529366 -0.06788510 -0.16156006 0.00112894
2264.55831437 1.00006640 0.00032590 -0.06473381 -0.15397893 325.70943807 -0.18988989 -0.15179443 0.00154092
2264.55900915 0.99988420 0.00032587 0.17995592 -0.31589853 322.14733435 -0.28251888 -0.15179443 0.00188679
2264.55970394 1.00062421 0.00032599 -0.08434222 0.06720259 318.57751861 -0.03442125 -0.15179443 0.00104434
2264.56039872 0.99985723 0.00032586 -0.26322420 0.02461272 314.99894636 -0.09579789 -0.17129517 0.00121071
2264.56109351 0.99981590 0.00032586 -0.43545060 -0.15909861 311.41069292 -0.17267799 -0.15179443 0.00155412
2264.56178829 1.00011156 0.00032590 -0.42925023 -0.39762535 307.81182821 -0.11271354 -0.15179443 0.00136374
2264.56248307 0.99996295 0.00032588 -0.13765685 -0.22003948 304.20149000 -0.05552718 -0.16156006 0.00116578
2264.56317785 1.00006326 0.00032590 -0.26354949 -0.35188856 300.57867002 -0.12429983 -0.14202881 0.00141593
2264.56387264 0.99926703 0.00032577 -0.52794490 -0.60218997 296.94314408 -0.09267488 -0.16156006 0.00145944
2264.56456742 1.00029369 0.00032593 -0.36144932 -0.70547487 293.29505352 -0.05517032 -0.21023560 0.00115122
2264.56526221 0.99959368 0.00032582 -0.50566553 -0.64932679 289.63455712 -0.11472503 -0.16156006 0.00132626
2264.56595700 0.99958498 0.00032582 -0.02136726 -0.58819256 285.96174450 0.07672849 -0.17129517 0.00070148
2264.56665178 1.00042474 0.00032595 0.30399266 -0.32953825 282.27696410 -0.18379601 -0.17129517 0.00157005
2264.56734657 0.99955094 0.00032581 0.36906844 -0.44488413 278.58050690 -0.21819609 -0.19079590 0.00169582
2264.56804135 1.00015641 0.00032591 0.08351383 -0.50706695 274.87383276 -0.08713496 -0.19079590 0.00132446
2264.56873613 0.99978047 0.00032585 0.29216942 -0.17579504 271.15802656 -0.07684406 -0.19079590 0.00116583
2264.58819006 1.00008991 0.00032590 0.16662043 0.94860589 168.78695741 -0.08898408 -0.22967529 0.00117336
2264.58888484 1.00014620 0.00032591 0.26002969 -0.28784047 165.26009647 -0.10530969 -0.21023560 0.00128912
2264.58957963 0.99967114 0.00032583 0.25275098 -0.57206483 161.73450324 0.01975510 -0.19079590 0.00083737
2264.59027441 0.99953798 0.00032581 0.49178656 -0.41753900 158.20852404 -0.22696126 -0.20050049 0.00173634
2264.59096920 0.99923948 0.00032576 -0.01563410 -0.09809055 154.68048945 -0.13322725 -0.21997070 0.00136355
2264.59166398 0.99903143 0.00032573 -0.23735593 0.07233003 151.14873708 -0.03792877 -0.18106079 0.00107178
2264.59235877 0.99958491 0.00032582 -0.14247657 0.32939133 147.61159749 0.00055312 -0.21023560 0.00083072
2264.59305355 0.99922516 0.00032576 -0.10389398 -0.07977149 144.06747734 -0.16276990 -0.21023560 0.00154406
2264.59374833 0.99941850 0.00032579 -0.13539022 -0.62166038 140.51513477 -0.10109027 -0.19079590 0.00134347
2264.59444311 1.00008011 0.00032590 0.24588702 -0.43372559 136.95323513 -0.19757253 -0.21023560 0.00163881
2264.59513790 0.99900441 0.00032572 0.48207688 -0.51485313 133.38062255 -0.11020213 -0.17129517 0.00140984
2264.59583268 0.99924258 0.00032576 0.49936752 0.08468080 129.79607623 -0.12315417 -0.17129517 0.00130507
2264.59652747 0.99938774 0.00032579 0.11938210 0.33803244 126.19842661 -0.02903605 -0.19079590 0.00099710
2264.59722225 0.99961889 0.00032582 -0.45907355 0.10340652 122.58705674 -0.09300997 -0.19079590 0.00124318
2264.59791704 0.99992641 0.00032587 0.36454871 0.62650757 118.96174160 -0.33158630 -0.21023560 0.00196491
2264.59861181 0.99948578 0.00032580 0.51438801 0.79113718 115.32231740 -0.10418960 -0.21023560 0.00134704
2264.59930659 1.00028059 0.00032593 0.21722035 0.07594475 111.66844461 -0.02039317 -0.16156006 0.00089271
2264.60000138 1.00003515 0.00032589 0.70248848 0.16414090 107.99996549 -0.01768198 -0.17129517 0.00085720
2264.60069616 1.00029859 0.00032593 0.46215568 0.39398812 104.31709931 -0.12376792 -0.17129517 0.00133091
2264.60139095 1.00008234 0.00032590 0.46247025 0.47054851 100.62076471 -0.26722098 -0.19079590 0.00178103
2264.60208573 0.99964559 0.00032583 0.05054277 0.82961172 96.91195335 -0.16170763 -0.19079590 0.00141772
2264.60278052 1.00009809 0.00032590 0.71895289 0.84464370 93.19164943 -0.09662605 -0.16156006 0.00124361
2264.60347530 0.99983870 0.00032586 0.60397809 0.79966877 89.46084468 -0.16082672 -0.19079590 0.00148192
2264.60417008 1.00007961 0.00032590 0.17285683 -0.06172647 85.72072028 -0.19487506 -0.17129517 0.00160119
2264.60486486 1.00011329 0.00032590 -0.39992984 -0.20414679 81.97284321 -0.11785219 -0.18106079 0.00138631
2264.60555965 1.00038816 0.00032595 0.06827955 -0.25199122 78.21911915 -0.20319323 -0.16156006 0.00171917
2264.60625443 0.99980491 0.00032585 -0.30721704 -0.07343243 74.46138507 -0.04615128 -0.17129517 0.00113346
2264.60694922 1.00010150 0.00032590 0.03062828 0.02619691 70.70148575 -0.09214575 -0.16156006 0.00124307
2264.60764400 1.00024476 0.00032592 -0.36931672 0.12723403 66.94125462 0.02181953 -0.19079590 0.00083633
2264.60833879 1.00041929 0.00032595 -0.33206066 0.39999327 63.18248602 -0.07866072 -0.15179443 0.00115211
2264.60903356 1.00009902 0.00032590 0.08792067 0.64322245 59.42699844 -0.30430308 -0.19079590 0.00199097
2264.60972834 1.00040383 0.00032595 -0.42417775 0.35058017 55.67642839 -0.08318332 -0.16156006 0.00122650
2264.61042313 1.00008666 0.00032590 -0.42838351 -0.10460698 51.93259365 -0.01172313 -0.20050049 0.00108427
2264.61111791 0.99938621 0.00032579 -0.40178356 0.42444753 48.19725168 -0.04820419 -0.19079590 0.00109477
2264.61181270 0.99961571 0.00032582 -0.52433603 0.25293695 44.47181455 -0.07101980 -0.19079590 0.00119660
2264.61250748 1.00058227 0.00032598 -0.56219775 0.55482573 40.75715863 -0.23060886 -0.20050049 0.00169548
2264.61320227 0.99933429 0.00032578 -0.16698960 0.23261051 37.05410359 -0.06124539 -0.19079590 0.00115099
2264.61389705 1.00024321 0.00032592 0.67588019 -0.00800581 33.36347667 -0.11633347 -0.17129517 0.00135963
2264.61459183 0.99941262 0.00032579 -0.20646417 0.09561051 29.68615920 -0.12168447 -0.20050049 0.00138952
2264.61528661 0.99988560 0.00032587 -0.42073462 0.35708597 26.02265820 -0.13595108 -0.18106079 0.00137613
2264.61598140 1.00051992 0.00032597 -0.28641469 0.24929142 22.37285892 -0.10968762 -0.20050049 0.00123115
2264.61667618 0.99972999 0.00032584 0.14685636 -0.19835915 18.73637060 -0.10458881 -0.19079590 0.00138447
2264.61737096 0.99983410 0.00032586 -0.18227872 0.17691731 15.11281004 -0.08610172 -0.21997070 0.00120871
2264.61806575 0.99995900 0.00032588 -0.94458505 -0.07097839 11.50178640 0.05340314 -0.21023560 0.00093282
2264.61876053 1.00071611 0.00032600 -0.51615078 0.12583419 7.90287348 -0.07975733 -0.13226318 0.00127513
2264.61945531 1.00061105 0.00032598 -0.62551957 0.24547180 4.31518336 -0.02216077 -0.15179443 0.00103162
2264.62015009 0.99989298 0.00032587 -0.45006148 0.25974653 0.73731501 -0.08177494 -0.18106079 0.00119126
2264.62084488 0.99987970 0.00032587 -0.00415503 -0.01914844 357.16803470 -0.19335267 -0.21023560 0.00163167
2264.62153966 1.00034949 0.00032594 0.32767784 0.15812883 353.60605578 -0.10625136 -0.21023560 0.00126002
2264.62223445 1.00073008 0.00032600 0.06873159 -0.51649734 350.05008221 -0.19746785 -0.19079590 0.00166129
2264.62292923 1.00056462 0.00032598 0.02705245 -0.78928395 346.49870202 0.04955325 -0.19079590 0.00080180
2264.62362402 0.99974744 0.00032584 0.26717747 -0.54357652 342.95030155 -0.16802570 -0.22967529 0.00157709
2264.62431880 1.00038954 0.00032595 0.10262960 -0.46102331 339.40325718 -0.07469185 -0.22967529 0.00124808
2264.62501357 1.00039150 0.00032595 -0.04316305 -0.23897172 335.85599771 -0.11025844 -0.20050049 0.00141295
2264.62570836 0.99981959 0.00032586 -0.00762266 0.09506544 332.30677864 0.02286454 -0.19079590 0.00092942
2264.62640314 1.00049148 0.00032597 0.05915541 0.17191088 328.75408474 -0.08828153 -0.21023560 0.00121804
2264.62709793 0.99971117 0.00032584 -0.02280053 -0.06965876 325.19654073 -0.10169947 -0.21997070 0.00134273
2264.62779271 0.99984370 0.00032586 0.17005601 -0.21294296 321.63283043 -0.24025647 -0.21023560 0.00184486
2264.62848750 0.99996705 0.00032588 -0.11140951 -0.05973201 318.06163019 -0.05924873 -0.22967529 0.00119376
2264.62918228 0.99946249 0.00032580 -0.20423275 -0.12660005 314.48162398 -0.07018081 -0.20050049 0.00130607
2264.62987707 1.00035227 0.00032594 -0.60571161 -0.50193361 310.89152946 -0.12824677 -0.22967529 0.00157421
2264.63057184 0.99999292 0.00032588 -0.66694667 -0.59017565 307.29061501 -0.01101799 -0.21023560 0.00108961
2264.63126663 1.00068950 0.00032600 -0.58455948 -0.48450865 303.67827303 -0.20627579 -0.22967529 0.00181203
2264.63196141 0.99935682 0.00032578 -0.36764708 -0.43963579 300.05408955 -0.13148248 -0.21023560 0.00158305
2264.63265620 1.00000172 0.00032589 -0.58920619 -0.33029630 296.41758306 -0.12458422 -0.21023560 0.00159134
2264.63335098 0.99997469 0.00032588 -0.34411749 -0.45552418 292.76828653 -0.05076086 -0.20050049 0.00131544
2264.63404577 0.99948486 0.00032580 -0.40328445 -0.48587500 289.10615760 -0.20577722 -0.20050049 0.00190874
2264.63474055 0.99950917 0.00032581 0.05733862 -0.42313500 285.43182892 -0.03990560 -0.22967529 0.00127618
2264.63543532 0.99939671 0.00032579 0.57194241 -0.27378547 281.74604500 -0.17237974 -0.21023560 0.00165626
2264.63613011 0.99999202 0.00032588 0.46105056 -0.68278073 278.04937023 -0.06752855 -0.22967529 0.00135764
2264.63682489 0.99959556 0.00032582 0.20018539 -0.44246293 274.34255448 -0.12917794 -0.21023560 0.00161045
2264.63751968 0.99953696 0.00032581 0.27746795 -0.25183997 270.62643703 -0.14910838 -0.24908447 0.00151869
2264.65697361 1.00073157 0.00032600 -0.00859137 0.63335637 168.28488419 -0.03126319 -0.22967529 0.00108431
2264.65766839 1.00013746 0.00032591 0.27475333 0.11611988 164.75740835 -0.01438753 -0.21997070 0.00101532
2264.65836317 0.99932260 0.00032577 0.27225120 -0.23299306 161.23088033 -0.17235242 -0.23941040 0.00167710
2264.65905796 0.99998667 0.00032588 0.40648749 -0.11481311 157.70366117 -0.14571989 -0.21023560 0.00152087
2264.65975274 0.99991861 0.00032587 0.12680887 0.01126415 154.17412581 -0.11809606 -0.22967529 0.00142708
2264.66044753 0.99972494 0.00032584 -0.12194155 0.16675854 150.64073572 0.08686135 -0.22967529 0.00071292
2264.66114230 0.99982520 0.00032586 0.11861455 0.27573401 147.10202346 -0.06060345 -0.22967529 0.00112495
2264.66183709 0.99999828 0.00032588 -0.24392961 -0.49499374 143.55635053 -0.15839399 -0.21997070 0.00164323
2264.66253187 1.00033119 0.00032594 0.03307268 -0.63832707 140.00224936 0.05372469 -0.25878906 0.00093365
2264.66322666 0.99958761 0.00032582 0.05866289 -0.13632320 136.43823671 -0.19595999 -0.22967529 0.00177660
2264.66392144 0.99998026 0.00032588 0.11391610 -0.48250826 132.86324414 -0.10899669 -0.22967529 0.00145216
2264.66461623 0.99894947 0.00032571 0.30795819 -0.03499858 129.27645017 -0.09709527 -0.22967529 0.00134723
2264.66531101 0.99968082 0.00032583 -0.04336009 0.36266649 125.67704446 0.02165692 -0.24908447 0.00092205
2264.66600578 0.99949495 0.00032580 -0.42459262 0.04799171 122.06427000 -0.06016179 -0.21023560 0.00132519
2264.66670057 0.99970018 0.00032584 0.81438439 0.86440448 118.43720377 -0.30085661 -0.20050049 0.00195133
2264.66739535 0.99945652 0.00032580 0.38526771 0.54483073 114.79553521 -0.19186544 -0.23941040 0.00179930
2264.66809014 1.00027001 0.00032593 0.40079183 -0.00523665 111.13953872 -0.13049832 -0.20050049 0.00139723
2264.66878492 1.00029252 0.00032593 0.76967664 -0.04323487 107.46953153 -0.02142616 -0.21023560 0.00107243
2264.66947971 0.99991388 0.00032587 0.57229041 0.25862277 103.78583846 -0.19474814 -0.19079590 0.00162440
2264.67017449 0.99964078 0.00032583 0.34454367 0.41357327 100.08877691 -0.22691478 -0.22967529 0.00168223
2264.67086928 1.00027599 0.00032593 0.44113107 0.38062777 96.37887509 -0.21037046 -0.21023560 0.00159036
2264.67156405 1.00063121 0.00032599 0.69122257 0.64496593 92.65746987 -0.20093834 -0.14202881 0.00172793
2264.67225883 1.00049734 0.00032597 0.64717959 0.45182609 88.92589058 -0.24845242 -0.21997070 0.00189791
2264.67295362 0.99992638 0.00032587 0.09671405 -0.12159207 85.18565381 -0.10412676 -0.22967529 0.00141823
2264.67364840 0.99959318 0.00032582 -0.24332791 0.17678498 81.43820820 -0.12613913 -0.21023560 0.00143896
2264.67434319 0.99964590 0.00032583 0.30182134 -0.08382970 77.68503555 -0.17970439 -0.21997070 0.00163807
2264.67503797 0.99994692 0.00032588 -0.20758211 -0.06020129 73.92787944 -0.02135486 -0.22967529 0.00114193
2264.67573276 1.00023680 0.00032592 0.00312595 -0.05781732 70.16865277 -0.09896315 -0.22967529 0.00141657
2264.67642754 0.99989964 0.00032587 -0.52286592 0.36073758 66.40926248 -0.12145331 -0.19079590 0.00146222
2264.67712232 0.99981323 0.00032585 -0.39986104 0.41125446 62.65168639 -0.11190843 -0.18106079 0.00133892
2264.67781710 1.00034020 0.00032594 -0.03777653 0.62775038 58.89770152 -0.26141260 -0.21023560 0.00189921
2264.67851189 0.99939906 0.00032579 -0.58731519 0.06407492 55.14908244 -0.08985741 -0.22967529 0.00130940
2264.67920667 0.99981278 0.00032585 -0.83273022 0.00073603 51.40724870 -0.06113534 -0.20050049 0.00136697
2264.67990146 1.00007674 0.00032590 -0.34269549 0.46392981 47.67360584 -0.09091746 -0.22967529 0.00129812
2264.68059624 1.00003132 0.00032589 -0.67281363 0.42455392 43.94955148 -0.07484534 -0.24908447 0.00123611
2264.68129102 0.99985317 0.00032586 -0.58321733 0.72917436 40.23649101 -0.24276520 -0.22967529 0.00189366
2264.68198580 0.99972516 0.00032584 -0.20497637 0.33273928 36.53567617 0.02441548 -0.20050049 0.00097687
2264.68268058 0.99968729 0.00032583 0.36711213 -0.01498309 32.84742467 -0.11289125 -0.23941040 0.00150769
2264.68337537 0.99976743 0.00032585 -0.20430267 0.27799432 29.17206999 -0.08225046 -0.24908447 0.00131071
2264.68407015 1.00032942 0.00032594 -0.56903998 0.47447671 25.50987800 -0.19291012 -0.22967529 0.00174305
2264.68476494 1.00053911 0.00032597 -0.06743107 0.40627763 21.86112188 -0.25416930 -0.24908447 0.00182931
2264.68545972 1.00082648 0.00032602 0.05308478 -0.02066170 18.22600301 0.03539373 -0.22967529 0.00097063
2264.68615451 0.99977270 0.00032585 -0.14572419 0.15393351 14.60406938 -0.08145502 -0.20053101 0.00129418
2264.68684928 1.00011408 0.00032590 -0.86348211 -0.05253820 10.99453497 -0.04536617 -0.21997070 0.00131457
2264.68754406 1.00089070 0.00032603 -0.61137316 -0.02289093 7.39643453 0.01684227 -0.22967529 0.00103796
2264.68823885 1.00010300 0.00032590 -0.57102877 0.26326669 3.80897736 -0.03487355 -0.21023560 0.00108144
2264.68893363 1.00003471 0.00032589 -0.37707988 0.37491395 0.23131372 -0.14811160 -0.21997070 0.00149729
2264.68962842 1.00071528 0.00032600 0.12649591 0.40162699 356.66232630 -0.32882926 -0.22967529 0.00214551
2264.69032320 1.00079976 0.00032602 0.19595861 0.28799688 353.10054034 -0.19395535 -0.23941040 0.00172740
2264.69101799 1.00056431 0.00032598 0.05852270 -0.45424447 349.54444660 -0.08192043 -0.22967529 0.00140221
2264.69171277 1.00021188 0.00032592 0.06237863 -0.53976044 345.99254331 -0.10845826 -0.23941040 0.00144692
2264.69240755 0.99983407 0.00032586 0.07651256 -0.51312385 342.44338069 -0.10855446 -0.22967529 0.00148842
2264.69310233 1.00019702 0.00032592 0.13990784 -0.48236530 338.89532761 -0.08711112 -0.21023560 0.00140498
2264.69379712 0.99974117 0.00032584 0.23147465 -0.18987331 335.34690192 -0.17856351 -0.21997070 0.00169977
2264.69449190 1.00051885 0.00032597 0.14769942 0.07526698 331.79655007 -0.00505537 -0.22967529 0.00101420
2264.69518668 0.99944451 0.00032579 0.20010604 0.01205381 328.24272550 -0.08717005 -0.22967529 0.00130328
2264.69588147 1.00058970 0.00032598 0.03621189 -0.11463721 324.68387465 -0.03473642 -0.26846313 0.00122390
2264.69657625 1.00021176 0.00032592 0.38657852 0.00167612 321.11848438 -0.14348750 -0.23941040 0.00149750
2264.69727103 0.99922978 0.00032576 -0.11056889 -0.17260095 317.54542605 -0.10168566 -0.26846313 0.00149608
2264.69796581 1.00030229 0.00032593 -0.21463330 0.12692113 313.96358952 -0.03930134 -0.25878906 0.00120455
2264.69866060 1.00032009 0.00032594 -0.48568266 -0.28259055 310.37203900 -0.07053470 -0.23941040 0.00149640
2264.69935538 1.00025690 0.00032593 -0.84513063 -0.18941602 306.76978619 -0.00192108 -0.26849365 0.00135044
2264.70005017 1.00010585 0.00032590 -0.66715439 -0.39188702 303.15584498 -0.15395238 -0.22967529 0.00174339
2264.70074495 0.99979798 0.00032585 -0.34812196 -0.43650757 299.52964895 -0.12341232 -0.23941040 0.00162661
2264.70143974 0.99974922 0.00032584 -0.48709292 -0.66890623 295.89119086 -0.01096554 -0.24908447 0.00128369
2264.70213452 0.99935024 0.00032578 -0.35746245 -0.70774850 292.24051196 -0.01945209 -0.23941040 0.00124393
2264.70282929 0.99909628 0.00032574 -0.39409570 -0.85329670 288.57770744 -0.01944529 -0.21997070 0.00124909
2264.70352408 1.00014266 0.00032591 0.02973858 -0.56029079 284.90269392 -0.03513773 -0.28784180 0.00139121
2264.70421886 0.99980047 0.00032585 0.48393283 -0.33850848 281.21578815 -0.20337587 -0.23941040 0.00180274
2264.70491365 0.99963643 0.00032583 0.58509491 -0.56423277 277.51798798 -0.03421335 -0.23941040 0.00132116
2264.70560843 1.00018397 0.00032592 0.30668980 -0.36481022 273.81046077 -0.20454684 -0.23941040 0.00190987
2264.70630322 0.99938689 0.00032579 0.35408744 -0.03834117 270.09436644 -0.12152220 -0.23941040 0.00149965
2264.72575714 0.99964316 0.00032583 0.26794612 0.38408867 167.78253745 -0.08813642 -0.26849365 0.00139129
2264.72645193 0.99954024 0.00032581 0.04022551 0.16214275 164.25420483 -0.02766402 -0.26849365 0.00125541
2264.72714671 1.00032853 0.00032594 0.20658690 -0.34618918 160.72670627 -0.14044675 -0.26849365 0.00166363
2264.72784150 0.99973446 0.00032584 0.43439455 -0.13920650 157.19840025 -0.17820054 -0.27816772 0.00181110
2264.72853627 1.00021137 0.00032592 0.34951939 -0.23702488 153.66769721 -0.15960017 -0.26846313 0.00173847
2264.72923105 0.99954815 0.00032581 0.06132418 0.03417467 150.13283716 0.01958970 -0.23941040 0.00101692
2264.72992584 0.99965681 0.00032583 0.08180911 0.19955727 146.59225554 -0.02705953 -0.28784180 0.00122349
2264.73062062 0.99912236 0.00032574 -0.22125907 -0.35187139 143.04456605 -0.11446336 -0.26849365 0.00157664
2264.73131541 0.99869477 0.00032567 0.09126309 -0.61534337 139.48849991 -0.02295469 -0.26849365 0.00125355
2264.73201019 1.00056908 0.00032598 0.12872264 -0.11931531 135.92279661 -0.18643093 -0.23941040 0.00192041
2264.73270498 0.99938765 0.00032579 0.56318141 -0.26545377 132.34618847 -0.15087393 -0.25878906 0.00165307
2264.73339975 0.99964773 0.00032583 0.36322044 0.27761904 128.75748371 -0.17547609 -0.18106079 0.00161041
2264.73826323 1.00055287 0.00032598 0.31519976 0.23070635 103.25416074 -0.08374018 -0.22967529 0.00135140
2264.73895802 0.99995296 0.00032588 -0.00312595 0.23467344 99.55574353 -0.03922763 -0.24908447 0.00122052
2264.73965280 1.00018792 0.00032592 0.61617716 0.21749525 95.84530253 -0.10688008 -0.22967529 0.00136130
2264.74034758 1.00066858 0.00032599 0.87910548 0.77909304 92.12369898 -0.11882063 -0.23941040 0.00151713
2264.74104237 1.00085895 0.00032602 0.83271283 0.34284915 88.39186163 -0.12154327 -0.24908447 0.00150721
2264.74173715 1.00008598 0.00032590 -0.11849440 -0.14656515 84.65125269 -0.09403606 -0.22967529 0.00151598
2264.74243194 1.00009538 0.00032590 -0.19789713 0.06786859 80.90362845 -0.11049035 -0.24908447 0.00152131
2264.74312671 1.00054352 0.00032597 0.05878644 -0.12819829 77.15080332 -0.18225794 -0.22967529 0.00182117
2264.74382150 1.00018911 0.00032592 -0.02704578 -0.02752580 73.39440841 -0.03327920 -0.24908447 0.00123941
2264.74451628 1.00037061 0.00032595 0.01242774 0.00916338 69.63626402 -0.10763857 -0.22967529 0.00148620
2264.74521107 1.00048985 0.00032596 -0.81064974 0.43565893 65.87813281 -0.04987990 -0.23941040 0.00134415
2264.74590585 1.00056995 0.00032598 -0.36738911 0.28931492 62.12179974 -0.09557252 -0.25878906 0.00137574
2264.74660064 1.00013263 0.00032591 -0.13602600 0.39403245 58.36904255 -0.04771171 -0.22967529 0.00132294
2264.74729542 0.99957420 0.00032582 -0.59992222 0.09285986 54.62164689 -0.03729915 -0.22967529 0.00134191
2264.74799020 0.99920976 0.00032576 -0.42833691 -0.02898755 50.88139072 -0.01266966 -0.22967529 0.00130160
2264.74868498 1.00018789 0.00032592 -0.26970229 0.65600240 47.14994213 -0.19257671 -0.23941040 0.00173279
2264.74937976 1.00059906 0.00032598 -0.69835874 0.34416690 43.42820364 -0.04370849 -0.22967529 0.00120821
2264.75007455 1.00038502 0.00032595 -0.37332390 0.35782524 39.71716040 -0.10674996 -0.23941040 0.00148127
2264.75076933 1.00003103 0.00032589 0.02628153 0.34923441 36.01772717 -0.17880274 -0.23941040 0.00167846
2264.75146412 1.00061977 0.00032599 0.48421038 -0.20676758 32.33082639 -0.15211920 -0.23941040 0.00174313
2264.75215890 0.99996119 0.00032588 -0.10379273 0.31707176 28.65729069 -0.00995974 -0.23941040 0.00120476
2264.75285369 0.99987512 0.00032586 -0.72383479 0.33670377 24.99723582 -0.06378094 -0.21997070 0.00141673
2264.75354846 1.00078710 0.00032601 0.01403628 0.27896024 21.35045536 -0.10082000 -0.23941040 0.00138100
2264.75424324 1.00023921 0.00032592 0.05442831 -0.19046718 17.71656171 -0.08094662 -0.23941040 0.00148003
2264.75493803 1.00014936 0.00032591 -0.10294265 0.22774095 14.09535093 -0.12589234 -0.23941040 0.00155776
2264.75563281 1.00000281 0.00032589 -0.76591161 0.27621199 10.48654109 -0.06374466 -0.23941040 0.00145851
2264.75632760 1.00040142 0.00032595 -0.19953725 -0.06836137 6.88945935 -0.08820983 -0.24908447 0.00149598
2264.75702238 1.00023485 0.00032592 -0.45931723 0.18975096 3.30292988 0.02295748 -0.26846313 0.00106876
2264.75771717 0.99998547 0.00032588 -0.38457489 0.43028508 359.72575295 -0.14310441 -0.23941040 0.00159735
2264.75841195 1.00108520 0.00032606 0.10446603 0.34170896 356.15672171 -0.17334607 -0.24908447 0.00164032
2264.75910672 1.00083224 0.00032602 0.04902603 0.03868679 352.59469612 -0.16184039 -0.26846313 0.00175341
2264.75980151 1.00082043 0.00032602 0.04494538 -0.73308613 349.03826806 0.03200261 -0.24908447 0.00104097
2264.76049629 1.00009107 0.00032590 0.11863700 -0.61801134 345.48596208 -0.05027478 -0.24908447 0.00126845
2264.76119108 1.00019783 0.00032592 -0.04388624 -0.45872670 341.93618669 -0.16741224 -0.26849365 0.00177283
2264.76188586 1.00000874 0.00032589 -0.08439166 -0.35337698 338.38735780 -0.07210342 -0.26849365 0.00145597
2264.76258065 1.00037997 0.00032595 0.06448230 -0.08790252 334.83788380 0.03325886 -0.26849365 0.00111061
2264.76327543 0.99979092 0.00032585 0.01233644 0.14907202 331.28619679 0.05083134 -0.25878906 0.00093265
2264.76397021 1.00047400 0.00032596 0.07124875 0.32867491 327.73092127 -0.16137359 -0.24908447 0.00163748
2264.76466499 1.00076256 0.00032601 0.07441117 0.03808366 324.17057936 -0.02893274 -0.26849365 0.00123990
2264.76535977 1.00006270 0.00032590 0.30631380 0.04014204 320.60387252 -0.05153527 -0.25878906 0.00132575
2264.76605456 0.99992261 0.00032587 -0.21119809 -0.22581560 317.02943733 -0.04226213 -0.26849365 0.00139884
2264.76674934 0.99962625 0.00032582 -0.14124181 0.17105003 313.44592763 0.07508997 -0.26849365 0.00093467
2264.76744413 0.99989165 0.00032587 -0.66981339 -0.32988406 309.85233357 -0.06196276 -0.25878906 0.00148446
2264.76813891 1.00003757 0.00032589 -0.80602394 -0.18566514 306.24807193 -0.02910519 -0.25878906 0.00142217
2264.76883369 0.99980582 0.00032585 -0.59584616 -0.45936720 302.63263854 -0.15884648 -0.26849365 0.00191616
2264.76952847 1.00001825 0.00032589 -0.08843898 -0.51620584 299.00535440 0.00599501 -0.30718994 0.00132220
2264.77022326 0.99987768 0.00032587 -0.42803371 -0.64144330 295.36571532 -0.05631542 -0.25878906 0.00147814
2264.77091804 0.99992250 0.00032587 -0.54895461 -0.69878108 291.71340748 -0.05062342 -0.26849365 0.00146369
2264.77161282 0.99968406 0.00032583 -0.21219679 -0.58518369 288.04884961 -0.04481159 -0.26849365 0.00143171
2264.77230761 0.99958373 0.00032582 0.14701981 -0.28771499 284.37260589 -0.13477904 -0.21023560 0.00173757
2264.77300239 0.99977056 0.00032585 0.52284711 -0.27956880 280.68524037 -0.16696265 -0.25878906 0.00180671
2264.77369717 0.99964449 0.00032583 0.50165403 -0.64352964 276.98737380 -0.12913921 -0.23941040 0.00175338
2264.77439195 1.00032270 0.00032594 0.12098147 -0.24293155 273.27951863 -0.19109947 -0.26849365 0.00193586
2264.77508674 1.00001712 0.00032589 0.47649631 -0.00073603 269.56295520 -0.09635886 -0.27816772 0.00155108
2264.79454066 1.00041385 0.00032595 0.02842328 0.66000807 167.28005452 -0.10159713 -0.27816772 0.00147238
2264.79523544 0.99972253 0.00032584 -0.07336762 -0.06155145 163.75096640 -0.03866289 -0.24908447 0.00137255
2264.79593023 0.99991470 0.00032587 0.16484710 -0.42677562 160.22241389 -0.13559607 -0.29751587 0.00173010
2264.79662501 1.00000994 0.00032589 0.25801110 -0.25330255 156.69281237 -0.15213534 -0.27816772 0.00174973
2264.79731980 0.99923320 0.00032576 0.05077845 -0.15756723 153.16060355 -0.02514791 -0.27816772 0.00129753
2264.79801458 0.99900078 0.00032572 -0.06729657 0.09181670 149.62425254 0.09076207 -0.28784180 0.00080982
2264.79870937 0.99926909 0.00032577 0.08820019 0.23104734 146.08221728 -0.08916442 -0.26849365 0.00154252
2264.79940414 0.99930453 0.00032577 -0.28241325 -0.38037160 142.53302077 -0.18411650 -0.24908447 0.00192209
2264.80009894 0.99930323 0.00032577 0.00744854 -0.61322925 138.97495720 -0.09282644 -0.25878906 0.00163396
2264.80079372 0.99939561 0.00032579 -0.06726432 -0.42897908 135.40696602 -0.02534029 -0.25878906 0.00140877
2264.80148850 0.99901972 0.00032573 0.73842816 -0.41553925 131.82808370 -0.20602530 -0.28784180 0.00192052
2264.81052068 1.00122924 0.00032609 -0.06448752 -0.49062623 84.11684020 -0.18646924 -0.24908447 0.00184500
2264.81121547 1.00024105 0.00032592 0.08222190 -0.21001398 80.36961114 -0.16932890 -0.24908447 0.00180065
2264.81191025 1.00027318 0.00032593 0.35973968 -0.11549243 76.61710441 -0.20838927 -0.26849365 0.00192761
2264.81260504 0.99993935 0.00032588 0.23867316 0.25396933 72.86118132 -0.02954516 -0.28784180 0.00111329
2264.81329982 0.99992296 0.00032587 0.25361437 -0.02910728 69.10370992 -0.09379132 -0.26849365 0.00151016
2264.81399460 1.00061519 0.00032599 -0.53278331 0.49958870 65.34656618 -0.13865304 -0.24908447 0.00159763
2264.81468938 0.99972777 0.00032584 -0.04528073 0.39664475 61.59168109 -0.16075712 -0.24908447 0.00162065
2264.81538416 0.99959065 0.00032582 -0.19464766 0.47882574 57.84070596 -0.07110223 -0.22967529 0.00145263
2264.81607895 0.99987910 0.00032587 -0.50439094 -0.18251825 54.09521293 -0.12040173 -0.24908447 0.00168991
2264.81677373 1.00057098 0.00032598 -0.40426028 -0.11328979 50.35665909 -0.08158347 -0.26849365 0.00153575
2264.81746852 0.99955222 0.00032581 -0.42238450 0.42108656 46.62650908 -0.09896585 -0.26849365 0.00148384
2264.81816330 1.00007313 0.00032590 -0.67537253 0.26741885 42.90621994 -0.01742960 -0.28784180 0.00130064
2264.81885808 0.99961556 0.00032582 -0.54932067 0.35044014 39.19716753 -0.11221593 -0.28784180 0.00159529
2264.81955286 0.99908775 0.00032574 0.20813568 0.37773936 35.50010796 -0.19765822 -0.23941040 0.00177444
2264.82024764 0.99995182 0.00032588 0.11680879 -0.05245759 31.81530942 -0.14324909 -0.27816772 0.00170613
2264.82094243 0.99984617 0.00032586 -0.32018983 0.39736600 28.14321702 -0.10884245 -0.23941040 0.00154026
2264.82163721 0.99958240 0.00032582 -0.82309422 0.52685678 24.48422138 -0.15123456 -0.24908447 0.00180357
2264.82233200 1.00051890 0.00032597 -0.01983723 0.53154097 20.83868730 -0.19399305 -0.28784180 0.00182081
2264.82302678 0.99995288 0.00032588 0.07784004 0.03968703 17.20647396 0.02082592 -0.26849365 0.00111276
2264.82372157 1.00014964 0.00032591 -0.61669726 -0.08496900 13.58686503 -0.06788475 -0.28784180 0.00156272
2264.82441635 1.00002516 0.00032589 -0.98273383 0.05258247 9.97912198 0.03798935 -0.24908447 0.00118743
2264.82511112 0.99941338 0.00032579 -0.62975585 0.01915271 6.38255895 0.04588992 -0.26846313 0.00103699
2264.82580591 1.00018450 0.00032592 -0.60944624 0.16146886 2.79631485 -0.01913070 -0.24908447 0.00120300
2264.82650069 1.00022787 0.00032592 -0.45459512 0.38760055 359.21954332 -0.13231949 -0.26849365 0.00162125
2264.82719548 1.00006312 0.00032590 0.20542722 0.40924565 355.65087977 -0.29098356 -0.26849365 0.00215838
2264.82789026 1.00066516 0.00032599 -0.06483284 -0.23648878 352.08889067 -0.07505416 -0.26849365 0.00147993
2264.82858505 1.00056439 0.00032598 0.04983473 -0.41128000 348.53213524 -0.11798573 -0.28784180 0.00169785
2264.82927983 1.00017137 0.00032591 0.24516869 -0.23222059 344.97917986 -0.24310290 -0.26846313 0.00207133
2264.82997460 1.00056549 0.00032598 0.02307203 -0.09441318 341.42863406 -0.12054431 -0.24908447 0.00167976
2264.83066939 1.00099829 0.00032605 -0.13113905 -0.13137709 337.87886687 -0.07564248 -0.25878906 0.00157552
2264.83136417 1.00014722 0.00032591 0.01153230 -0.05884740 334.32838799 0.01851736 -0.26849365 0.00119829
2264.83205896 1.00050073 0.00032597 -0.02366662 -0.17220694 330.77565461 -0.07523944 -0.26849365 0.00159161
2264.83275374 1.00006118 0.00032590 -0.08124458 0.02127582 327.21911654 -0.05846956 -0.26849365 0.00143137
2264.83344853 1.00024825 0.00032593 -0.03714574 -0.27217200 323.65723936 -0.15144799 -0.26849365 0.00182781
2264.83414331 0.99985411 0.00032586 0.27366010 0.05972908 320.08870768 -0.10139972 -0.26849365 0.00155868
2264.83483809 0.99958548 0.00032582 -0.31552505 -0.13743342 316.51245901 -0.06652140 -0.25878906 0.00157749
2264.83553287 1.00034698 0.00032594 -0.04360068 0.21676250 312.92749639 0.03142874 -0.26849365 0.00101290
2264.83622765 1.00018225 0.00032591 -0.35549432 -0.57439567 309.33264768 -0.08599882 -0.26849365 0.00159942
2264.83692244 0.99995070 0.00032588 -0.43066093 -0.28260328 305.72692155 -0.16367815 -0.29751587 0.00189052
2264.83761722 0.99984246 0.00032586 -0.56670695 -0.33877096 302.10950177 -0.14560002 -0.26849365 0.00194139
2264.83831201 0.99997028 0.00032588 -0.34006202 -0.39272109 298.48022091 -0.09451319 -0.26849365 0.00170469
2264.83900679 0.99987949 0.00032587 -0.49765489 -0.53049327 294.83901007 -0.04155001 -0.26849365 0.00145774
2264.83970157 1.00046811 0.00032596 -0.44616957 -0.55203048 291.18580763 -0.12724555 -0.27816772 0.00175821
2264.84039635 0.99926000 0.00032576 -0.25414450 -0.66585994 287.52060633 -0.06826184 -0.30718994 0.00161720
2264.84109113 0.99990192 0.00032587 0.16427690 -0.26583963 283.84331774 -0.19975574 -0.27816772 0.00200482
2264.84178592 1.00035319 0.00032594 0.41805174 -0.23357447 280.15472665 -0.10843016 -0.23941040 0.00160744
2264.84248070 0.99986317 0.00032586 0.26980957 -0.81244712 276.45587023 -0.01743164 -0.27816772 0.00150277
2264.84317549 0.99962563 0.00032582 0.23309627 -0.36561413 272.74777969 -0.20096442 -0.27816772 0.00197759
2264.84387027 1.00011964 0.00032590 0.56388780 0.00364656 269.03149371 -0.11787950 -0.27816772 0.00167636
