#time			flux		fluxerr		x			y		roll		contam			bg			smear
2297.88055718 0.99982245 0.00032596 0.51647735 -0.36866460 267.77984612 -0.09891531 0.02487183 0.00144353
2297.88125193 0.99983764 0.00032596 -0.01546694 -0.24317725 263.94554144 -0.04930000 -0.01455688 0.00131874
2297.88194667 0.99987855 0.00032597 0.27350886 0.14442284 260.13034435 -0.03017163 -0.01455688 0.00118415
2297.88264141 1.00110641 0.00032617 0.09282084 -0.51815755 256.33717450 0.03226034 -0.03424072 0.00102594
2297.88333615 0.99899353 0.00032582 -0.03156369 -0.42563721 252.56817692 -0.06653151 0.00515747 0.00135682
2297.88403090 0.99978162 0.00032595 0.01324832 -0.30720224 248.82550207 -0.10896889 -0.02441406 0.00148611
2297.88472565 0.99952932 0.00032591 0.09602039 0.02934093 245.11056105 -0.05096613 0.00515747 0.00126647
2297.88542038 0.99978134 0.00032595 0.42547933 0.17835686 241.42438299 -0.02651109 -0.01455688 0.00112815
2297.88611513 0.99922019 0.00032586 -0.07550179 0.15142649 237.76725029 -0.05811407 0.02487183 0.00130689
2297.88680987 0.99893849 0.00032581 -0.32860740 -0.35172813 234.13911260 -0.12504808 -0.01455688 0.00159987
2297.88750462 1.00014751 0.00032601 -0.18715315 -0.28268971 230.53956965 -0.16962693 -0.03424072 0.00176565
2297.88819936 1.00009346 0.00032600 -0.08556134 0.11108099 226.96747846 0.03413034 0.00515747 0.00098502
2297.88889410 0.99959086 0.00032592 -0.24765532 0.01835713 223.42175515 0.07191888 0.00515747 0.00082431
2297.88958884 1.00024972 0.00032603 0.20183024 -0.22665354 219.90042884 -0.17818636 0.03475952 0.00175330
2297.89028359 1.00011055 0.00032600 0.47514851 -0.10570491 216.40156808 -0.05227059 0.02487183 0.00126590
2297.89097834 1.00017963 0.00032602 0.23188813 -0.63086004 212.92277478 0.00622259 0.04461670 0.00108173
2297.89167308 1.00007080 0.00032600 0.52399955 0.14981645 209.46159518 -0.08434013 0.01501465 0.00126891
2297.89236782 0.99999269 0.00032599 0.58337181 -0.33523776 206.01519673 -0.17933398 -0.01455688 0.00162570
2297.89306256 0.99995261 0.00032598 0.67041532 -0.38653441 202.58057944 -0.08409115 -0.02441406 0.00137477
2297.89375731 1.00059724 0.00032608 0.39247319 -0.39019345 199.15463928 -0.16830831 -0.01455688 0.00164733
2297.89514679 1.00056917 0.00032608 0.52728156 -1.10827157 192.31627553 -0.09458846 -0.03424072 0.00143028
2297.89584154 0.99940527 0.00032589 0.15958062 -0.09875602 188.89730785 -0.06148621 0.02487183 0.00122628
2297.89653628 0.99945773 0.00032590 -0.04247647 -0.53945534 185.47412581 -0.03699700 -0.04406738 0.00122805
2297.89723103 1.00005343 0.00032600 0.08088850 -0.05141029 182.04344846 -0.01908135 -0.04406738 0.00111215
2297.89792577 0.99913624 0.00032585 -0.28946995 -0.17013833 178.60241041 -0.06282100 -0.01455688 0.00134017
2297.89862051 1.00008349 0.00032600 0.03831056 -0.00886491 175.14774173 -0.09895266 -0.03424072 0.00136496
2297.89931525 0.99972049 0.00032594 -0.07943182 0.35174551 171.67654927 -0.10085278 -0.01455688 0.00127080
2297.90001000 0.99977928 0.00032595 -0.35149150 0.19853083 168.18630184 -0.00163348 -0.03424072 0.00107857
2297.90070475 1.00008342 0.00032600 -0.02895737 -0.08717121 164.67440654 -0.08797535 -0.03424072 0.00150069
2297.90139949 1.00016434 0.00032601 0.09340202 -0.22671829 161.13868005 -0.12567648 -0.02441406 0.00157824
2297.90209423 0.99960039 0.00032592 0.31162615 -0.19522498 157.57741002 -0.18730149 -0.03424072 0.00173283
2297.90278897 1.00004736 0.00032599 0.08770860 0.13072915 153.98883631 -0.02591818 -0.00473022 0.00107343
2297.90348372 1.00033014 0.00032604 -0.25671915 -0.10966845 150.37182754 -0.10419623 0.02487183 0.00161234
2297.91598910 0.99977123 0.00032595 -0.22054129 -0.33697347 81.79523886 -0.05671259 -0.04406738 0.00132277
2297.91668385 0.99958066 0.00032592 0.54569093 -0.12643565 77.98585510 -0.18256664 -0.05389404 0.00172063
2297.91737860 0.99962373 0.00032593 -0.42118116 -0.29559983 74.19994445 -0.05191136 0.01501465 0.00134373
2297.91807333 1.00027918 0.00032603 -0.10271298 -0.11628122 70.43972031 -0.06465038 0.02487183 0.00135873
2297.91876808 0.99966397 0.00032593 -0.36972845 0.30373681 66.70658259 0.02585800 0.00515747 0.00090879
2297.91946282 0.99997624 0.00032598 -0.44757867 0.46180095 63.00196350 -0.02543645 -0.01455688 0.00108203
2297.92015757 1.00049056 0.00032607 -0.39618425 0.46303396 59.32648410 -0.01661684 -0.01455688 0.00106359
2297.92085231 1.00039705 0.00032605 -0.62384496 0.12418128 55.68035636 -0.02636909 -0.04406738 0.00125730
2297.92154705 1.00007180 0.00032600 -0.48696971 0.07793842 52.06321241 -0.06469224 -0.04406738 0.00140138
2297.92224179 1.00069727 0.00032610 -0.12614571 0.61214593 48.47434944 -0.10750783 -0.02441406 0.00143075
2297.92293654 0.99983253 0.00032596 -0.44522986 0.41696026 44.91255435 -0.01940291 -0.03424072 0.00103919
2297.92363129 0.99932815 0.00032588 -0.36105490 0.45726635 41.37622346 -0.07035817 -0.03424072 0.00126473
2297.92432603 0.99942862 0.00032589 -0.32833754 0.43693184 37.86344046 -0.08905436 -0.03424072 0.00131895
2297.92502077 1.00007569 0.00032600 0.45260335 0.35425291 34.37221226 -0.10677241 -0.07351685 0.00134445
2297.92571551 1.00001327 0.00032599 0.07431937 0.01243198 30.89972626 0.00563340 -0.04406738 0.00105687
2297.92641026 0.99972275 0.00032594 0.11767720 0.22942503 27.44349000 -0.01363524 -0.07351685 0.00112342
2297.92710501 0.99959632 0.00032592 -0.69921360 0.50529098 24.00055768 -0.01331539 -0.03424072 0.00115171
2297.92779975 0.99989347 0.00032597 0.00403133 0.65580065 20.56793590 -0.05045833 -0.05389404 0.00126076
2297.92849449 1.00074118 0.00032611 0.08589444 0.19257562 17.14250920 0.05567994 -0.03424072 0.00081297
2297.92918923 0.99992468 0.00032597 -0.37079655 0.28524250 13.72094290 -0.01384316 -0.06372070 0.00122724
2297.92988398 1.00087555 0.00032613 -0.76228153 0.42317755 10.29995643 -0.02210568 -0.01455688 0.00115926
2297.93057872 0.99995684 0.00032598 -0.38161802 -0.05377241 6.87638106 -0.06657320 -0.09313965 0.00137082
2297.93127347 0.99995640 0.00032598 -0.43850109 0.09778568 3.44703564 -0.12302979 -0.07351685 0.00160242
2297.93196820 1.00024708 0.00032603 -0.36137368 0.28612698 0.00864569 -0.03956751 -0.06372070 0.00123312
2297.93266295 1.00068903 0.00032610 -0.08458105 0.55130406 356.55820327 0.07517966 -0.05389404 0.00078910
2297.93335770 1.00111623 0.00032617 0.21901991 0.46714102 353.09265033 -0.00130596 -0.05389404 0.00095747
2297.93405244 1.00041895 0.00032606 0.20112958 -0.43166081 349.60924650 -0.10707677 -0.05389404 0.00139106
2297.93474719 1.00059283 0.00032608 -0.03785651 -0.24483690 346.10556747 -0.12154091 -0.06372070 0.00151384
2297.93544192 1.00110858 0.00032617 0.16587912 0.09234132 342.57920565 0.06769862 -0.09313965 0.00080211
2297.93613667 0.99987772 0.00032597 0.07329975 -0.38948626 339.02812988 -0.06618182 -0.07351685 0.00143136
2297.93683142 1.00008090 0.00032600 0.11664270 -0.07990020 335.45060663 0.02124233 -0.05389404 0.00106231
2297.93752616 1.00058449 0.00032608 -0.08637545 0.31663301 331.84541678 -0.04250724 -0.05389404 0.00117276
2297.93822090 0.99986494 0.00032596 0.26958394 0.11508961 328.21169735 -0.05753290 -0.00473022 0.00124629
2297.93891564 1.00026153 0.00032603 -0.17533769 0.10157842 324.54882666 0.04491468 -0.07351685 0.00098369
2297.93961039 1.00002978 0.00032599 0.16218508 0.08761639 320.85680499 -0.00023951 -0.05389404 0.00105348
2297.94030513 1.00074670 0.00032611 -0.15216969 0.12297164 317.13624112 -0.01994260 -0.09313965 0.00116888
2297.94099988 0.99975390 0.00032595 -0.37954615 -0.03679242 313.38805116 -0.04353373 -0.08331299 0.00134504
2297.94169461 1.00065214 0.00032609 -0.53946678 -0.59230267 309.61389609 -0.03884677 -0.08331299 0.00122265
2297.94238936 1.00011482 0.00032601 -0.58827573 -0.11338525 305.81563590 -0.06713707 -0.11270142 0.00141980
2297.94308411 0.99972107 0.00032594 -0.61785235 -0.25498648 301.99574881 -0.17526357 -0.07351685 0.00182182
2297.94377885 1.00008123 0.00032600 -0.67504818 -0.09226407 298.15738445 -0.04199520 -0.02441406 0.00128764
2297.94447360 0.99987193 0.00032597 -0.55906703 -0.80968144 294.30349709 -0.02535236 -0.03424072 0.00130101
2297.94516833 0.99969852 0.00032594 -0.48452724 -0.63209960 290.43799663 -0.02524371 -0.07354736 0.00121037
2297.94586308 0.99965510 0.00032593 -0.19737495 -0.55488487 286.56491469 -0.02905059 -0.11270142 0.00124984
2297.94655782 0.99974644 0.00032595 0.24314197 0.08020751 282.68847551 -0.04408369 -0.05389404 0.00123283
2297.94725257 0.99992702 0.00032597 0.46249022 -0.22370964 278.81274947 -0.12811915 -0.11270142 0.00149609
2297.94794732 1.00051900 0.00032607 0.30613823 -0.58677833 274.94169911 0.02556283 -0.03424072 0.00101401
2297.94864205 1.00048782 0.00032607 0.54052182 -0.39897324 271.07933491 -0.17700788 -0.09313965 0.00178163
2297.94933680 0.99980947 0.00032596 0.02839922 0.02852822 267.22948107 -0.10161790 -0.03424072 0.00145853
2297.95003154 1.00009314 0.00032600 -0.17111384 -0.09699631 263.39614846 0.00439818 -0.07354736 0.00117225
2297.95072629 1.00022975 0.00032602 0.15983699 0.35650063 259.58291159 0.00170223 -0.11270142 0.00098582
2297.95142104 1.00016177 0.00032601 0.01634540 -0.77063217 255.79200285 0.09648580 -0.11270142 0.00087959
2297.95211577 0.99954545 0.00032591 -0.00189319 -0.37385136 252.02542981 -0.04123339 -0.13226318 0.00131224
2297.95281052 1.00010899 0.00032600 -0.12248631 -0.29676751 248.28501070 -0.13667095 -0.05389404 0.00166837
2297.95350526 0.99911775 0.00032584 -0.11447191 -0.06013713 244.57274761 -0.13799106 -0.05389404 0.00168966
2297.95420001 1.00018374 0.00032602 0.31862358 0.35364175 240.89041081 -0.09183721 -0.09313965 0.00141933
2297.95489475 0.99962856 0.00032593 -0.25063209 -0.06470181 237.23801532 -0.00329773 -0.11270142 0.00117960
2297.95558949 0.99979646 0.00032595 -0.18924584 -0.40150717 233.61464566 -0.08420339 -0.05389404 0.00147961
2297.95628423 0.99947184 0.00032590 -0.45145915 -0.33834296 230.01918527 -0.13746063 -0.20053101 0.00173731
2297.95697898 0.99902286 0.00032583 -0.15203229 0.10167871 226.45070742 0.00073058 -0.14202881 0.00109692
2297.95767373 0.99945733 0.00032590 -0.34437058 -0.10747948 222.90820574 0.01255439 -0.05389404 0.00109850
2297.95836847 0.99974796 0.00032595 0.38229153 -0.15732986 219.39018241 -0.21102583 -0.07351685 0.00187313
2297.95906321 1.00015115 0.00032601 0.30581651 -0.31415638 215.89451005 -0.14328143 -0.10293579 0.00165311
2297.95975795 0.99991593 0.00032597 0.25530329 -0.41628435 212.41884183 -0.06513756 -0.09313965 0.00132721
2297.96045270 0.99974525 0.00032595 0.45095455 0.07388825 208.96100716 -0.14008693 -0.08331299 0.00153180
2297.96114745 0.99948066 0.00032590 0.59906281 -0.45001553 205.51877101 -0.08794530 -0.12249756 0.00141436
2297.96184219 0.99988934 0.00032597 0.69733934 -0.34292788 202.08958998 -0.06626680 -0.11270142 0.00138488
2297.96253693 1.00045932 0.00032606 0.42487798 -0.54820589 198.66988441 -0.03872699 0.00515747 0.00118264
2297.96392642 0.99967887 0.00032593 0.49730926 -0.89846885 191.84315057 0.00574124 -0.09310913 0.00109354
2297.96462116 0.99965562 0.00032593 0.16886719 -0.05494989 188.42844529 -0.13468046 -0.10293579 0.00150306
2297.96531591 1.00056942 0.00032608 -0.07296104 -0.52818866 185.00776469 -0.06258027 -0.13226318 0.00130672
2297.96601064 0.99921316 0.00032586 -0.07480117 -0.00244866 181.57810771 0.06843698 -0.11270142 0.00086571
2297.96670539 0.99998200 0.00032598 -0.27220903 -0.21954817 178.13671001 -0.07959158 -0.15179443 0.00144605
2297.96740014 0.99974558 0.00032595 0.14008950 -0.03230775 174.68097909 0.02791891 -0.09310913 0.00099067
2297.96809488 0.99960373 0.00032592 -0.29042127 0.52683954 171.20827184 -0.15349420 -0.15179443 0.00158817
2297.96878963 0.99885782 0.00032580 -0.38543193 -0.03329029 167.71594670 -0.08394924 -0.09310913 0.00141862
2297.96948436 0.99992668 0.00032597 -0.05207796 -0.26314031 164.20177991 -0.14650649 -0.16156006 0.00170361
2297.97017911 1.00018443 0.00032602 0.02965188 -0.20989748 160.66383428 0.00778730 -0.07351685 0.00119772
2297.97087385 0.99980259 0.00032595 0.34975899 -0.04170395 157.10038984 -0.20113070 -0.07351685 0.00173193
2297.97156860 0.99947989 0.00032590 0.04561684 0.05942520 153.50966022 -0.03923067 -0.15179443 0.00127093
2297.97226335 0.99884998 0.00032580 -0.41440986 -0.09580553 149.88986650 -0.09550781 -0.09310913 0.00152285
2297.98337925 1.00054226 0.00032608 0.36463677 0.09014465 88.94555969 -0.12252410 -0.09313965 0.00147929
2297.98407398 1.00022437 0.00032602 0.13788683 -0.34138024 85.09929636 0.05255913 -0.07354736 0.00098677
2297.98476873 1.00021568 0.00032602 -0.35036551 0.15348804 81.27107772 -0.02936162 -0.07354736 0.00125527
2297.98546347 1.00148665 0.00032623 0.41148702 0.26580986 77.46358856 -0.13779730 -0.07351685 0.00152789
2297.98615822 1.00027122 0.00032603 0.09253829 -0.03683569 73.67945662 -0.02764426 -0.13226318 0.00129686
2297.98685297 1.00028619 0.00032603 -0.00358850 0.10681928 69.92130202 0.03318988 -0.13226318 0.00097722
2297.98754770 0.99979769 0.00032595 -0.26587342 0.33717864 66.19163150 0.03116120 -0.09313965 0.00093116
2297.98824245 1.00035249 0.00032604 -0.36280582 0.53650544 62.49109806 -0.07360629 -0.10293579 0.00139359
2297.98893719 1.00074377 0.00032611 -0.33614590 0.36147111 58.81964082 0.01986645 -0.08331299 0.00112360
2297.98963194 1.00029618 0.00032604 -0.55738023 0.32014696 55.17713518 -0.02407960 -0.06372070 0.00120667
2297.99032668 1.00050767 0.00032607 -0.35584081 -0.07097448 51.56344877 -0.10871133 -0.09310913 0.00161072
2297.99102142 1.00045532 0.00032606 -0.01923891 0.57125775 47.97849351 -0.09159621 -0.16156006 0.00144276
2297.99171617 1.00031440 0.00032604 -0.57743045 0.39727607 44.42110846 -0.04043558 -0.12249756 0.00121235
2297.99241091 0.99993452 0.00032598 -0.40540359 0.55468741 40.88918008 -0.05175465 -0.11270142 0.00128455
2297.99310566 1.00104117 0.00032616 -0.17302217 0.48693184 37.38045194 -0.11851752 -0.11270142 0.00157587
2297.99380040 1.00000931 0.00032599 0.45364209 0.35968469 33.89267487 -0.13493297 -0.12249756 0.00157535
2297.99449514 1.00023937 0.00032603 0.22062189 0.03309218 30.42365031 -0.15920608 -0.12249756 0.00169669
2297.99518988 1.00032194 0.00032604 -0.07859929 0.15213633 26.97080981 -0.13125017 -0.11270142 0.00160215
2297.99588463 0.99968570 0.00032594 -0.60057139 0.47991941 23.53111049 -0.01083250 -0.17129517 0.00110555
2297.99657938 1.00074109 0.00032611 0.07979785 0.53661637 20.10131559 -0.20245221 -0.13226318 0.00184091
2297.99727412 1.00062377 0.00032609 0.13858671 0.30148294 16.67819523 0.03767810 -0.13226318 0.00099600
2297.99796886 0.99960979 0.00032592 -0.43964153 0.34753474 13.25857005 -0.01449659 -0.09310913 0.00122903
2297.99866360 1.00029569 0.00032603 -0.79344434 0.43786960 9.83909852 0.05156825 -0.14202881 0.00100442
2297.99935835 0.99955805 0.00032591 -0.24377771 -0.04974697 6.41663145 -0.12895319 -0.11270142 0.00163274
2298.00005309 0.99983343 0.00032596 -0.44245024 0.06735790 2.98798348 -0.02786821 -0.21023560 0.00135941
2298.00074784 0.99983830 0.00032596 -0.35815147 0.46047404 359.54996226 -0.03922419 -0.19079590 0.00126483
2298.00144259 1.00008415 0.00032600 -0.08683805 0.61410796 356.09938274 -0.08299278 -0.12249756 0.00132977
2298.00213732 1.00118823 0.00032618 0.25399004 0.19762289 352.63312304 -0.01460419 -0.09310913 0.00117603
2298.00283207 1.00008135 0.00032600 0.10774578 -0.49527623 349.14833854 -0.13497629 -0.10293579 0.00178316
2298.00352681 1.00040501 0.00032605 0.12866438 -0.17991179 345.64292279 0.00560891 -0.15179443 0.00112005
2298.00422156 0.99998996 0.00032599 0.20548389 -0.11842194 342.11474219 -0.11753743 -0.11270142 0.00166779
2298.00491630 1.00049021 0.00032607 0.04020376 -0.40050675 338.56167008 -0.16388873 -0.14202881 0.00180904
2298.00561104 0.99977277 0.00032595 0.14577445 0.17777281 334.98163333 0.02068384 -0.16156006 0.00104013
2298.00630578 1.00096803 0.00032614 -0.22329823 0.31416780 331.37284637 0.05138862 -0.07351685 0.00094386
2298.00700053 1.00097790 0.00032615 0.24085435 0.21029530 327.73514941 0.03104311 -0.14202881 0.00094079
2298.00769528 1.00030211 0.00032604 -0.17147181 0.09474321 324.06861610 0.00767777 -0.15179443 0.00111043
2298.00839002 1.00038183 0.00032605 0.14947386 0.10675643 320.37331266 0.01023437 -0.15179443 0.00110815
2298.00908476 1.00034572 0.00032604 -0.22848292 0.03263774 316.64937361 -0.01852163 -0.11270142 0.00126554
2298.00977950 1.00044255 0.00032606 -0.24690233 -0.04915705 312.89693807 0.03444668 -0.16156006 0.00107329
2298.01047425 0.99968670 0.00032594 -0.48370828 -0.50515780 309.11800743 -0.07954668 -0.17129517 0.00150625
2298.01116899 1.00037622 0.00032605 -0.64663826 -0.28959651 305.31539637 -0.10563704 -0.08331299 0.00159926
2298.01186374 1.00011331 0.00032601 -0.57340231 -0.19934282 301.49191925 -0.12844721 -0.13226318 0.00167016
2298.01255847 0.99945353 0.00032590 -0.65025464 -0.08650875 297.65046260 -0.03974258 -0.09310913 0.00136568
2298.01325322 1.00008715 0.00032600 -0.57835246 -1.01224873 293.79373043 0.03925143 -0.13226318 0.00112742
2298.01394797 0.99945292 0.00032590 -0.60254209 -0.58940605 289.92528256 -0.02780156 -0.08331299 0.00127072
2298.01464271 0.99955803 0.00032591 0.00433393 -0.39800237 286.04941787 0.07070956 -0.18106079 0.00103989
2298.01533746 1.00008839 0.00032600 0.26368091 0.10134138 282.17049356 0.01460636 -0.19079590 0.00108034
2298.01603220 1.00000011 0.00032599 0.35643105 -0.31939729 278.29285899 -0.10684994 -0.07351685 0.00159726
2298.01672694 0.99989125 0.00032597 0.53085264 -0.56026787 274.42093421 -0.04666818 -0.15179443 0.00132629
2298.01742168 0.99974821 0.00032595 0.52483353 -0.35211696 270.55871171 -0.15962817 -0.17129517 0.00170037
2298.01811643 1.00008204 0.00032600 -0.12309547 0.03978131 266.70965550 -0.07428317 -0.17129517 0.00147800
2298.01881118 0.99994980 0.00032598 -0.11168076 -0.19673308 262.87703464 -0.05763069 -0.17129517 0.00147252
2298.01950592 0.99987201 0.00032597 0.05910277 0.32596929 259.06411005 -0.04522521 -0.13226318 0.00127117
2298.02020066 0.99978245 0.00032595 0.11977117 -0.80756793 255.27421400 0.07503982 -0.21023560 0.00089798
2298.02089540 0.99958402 0.00032592 -0.00159248 -0.32053191 251.51028750 -0.04772331 -0.13226318 0.00134637
2298.02159015 0.99996801 0.00032598 -0.12027907 -0.22625473 247.77382548 -0.10208959 -0.17129517 0.00163296
2298.02228489 0.99997144 0.00032598 0.02455962 -0.06620210 244.06541926 -0.08154010 -0.13226318 0.00152363
2298.02297964 0.99939338 0.00032589 0.25269600 0.25963000 240.38566116 0.00187024 -0.18106079 0.00108801
2298.02367437 0.99975439 0.00032595 -0.15993466 0.08741993 236.73519691 -0.02804620 -0.11270142 0.00127972
2298.02436912 1.00033986 0.00032604 -0.26493705 -0.36565141 233.11446386 -0.10454955 -0.18106079 0.00162543
2298.02506387 0.99981433 0.00032596 -0.39402918 -0.28129266 229.52305287 -0.13354576 -0.24908447 0.00172323
2298.02575861 1.00016672 0.00032601 -0.11976343 0.01248009 225.95923557 0.09042152 -0.17129517 0.00086946
2298.02645336 0.99941281 0.00032589 -0.38173619 -0.20253855 222.42121526 -0.04736280 -0.19079590 0.00144006
2298.02714809 0.99982376 0.00032596 0.41963966 -0.06001288 218.90724699 -0.16187624 -0.17129517 0.00172770
2298.02784284 0.99963775 0.00032593 0.22192663 -0.55581952 215.41541599 -0.01071392 -0.16156006 0.00131990
2298.02853758 0.99971309 0.00032594 0.43466482 -0.24249942 211.94369807 -0.20795801 -0.18106079 0.00193113
2298.02923233 0.99924529 0.00032586 0.36690561 -0.33113885 208.48917330 -0.17184174 -0.17129517 0.00176464
2298.02992708 1.00029602 0.00032603 0.60876632 -0.42722530 205.04875596 -0.09044968 -0.22967529 0.00147085
2298.03062182 0.99980086 0.00032595 0.65544262 -0.49635449 201.61936762 -0.13913786 -0.17129517 0.00162475
2298.03131656 0.99958065 0.00032592 0.20903715 -0.66861283 198.19798002 0.01617087 -0.19079590 0.00114003
2298.03201130 1.00000450 0.00032599 0.82081878 -0.51040173 194.78138073 0.11350918 -0.21023560 0.00074798
2298.03270605 0.99986929 0.00032597 0.40529124 -0.69361546 191.36638579 -0.00257853 -0.17129517 0.00114183
2298.03340079 0.99896362 0.00032582 0.31612539 -0.24290768 187.94967731 -0.03060944 -0.17129517 0.00131102
2298.03409554 0.99988145 0.00032597 -0.10077068 -0.29655467 184.52794378 -0.14132624 -0.19079590 0.00170955
2298.03479028 0.99895221 0.00032582 -0.24838346 0.04047110 181.09792433 0.07630595 -0.22967529 0.00088541
2298.03548502 0.99943091 0.00032589 -0.27728102 -0.31167582 177.65620276 -0.12646919 -0.11270142 0.00166908
2298.03617977 0.99919471 0.00032586 0.07112944 -0.05246752 174.19986033 -0.12227824 -0.19079590 0.00167746
2298.03687451 0.99989615 0.00032597 -0.37926175 0.49289069 170.72632382 -0.20478511 -0.19079590 0.00180770
2298.03756926 0.99836154 0.00032572 -0.28285181 -0.14048254 167.23303584 -0.08705004 -0.19079590 0.00148529
2298.03826399 1.00032194 0.00032604 -0.11587089 -0.27484918 163.71750370 -0.15149259 -0.15179443 0.00179902
2298.03895874 0.99934064 0.00032588 0.09933020 -0.16131830 160.17705778 -0.04334542 -0.27816772 0.00140971
2298.03965349 0.99959371 0.00032592 0.42596537 0.06787502 156.60962158 -0.15686991 -0.22967529 0.00171983
2298.04034823 0.99956672 0.00032592 -0.09172572 0.08285540 153.01431250 -0.05719284 -0.11270142 0.00138268
2298.04104298 1.00009589 0.00032600 -0.32313963 0.08187107 149.39046967 -0.04509219 -0.19079590 0.00138574
2298.04173771 0.99997172 0.00032598 -0.06919450 0.03406258 145.73750107 -0.06041963 -0.19079590 0.00142710
2298.04243246 0.99975946 0.00032595 0.00510994 -0.43225379 142.05462301 -0.12802140 -0.19079590 0.00166705
2298.04312720 0.99918364 0.00032585 0.06873941 -0.50671805 138.34145402 -0.13113262 -0.17129517 0.00165557
2298.04382195 1.00009511 0.00032600 0.12319606 -0.18782616 134.59925537 -0.12964534 -0.19079590 0.00168241
2298.04451670 0.99946821 0.00032590 0.47859062 -0.04654052 130.83012730 -0.15221043 -0.22970581 0.00177444
2298.04521145 1.00003577 0.00032599 0.18920209 0.06775636 127.03610424 -0.04002169 -0.17129517 0.00128519
2298.04590618 0.99937648 0.00032589 0.03205927 -0.06617068 123.21954586 0.02438991 -0.19079590 0.00113238
2298.04660092 0.99969039 0.00032594 0.40737076 0.91214064 119.38226640 -0.11471139 -0.16156006 0.00151439
2298.04729567 1.00014259 0.00032601 0.46090273 0.70122377 115.52744793 -0.20448039 -0.17129517 0.00191807
2298.04799041 0.99999495 0.00032599 0.36135142 0.34842102 111.65923565 -0.13725658 -0.16156006 0.00165686
2298.04868516 0.99991017 0.00032597 0.85435186 0.37335818 107.78182802 0.06896913 -0.11270142 0.00088740
2298.04937989 1.00029908 0.00032604 0.78622484 0.57810148 103.89949702 -0.13692653 -0.17129517 0.00163993
2298.05007464 1.00019198 0.00032602 0.97964172 0.33645398 100.01631069 -0.02026372 -0.10293579 0.00108981
2298.05076938 0.99973898 0.00032594 0.54554484 0.58699161 96.13646418 -0.19850850 -0.17129517 0.00185666
2298.05146413 1.00003822 0.00032599 0.55396404 0.77439689 92.26385855 -0.23661701 -0.15179443 0.00196932
2298.05215888 1.00074511 0.00032611 0.42016743 0.57112385 88.40236283 -0.16431248 -0.14202881 0.00165603
2298.05285361 0.99994696 0.00032598 0.02224028 0.15092558 84.55590275 0.05884041 -0.17129517 0.00095610
2298.05354836 0.99982276 0.00032596 -0.20126393 0.08534257 80.72821635 0.01230083 -0.13226318 0.00114678
2298.05424310 0.99944299 0.00032590 0.09762682 0.21682994 76.92304066 -0.13387922 -0.21023560 0.00169652
2298.05493785 0.99951339 0.00032591 0.18850453 0.04628355 73.14249846 0.03405964 -0.09310913 0.00101783
2298.05563259 1.00050226 0.00032607 -0.08041437 0.09685175 69.38798582 0.00532683 -0.14202881 0.00120034
2298.05632733 1.00031029 0.00032604 -0.36078182 0.34539537 65.66094887 -0.03416193 -0.14202881 0.00118193
2298.05702208 0.99957240 0.00032592 -0.22769374 0.45651032 61.96265400 -0.03703769 -0.19079590 0.00125802
2298.05771682 1.00022867 0.00032602 -0.34001484 0.27424998 58.29450865 -0.01473484 -0.13226318 0.00122626
2298.05841157 0.99926138 0.00032587 -0.73713975 0.18214355 54.65669341 0.02133321 -0.09310913 0.00123358
2298.05910631 1.00010352 0.00032600 -0.24935704 -0.09769152 51.04803813 0.02817352 -0.21023560 0.00113721
2298.05980106 1.00027781 0.00032603 -0.01152378 0.71259477 47.46730653 -0.03265416 -0.13226318 0.00130234
2298.06049579 0.99968819 0.00032594 -0.53442751 0.61488496 43.91331423 -0.10200553 -0.17129517 0.00155906
2298.06119054 1.00010935 0.00032600 -0.37903177 0.67385712 40.38470325 -0.11738272 -0.19079590 0.00157531
2298.06188529 1.00020643 0.00032602 -0.04217404 0.57338441 36.87992247 -0.24014756 -0.16156006 0.00203155
2298.06258003 1.00077025 0.00032611 0.45065517 0.09082483 33.39630246 -0.11620134 -0.15179443 0.00152487
2298.06327478 0.99990682 0.00032597 0.10142038 -0.00414859 29.93099591 -0.11333958 -0.19079590 0.00157958
2298.06396951 0.99990872 0.00032597 -0.30884140 0.34515855 26.48120627 -0.02494169 -0.21997070 0.00124660
2298.06466426 0.99982462 0.00032596 -0.33435293 0.46344538 23.04397042 -0.08161442 -0.14202881 0.00147531
2298.06535900 0.99941620 0.00032589 0.03518119 0.15884111 19.61645139 -0.00613726 -0.22967529 0.00123141
2298.06605375 1.00004707 0.00032599 0.11600356 0.34771679 16.19544652 -0.03494730 -0.15179443 0.00121105
2298.06674849 1.00047433 0.00032606 -0.63754667 0.26273515 12.77759972 0.04411659 -0.20053101 0.00103397
2298.06744323 1.00037523 0.00032605 -0.82385601 0.44219526 9.35961655 -0.01304792 -0.19079590 0.00127290
2298.06813797 1.00051197 0.00032607 -0.22823640 0.22536398 5.93803061 -0.05466034 -0.20050049 0.00134939
2298.06883272 1.00029033 0.00032603 -0.33331026 -0.08788183 2.50954994 -0.06922162 -0.21997070 0.00147360
2298.06952747 1.00037542 0.00032605 -0.34330934 0.50733296 359.07105445 -0.04563322 -0.14202881 0.00135212
2298.07022221 1.00004318 0.00032599 0.16117873 0.81713751 355.61966700 -0.04359779 -0.24908447 0.00128712
2298.07091695 1.00028896 0.00032603 0.29198292 -0.14885775 352.15258903 -0.06188435 -0.17129517 0.00142038
2298.07161169 0.99997633 0.00032598 0.00443453 -0.43943774 348.66684018 -0.00360341 -0.23941040 0.00128393
2298.07230644 1.00012807 0.00032601 0.14071091 -0.10299248 345.15962227 0.00222945 -0.17129517 0.00124527
2298.07300118 0.99986964 0.00032597 0.09502312 -0.25876334 341.62844351 -0.03615823 -0.18106079 0.00136314
2298.07369593 1.00002491 0.00032599 0.04017827 -0.57007178 338.07184861 -0.02047693 -0.15179443 0.00127151
2298.07439066 1.00059793 0.00032608 0.12648927 0.12467583 334.48861227 0.06976494 -0.17129517 0.00096574
2298.07508541 1.00012699 0.00032601 -0.07119337 0.19763545 330.87733394 0.01475452 -0.24908447 0.00119977
2298.07578016 1.00010279 0.00032600 0.01202374 0.37308856 327.23679323 -0.10587119 -0.17129517 0.00152432
2298.07647490 1.00042623 0.00032606 0.07237630 0.17693072 323.56592273 0.07080988 -0.18106079 0.00093060
2298.07716965 1.00005927 0.00032600 0.26147872 0.17499361 319.86531067 0.02498245 -0.19079590 0.00106688
2298.07786441 1.00070812 0.00032610 -0.18310836 0.00480280 316.13622959 0.00258198 -0.18106079 0.00126515
2298.07855914 1.00072477 0.00032610 -0.38158954 0.08453147 312.38020716 -0.09249157 -0.21023560 0.00156970
2298.07925389 1.00004429 0.00032599 -0.45360215 -0.51126837 308.59839800 -0.07424258 -0.15179443 0.00150455
2298.07994863 0.99998042 0.00032598 -0.70772575 -0.21429612 304.79224873 -0.13416446 -0.22967529 0.00179810
2298.08064338 0.99979277 0.00032595 -0.49380265 -0.35527748 300.96426441 -0.13221277 -0.19079590 0.00177206
2298.08133812 0.99987749 0.00032597 -0.77362460 -0.20767512 297.11820041 -0.10180948 -0.18106079 0.00165374
2298.08272760 0.99956742 0.00032592 -0.59476724 -0.48193648 289.38715346 -0.13464495 -0.17129517 0.00181462
2298.08342235 0.99929553 0.00032587 -0.01512523 -0.41298871 285.50973690 -0.00547087 -0.21023560 0.00133412
2298.08411710 1.00020493 0.00032602 0.24819918 0.02283927 281.62959928 -0.12126936 -0.19079590 0.00161946
2298.08481184 0.99999885 0.00032599 0.39884010 -0.41244324 277.75090722 -0.11252607 -0.23941040 0.00165404
2298.08550659 0.99975951 0.00032595 0.45153389 -0.51853345 273.87787868 -0.07706275 -0.13226318 0.00147177
2298.08620132 1.00005860 0.00032600 0.57678742 -0.05868634 270.01478861 -0.02798682 -0.19079590 0.00135624
2298.08689607 0.99930398 0.00032587 -0.10731984 0.06038446 266.16572336 -0.01087572 -0.21023560 0.00133844
2298.08759081 0.99980619 0.00032596 -0.11669929 0.00244866 262.33478568 0.01458032 -0.22967529 0.00128279
2298.08828556 0.99949975 0.00032591 0.05891993 0.18235159 258.52469400 -0.02345899 -0.21023560 0.00126034
2298.08898031 1.00011809 0.00032601 -0.05764497 -0.82248793 254.73758685 0.14193769 -0.22967529 0.00082665
2298.08967504 0.99981115 0.00032596 0.00064290 -0.41184530 250.97565524 -0.07456119 -0.22967529 0.00155940
2298.09036979 1.00012666 0.00032601 -0.21948352 -0.42898240 247.24090887 -0.18511563 -0.18106079 0.00193544
2298.09106453 1.00019715 0.00032602 0.27923910 0.03698480 243.53549163 -0.02976091 -0.19079590 0.00134959
2298.09175928 0.99995615 0.00032598 0.11013863 0.21170378 239.86022815 0.00022880 -0.20050049 0.00117484
2298.09245402 1.00011761 0.00032601 -0.20076511 -0.24813822 236.21456871 -0.02946540 -0.22967529 0.00138702
2298.09314876 0.99947106 0.00032590 -0.34366822 -0.47956791 232.59796128 -0.08002279 -0.19079590 0.00160350
2298.09384350 0.99920153 0.00032586 -0.38522495 -0.17258246 229.00967212 -0.13148739 -0.21023560 0.00177039
2298.09453825 0.99922210 0.00032586 -0.09188360 0.18473883 225.44914343 0.05197385 -0.24908447 0.00102998
2298.09523299 0.99982288 0.00032596 -0.29205194 -0.01624445 221.91529205 0.06791265 -0.17129517 0.00103458
2298.09592774 1.00032972 0.00032604 0.45952366 0.15111951 218.40577602 -0.08932510 -0.23941040 0.00155223
2298.09662247 0.99989310 0.00032597 0.28451474 -0.75823816 214.91811399 -0.06975028 -0.21997070 0.00152235
2298.09731722 0.99995990 0.00032598 0.60608227 -0.17019850 211.44964196 -0.10841114 -0.25878906 0.00165805
2298.09801197 0.99961129 0.00032592 0.28879942 -0.21152999 207.99787868 -0.16470912 -0.22967529 0.00181868
2298.09870671 0.99942632 0.00032589 0.59533619 -0.55474083 204.56020851 -0.09220318 -0.22967529 0.00151127
2298.09940146 1.00062526 0.00032609 0.59476268 -0.58768044 201.13352759 -0.10768090 -0.24908447 0.00160868
2298.10009620 1.00004824 0.00032599 0.29769456 -0.90045146 197.71450824 -0.02237688 -0.19079590 0.00132967
2298.10079094 0.99971706 0.00032594 0.68180926 -0.69222052 194.29988439 0.04289881 -0.23941040 0.00110232
2298.10148568 0.99974220 0.00032594 0.45421635 -0.58319575 190.88621803 -0.13623847 -0.24908447 0.00165418
2298.10218043 1.00033448 0.00032604 0.17619848 -0.25499037 187.47024162 -0.13079980 -0.22967529 0.00161340
2298.10287518 0.99949231 0.00032590 -0.14883405 -0.29984768 184.04873400 -0.04962563 -0.23941040 0.00141524
2298.10356992 0.99921324 0.00032586 -0.17780239 0.11811768 180.61856924 0.05123157 -0.14202881 0.00102701
2298.10426466 0.99983587 0.00032596 -0.11060829 -0.30614088 177.17669138 -0.10526247 -0.26846313 0.00170511
2298.10495940 0.99964644 0.00032593 0.17587739 0.21903071 173.71986418 0.01434083 -0.22967529 0.00118163
2298.10565415 0.99960041 0.00032592 -0.44392244 0.50875096 170.24503199 0.03032856 -0.22967529 0.00107967
2298.10704364 1.00009319 0.00032600 -0.05141498 -0.25146016 163.23095145 -0.10783444 -0.22967529 0.00164356
2298.10773837 0.99998715 0.00032598 0.18711034 -0.14261885 159.68791992 -0.07719746 -0.21023560 0.00152702
2298.10843312 1.00036199 0.00032605 0.33180432 -0.00346350 156.11832116 -0.13580137 -0.19079590 0.00171181
2298.10912787 0.99966629 0.00032593 -0.25579968 -0.07120942 152.52036022 -0.01142863 -0.24908447 0.00128075
2298.10982261 0.99965422 0.00032593 -0.34203341 0.02146458 148.89239480 -0.05903395 -0.14202881 0.00147692
2298.11051736 0.99954800 0.00032591 -0.00064290 -0.01610114 145.23431759 -0.03106158 -0.19079590 0.00137376
2298.11121210 0.99971211 0.00032594 0.01356011 -0.37543826 141.54666951 -0.18642534 -0.24908447 0.00190229
2298.11190684 0.99974977 0.00032595 0.32672013 -0.31634153 137.83006396 -0.28897870 -0.22967529 0.00230079
2298.11260158 0.99983174 0.00032596 0.15065303 -0.25986222 134.08491932 -0.04533834 -0.21997070 0.00145199
2298.11329633 0.99992927 0.00032598 0.55445361 0.13888780 130.31190085 -0.05615325 -0.26849365 0.00146047
2298.11399107 1.00017348 0.00032602 0.09376550 0.05716166 126.51289112 0.02423516 -0.23941040 0.00117520
2298.11468582 0.99995707 0.00032598 -0.04383494 -0.13976863 122.69112024 0.00103143 -0.17129517 0.00124664
2298.11538055 0.99947261 0.00032590 0.60035330 0.76386162 118.84993780 -0.28434182 -0.19079590 0.00214065
2298.11607530 0.99981883 0.00032596 0.27757758 0.64096318 114.99250560 -0.13082609 -0.22967529 0.00164251
2298.11677005 1.00107712 0.00032616 0.43545793 0.31530762 111.12217938 -0.10925304 -0.15179443 0.00167886
2298.11746479 1.00054605 0.00032608 0.81837933 0.29849165 107.24253500 0.07149959 -0.19079590 0.00088005
2298.11815954 1.00034332 0.00032604 0.82142567 0.64127463 103.35789385 -0.25848879 -0.19079590 0.00212878
2298.11885427 0.99985696 0.00032596 0.98754522 0.70687528 99.47275026 -0.24289744 -0.22967529 0.00205200
2298.11954902 0.99977830 0.00032595 0.58411219 0.74636586 95.59141072 -0.23210501 -0.17129517 0.00201664
2298.12024376 1.00000661 0.00032599 0.47276073 0.75252743 91.71836963 -0.24158588 -0.21023560 0.00201022
2298.12093851 0.99982291 0.00032596 0.39056647 0.19323892 87.85792243 -0.10362817 -0.21997070 0.00155940
2298.12163326 1.00029631 0.00032604 -0.15068209 0.05349093 84.01338501 0.06554839 -0.21023560 0.00103786
2298.12232800 1.00004564 0.00032599 -0.18609563 0.10833169 80.18767281 -0.06863946 -0.19079590 0.00142664
2298.12302274 1.00030361 0.00032604 0.11164460 -0.13386181 76.38375567 -0.17283983 -0.22967529 0.00184055
2298.12371748 0.99959523 0.00032592 0.17138587 0.08717267 72.60441799 0.03720807 -0.21023560 0.00108774
2298.12441223 1.00085068 0.00032613 0.01659515 0.25649896 68.85258025 0.10969376 -0.21023560 0.00079636
2298.12510697 1.00068769 0.00032610 -0.37520669 0.52317407 65.12976485 -0.11060758 -0.19079590 0.00152042
2298.12580172 1.00002172 0.00032599 -0.12447430 0.46251156 61.43614651 -0.00651631 -0.24908447 0.00124560
2298.12649645 1.00037575 0.00032605 -0.49008188 0.29190233 57.77189229 -0.00983484 -0.19079590 0.00120750
2298.12719120 0.99980164 0.00032595 -0.68887291 0.15984213 54.13699254 0.03511434 -0.19079590 0.00119470
2298.12788595 1.00029964 0.00032604 -0.22637366 0.04570936 50.53161344 0.10029767 -0.19079590 0.00098431
2298.12858069 1.00084838 0.00032613 0.05810962 0.59289052 46.95528796 -0.02981182 -0.22967529 0.00132107
2298.12927544 0.99972885 0.00032594 -0.59499007 0.50052432 43.40610133 -0.02276920 -0.18106079 0.00135402
2298.12997017 0.99977490 0.00032595 -0.60876994 0.59235571 39.88198277 -0.12833487 -0.19079590 0.00168487
2298.13066492 1.00004890 0.00032599 0.20572951 0.52968212 36.38068422 -0.05227483 -0.22967529 0.00143422
2298.13135966 0.99942829 0.00032589 0.56913605 0.27236026 32.90012987 -0.16334287 -0.21023560 0.00171254
2298.13205441 1.00016846 0.00032601 0.09021500 0.10484433 29.43808737 -0.04647686 -0.17129517 0.00142616
2298.13274915 0.99986188 0.00032596 -0.25846924 0.51191707 25.99161601 -0.10925535 -0.22967529 0.00153041
2298.13344390 1.00029433 0.00032603 -0.47409219 0.48811025 22.55749393 -0.09545116 -0.25878906 0.00168200
2298.13413863 1.00004289 0.00032599 -0.00155498 -0.08230349 19.13254880 -0.07353469 -0.19079590 0.00158164
2298.13483338 1.00067288 0.00032610 0.08534415 0.30994334 15.71344295 0.02664064 -0.24908447 0.00116134
2298.13552813 1.00017123 0.00032601 -0.67215720 0.32814456 12.29700320 -0.08931092 -0.25878906 0.00158379
2298.13622287 0.99992013 0.00032597 -0.78951343 0.12138211 8.87998470 0.12252804 -0.22967529 0.00091408
2298.13691762 0.99974696 0.00032595 -0.22204316 0.20698692 5.45911418 0.00941207 -0.22967529 0.00122116
2298.13761235 1.00046525 0.00032606 -0.32016855 -0.23485554 2.03118066 -0.17162647 -0.21997070 0.00192678
2298.13830710 1.00045313 0.00032606 -0.37114630 0.69544672 358.59280024 -0.06625071 -0.27816772 0.00146058
2298.13900184 1.00062986 0.00032609 0.13990653 0.92226134 355.14075715 -0.13462821 -0.18106079 0.00157617
2298.13969659 1.00020734 0.00032602 0.32979426 -0.13664304 351.67203753 -0.02892222 -0.22967529 0.00139636
2298.14039134 0.99987254 0.00032597 0.11142917 -0.39625794 348.18423609 0.00353573 -0.24908447 0.00127135
2298.14108607 1.00027047 0.00032603 0.06375006 0.03175268 344.67510551 -0.03622168 -0.21023560 0.00143571
2298.14178082 1.00057657 0.00032608 0.31896021 -0.31397414 341.14221465 -0.08335821 -0.21023560 0.00156928
2298.14247556 1.00019891 0.00032602 -0.04403258 -0.55309741 337.58331595 -0.04904399 -0.17129517 0.00143237
2298.14317031 1.00044579 0.00032606 0.12181631 0.29834680 333.99630392 0.06909253 -0.24908447 0.00096509
2298.14455979 1.00007977 0.00032600 -0.06599387 0.29302876 326.73560978 0.03185325 -0.22967529 0.00112193
2298.14525453 0.99991433 0.00032597 0.10419502 0.11476013 323.06149106 -0.04235960 -0.22967529 0.00136175
2298.14594928 1.00067085 0.00032610 0.01429428 0.09559354 319.35796572 -0.07802248 -0.21023560 0.00156800
2298.14664403 1.00024981 0.00032603 -0.25316250 0.01729929 315.62490476 -0.04335374 -0.21023560 0.00147179
2298.14733877 1.00033840 0.00032604 -0.32410461 -0.09541199 311.86354071 -0.07207417 -0.26849365 0.00159800
2298.14803352 1.00024041 0.00032603 -0.52868866 -0.46935558 308.07642844 -0.07701116 -0.24908447 0.00165154
2298.14872825 1.00046785 0.00032606 -0.67654013 0.02302633 304.26625047 0.04409731 -0.23941040 0.00121914
2298.14942300 1.00014964 0.00032601 -0.35270214 -0.26718273 300.43548945 -0.21966509 -0.22967529 0.00212335
2298.15011774 0.99999604 0.00032599 -0.73686680 -0.37039048 296.58682918 -0.05734354 -0.24908447 0.00166152
2298.15081249 0.99937765 0.00032589 -0.50175381 -1.05826291 292.72335305 -0.02589657 -0.21997070 0.00148637
2298.15150723 0.99996735 0.00032598 -0.58120013 -0.51838527 288.84927646 -0.11268669 -0.21023560 0.00171658
2298.15220197 1.00024508 0.00032603 -0.07654064 -0.40830160 284.96903636 -0.08160513 -0.20050049 0.00171575
2298.15289671 1.00032382 0.00032604 0.29630895 -0.07912004 281.08688004 -0.08902823 -0.25878906 0.00159478
2298.15359146 1.00027270 0.00032603 0.43816979 -0.43589992 277.20725021 -0.05968959 -0.21023560 0.00145060
2298.15428621 1.00020183 0.00032602 0.42687059 -0.70366699 273.33443239 -0.04218929 -0.21023560 0.00134830
2298.15498095 1.00001134 0.00032599 0.52759744 -0.09065411 269.47216704 -0.15115916 -0.24908447 0.00180225
2298.15567570 0.99960019 0.00032592 -0.16783611 -0.04047140 265.62396892 0.02306277 -0.21023560 0.00121074
2298.15637043 0.99980896 0.00032596 -0.11920338 0.08071851 261.79342409 -0.03698934 -0.22967529 0.00144904
2298.15706518 0.99999933 0.00032599 0.02418305 0.15487189 257.98391827 0.05079723 -0.24908447 0.00111050
2298.15775992 0.99964755 0.00032593 0.07462669 -0.57996818 254.19897745 0.05370095 -0.25878906 0.00117911
2298.15845467 0.99970842 0.00032594 -0.07981326 -0.27148023 250.44075604 -0.09659475 -0.24908447 0.00172568
2298.15914941 0.99942251 0.00032589 -0.15008279 -0.27302217 246.71016450 -0.09744708 -0.19079590 0.00171405
2298.16123364 0.99994948 0.00032598 -0.23848052 -0.35909937 235.69276958 -0.07603059 -0.23941040 0.00155424
2298.16192839 1.00045891 0.00032606 -0.21928730 -0.33332579 232.08055506 -0.17378624 -0.23941040 0.00192240
2298.16262313 1.00022373 0.00032602 -0.14201415 -0.09873767 228.49728224 -0.01456570 -0.25878906 0.00141872
2298.16331787 0.99949948 0.00032591 -0.27521070 0.23900578 224.94135587 0.05185062 -0.16156006 0.00103345
2298.16401261 0.99952067 0.00032591 -0.29799384 -0.22491987 221.41100918 -0.09925535 -0.24908447 0.00167486
2298.16470736 1.00016242 0.00032601 0.59202398 0.05967564 217.90464743 -0.11282483 -0.24908447 0.00167672
2298.16540210 1.00066255 0.00032609 0.17778868 -0.85646182 214.42047943 0.08157993 -0.25878906 0.00103859
2298.16609685 1.00014075 0.00032601 0.58760919 -0.01229752 210.95580814 -0.22630776 -0.24908447 0.00205670
2298.16679159 1.00122215 0.00032619 0.37703461 -0.09946530 207.50759653 -0.10050762 -0.22967529 0.00165248
2298.16748633 0.99959795 0.00032592 0.58504121 -0.59346636 204.07285746 -0.06771155 -0.22967529 0.00144677
2298.16818108 1.00017715 0.00032602 0.73490566 -0.60454600 200.64843628 -0.02988262 -0.22967529 0.00134569
2298.16887582 1.00028573 0.00032603 0.48776879 -0.89221141 197.23134321 -0.03601397 -0.20053101 0.00148365
2298.16957057 0.99983014 0.00032596 0.68799596 -0.84740526 193.81836100 0.00603440 -0.26846313 0.00137100
2298.17026531 0.99941315 0.00032589 0.37739629 -0.39820575 190.40612364 0.01764585 -0.24908447 0.00114715
2298.17096005 0.99972913 0.00032594 0.13820564 -0.53306419 186.99130950 0.01319618 -0.28784180 0.00126445
2298.17165479 1.00013597 0.00032601 -0.22733577 -0.21618415 183.57043200 -0.05783558 -0.30718994 0.00153239
2298.17234954 0.99923132 0.00032586 -0.21628036 0.08645656 180.14017007 0.03405806 -0.21997070 0.00105749
2298.17304428 0.99943559 0.00032589 0.00966186 -0.46940547 176.69733909 -0.11419573 -0.27816772 0.00170260
2298.17373903 0.99982620 0.00032596 0.14204579 0.11847325 173.23917455 0.04792468 -0.21023560 0.00106882
2298.17443376 0.99952332 0.00032591 -0.62667799 0.51056777 169.76303504 -0.04241304 -0.24908447 0.00141358
2298.17512851 0.99991201 0.00032597 -0.22116839 -0.05321231 166.26610417 -0.00033650 -0.21997070 0.00138858
2298.17582326 0.99977663 0.00032595 0.02749129 -0.15602626 162.74573502 0.01041335 -0.28784180 0.00127766
2298.17651800 0.99977524 0.00032595 0.22697439 -0.38063956 159.19942021 -0.12568103 -0.20050049 0.00172256
2298.17721275 0.99999211 0.00032599 0.39002280 0.08721517 155.62581091 -0.13667360 -0.24908447 0.00173826
2298.17790749 0.99981235 0.00032596 -0.34106624 -0.15290028 152.02400617 -0.11144118 -0.26849365 0.00165880
2298.17860223 0.99971203 0.00032594 -0.30986127 0.05253658 148.39315946 0.03300320 -0.24908447 0.00119244
2298.17929697 0.99945687 0.00032590 -0.02452918 -0.02977346 144.73224906 -0.02173177 -0.24908447 0.00135532
2298.17999172 0.99957183 0.00032592 -0.03468685 -0.64136926 141.04049623 -0.01422728 -0.21023560 0.00134994
2298.18068646 0.99984904 0.00032596 0.18999802 -0.32681521 137.31844460 -0.15540283 -0.27816772 0.00187703
2298.18138121 0.99968003 0.00032593 0.29114468 -0.27329358 133.56790471 -0.17904374 -0.21023560 0.00186547
2298.18207594 0.99994303 0.00032598 0.49435338 0.21721361 129.79080430 -0.19555920 -0.21997070 0.00194863
2298.18277069 1.00013637 0.00032601 0.16175195 0.26459341 125.98888089 0.02120402 -0.22967529 0.00113049
2298.18346544 0.99998240 0.00032598 -0.05750607 -0.00527559 122.16405916 0.04617178 -0.19079590 0.00113478
2298.18416018 0.99981059 0.00032596 0.76782994 0.91008068 118.31885249 -0.13759975 -0.22967529 0.00166640
2298.18485493 1.00058822 0.00032608 0.19680213 0.47786476 114.45721015 -0.15416924 -0.20050049 0.00172899
2298.18554967 1.00019453 0.00032602 0.42786231 0.33772177 110.58328595 -0.11711249 -0.24908447 0.00179427
2298.18624441 1.00018196 0.00032602 0.81579640 0.20010395 106.70129068 0.04532305 -0.22967529 0.00103647
2298.18693915 1.00088869 0.00032613 0.73989193 0.54766049 102.81524770 -0.21643843 -0.15179443 0.00198706
2298.18763390 1.00028603 0.00032603 0.86401513 0.62276111 98.92935938 -0.30130087 -0.19079590 0.00228766
2298.18832864 1.00029529 0.00032603 0.62303769 0.73294570 95.04771989 -0.25022270 -0.21023560 0.00210137
2298.18902339 1.00102869 0.00032615 0.42547003 0.91381707 91.17439682 -0.03693022 -0.21023560 0.00136317
2298.18971812 1.00056045 0.00032608 0.33713570 0.24141211 87.31352811 -0.01434526 -0.23941040 0.00120977
2298.19041287 1.00038960 0.00032605 -0.09919545 -0.08311921 83.46905762 0.06273457 -0.22970581 0.00120754
2298.19110762 0.99964937 0.00032593 -0.09042568 0.28499865 79.64505575 -0.04877013 -0.22967529 0.00137166
2298.19180236 1.00045171 0.00032606 0.02743853 -0.19307273 75.84433230 -0.15478272 -0.20050049 0.00188093
2298.19249711 1.00042616 0.00032606 0.23189883 0.01383006 72.06859464 0.06255023 -0.19079590 0.00104586
2298.19319184 1.00057090 0.00032608 -0.22956819 0.25506811 68.31958098 0.10434209 -0.19079590 0.00082984
2298.19388659 1.00073008 0.00032611 -0.36371131 0.43989304 64.59883341 -0.08942070 -0.21023560 0.00149875
2298.19458133 0.99990421 0.00032597 -0.15780431 0.50285788 60.90808640 0.01343970 -0.21997070 0.00124079
2298.19527608 1.00048091 0.00032607 -0.45017048 0.45014145 57.24822439 0.02547084 -0.22967529 0.00120639
2298.19597082 1.00009569 0.00032600 -0.57085910 0.00390936 53.61842770 -0.06802828 -0.19079590 0.00165490
2298.19666557 0.99944948 0.00032590 -0.10048600 0.26118650 50.01764175 -0.00383808 -0.17129517 0.00129141
2298.19736031 0.99996142 0.00032598 -0.16800955 0.68251656 46.44487748 -0.05957237 -0.22967529 0.00144102
2298.19805505 0.99958352 0.00032592 -0.56127824 0.50759645 42.89896608 -0.04161105 -0.21023560 0.00153388
2298.19874980 0.99962982 0.00032593 -0.48421711 0.36953011 39.37871968 0.02912732 -0.22967529 0.00115057
2298.19944454 1.00033832 0.00032604 0.27680061 0.61060639 35.88176666 -0.19031901 -0.23941040 0.00188858
2298.20013929 0.99929857 0.00032587 0.56546380 0.03900604 32.40531886 -0.06355540 -0.26849365 0.00145919
2298.20083402 1.00037806 0.00032605 -0.00903751 0.01756954 28.94665253 0.01816465 -0.18106079 0.00132358
2298.20152877 0.99986453 0.00032596 -0.42350069 0.50970801 25.50286279 -0.04904246 -0.18106079 0.00144082
2298.20222351 1.00039182 0.00032605 -0.26958608 0.64239591 22.07121012 -0.09082968 -0.22967529 0.00164167
2298.20291826 1.00001482 0.00032599 0.01548351 0.01101688 18.64858634 0.05534666 -0.19079590 0.00112281
2298.20361301 1.00043380 0.00032606 0.10275555 0.27243881 15.23161970 -0.06888897 -0.22967529 0.00152009
2298.20430775 1.00009169 0.00032600 -0.66311568 0.37259528 11.81692221 -0.03666164 -0.22967529 0.00137247
2298.20500248 1.00038865 0.00032605 -0.70626527 0.15489865 8.40116833 0.08798096 -0.28784180 0.00101149
2298.20569723 1.00111872 0.00032617 -0.47023496 0.08485838 4.98086123 -0.13409666 -0.19079590 0.00183619
2298.20639198 1.00046085 0.00032606 -0.20878026 -0.17443518 1.55278556 -0.05158043 -0.22967529 0.00158255
2298.20708672 1.00129205 0.00032620 -0.33923229 0.56182713 358.11392214 -0.06069243 -0.18106079 0.00144578
2298.20778147 1.00115183 0.00032617 0.14372093 0.82323702 354.66127695 -0.06472723 -0.20053101 0.00145791
2298.20847620 1.00064899 0.00032609 0.19000457 -0.41258646 351.19192134 -0.08053817 -0.24908447 0.00157412
2298.20917095 1.00026975 0.00032603 0.16696117 -0.40486666 347.70274474 -0.08097520 -0.21023560 0.00161079
2298.20986569 1.00056590 0.00032608 0.10452146 0.02889370 344.19098881 -0.01621748 -0.25878906 0.00138971
2298.21056044 1.00054213 0.00032608 0.27869939 -0.28086278 340.65480434 -0.03231565 -0.24908447 0.00145895
2298.21125519 0.99980588 0.00032596 -0.11056375 -0.21477440 337.09269247 -0.03844642 -0.20050049 0.00149115
2298.21194992 0.99991467 0.00032597 -0.02536321 0.11840386 333.50321539 0.05111728 -0.21997070 0.00103474
2298.21264467 1.00096831 0.00032614 0.09220290 0.15535127 329.88474892 0.00954975 -0.22967529 0.00125341
2298.21333941 1.00013432 0.00032601 -0.11368277 0.21160187 326.23592879 -0.02068867 -0.24908447 0.00129097
2298.21403416 1.00047081 0.00032606 0.20262810 -0.00872839 322.55664064 -0.02644402 -0.18106079 0.00146164
2298.21472890 1.00020914 0.00032602 -0.16554732 0.29020436 318.84792983 -0.03060848 -0.25878906 0.00129496
2298.21542365 0.99988525 0.00032597 -0.20727367 -0.02598398 315.11087281 0.04089129 -0.20050049 0.00119003
2298.21611838 1.00002993 0.00032599 -0.25411774 -0.29674482 311.34661693 -0.16109138 -0.21023560 0.00195956
2298.21681313 1.00033794 0.00032604 -0.50455950 -0.40983328 307.55611706 -0.06504385 -0.21997070 0.00166622
2298.21750787 1.00063444 0.00032609 -0.66729264 -0.07249195 303.74129783 -0.03155157 -0.16156006 0.00153906
2298.21820262 0.99961251 0.00032592 -0.42076221 -0.28838810 299.90565302 -0.26717307 -0.24908447 0.00230882
2298.21889737 1.00051026 0.00032607 -0.75591233 -0.33141631 296.05287738 0.03401983 -0.21023560 0.00134970
2298.21959210 0.99984884 0.00032596 -0.35271592 -0.84739708 292.18673837 0.06134491 -0.26846313 0.00121229
2298.22028684 1.00001312 0.00032599 -0.41415432 -0.33905155 288.31080062 -0.03087790 -0.20050049 0.00156689
2298.22098159 0.99942260 0.00032589 0.09182849 -0.13752646 284.42890908 0.04566706 -0.22967529 0.00130289
2298.22167634 1.00055681 0.00032608 0.33838762 -0.21983526 280.54526754 -0.19325708 -0.23941040 0.00203488
2298.22237108 0.99964071 0.00032593 0.39882301 -0.44367808 276.66423776 -0.13485548 -0.21023560 0.00183396
2298.22306582 1.00021049 0.00032602 0.57972465 -0.63507981 272.79023870 -0.00333866 -0.24908447 0.00135478
2298.22376056 0.99986913 0.00032597 0.38530984 -0.12985842 268.92750010 -0.15291533 -0.23941040 0.00187036
2298.22445531 0.99999989 0.00032599 -0.26670189 -0.11012075 265.08039061 0.02920302 -0.24908447 0.00133165
2298.22515005 0.99936343 0.00032588 -0.01232884 0.16744348 261.25221116 -0.01088872 -0.26846313 0.00141049
2298.23070800 1.00109353 0.00032616 -0.34843687 -0.56807194 231.56464172 -0.07054416 -0.24908447 0.00163200
2298.23140274 0.99977412 0.00032595 -0.44914064 -0.51121617 227.98449416 -0.05212957 -0.26849365 0.00153536
2298.23209749 0.99978168 0.00032595 -0.09862471 0.07129170 224.43255448 0.08241786 -0.22967529 0.00103780
2298.23279223 0.99934835 0.00032588 -0.05722083 -0.31621897 220.90683191 -0.06570864 -0.24908447 0.00162123
2298.23348698 0.99920119 0.00032586 0.70036615 0.03361681 217.40488636 -0.11767260 -0.20050049 0.00164740
2298.23418172 1.00008298 0.00032600 0.21051769 -0.80706049 213.92427003 0.06835461 -0.24908447 0.00108865
2298.23487646 0.99993014 0.00032598 0.72856576 -0.04938804 210.46260034 -0.16303667 -0.24908447 0.00189880
2298.23557120 1.00099708 0.00032615 0.31095470 -0.37520105 207.01728674 -0.21691405 -0.21023560 0.00226713
2298.23626595 1.00057599 0.00032608 0.63856242 -0.55472796 203.58545893 -0.14118739 -0.24908447 0.00178239
2298.23696070 1.00060713 0.00032609 0.56450105 -0.55966699 200.16379391 -0.14570287 -0.25878906 0.00178065
2298.23765544 1.00084917 0.00032613 0.42031429 -0.76092763 196.74896352 -0.09813278 -0.26846313 0.00179117
2298.23835018 1.00020318 0.00032602 0.61083024 -1.06837578 193.33768970 -0.00658068 -0.30718994 0.00145825
2298.23904492 0.99934841 0.00032588 0.48495367 -0.26957014 189.92652849 -0.06691353 -0.28784180 0.00156874
2298.23973967 0.99938515 0.00032589 -0.07506970 -0.35110841 186.51224217 -0.04640097 -0.22967529 0.00153841
2298.24043441 0.99977507 0.00032595 -0.18000695 -0.17787674 183.09160063 0.00015375 -0.24908447 0.00138548
2298.24112916 0.99910341 0.00032584 -0.21677694 0.09527627 179.66138931 0.08259982 -0.26849365 0.00098885
2298.24182389 0.99988723 0.00032597 0.05827506 -0.33307882 176.21844456 -0.09518696 -0.22967529 0.00172000
2298.24251864 0.99964882 0.00032593 0.08682872 -0.04380078 172.75943630 -0.08539103 -0.27816772 0.00160715
2298.24390813 0.99936437 0.00032588 -0.20382875 -0.33847435 165.78186428 -0.06325483 -0.28784180 0.00158459
2298.24460288 0.99965253 0.00032593 -0.20662447 -0.26476923 162.25893918 -0.13612286 -0.19079590 0.00179938
2298.24529762 1.00069129 0.00032610 0.32368398 -0.20296515 158.71051962 -0.12125429 -0.26849365 0.00170352
2298.24599236 0.99996035 0.00032598 0.34277512 0.15899333 155.13460890 -0.01463514 -0.24908447 0.00135293
2298.24668710 1.00011734 0.00032601 -0.31119630 -0.07495107 151.52910932 0.03717968 -0.22967529 0.00121413
2298.24738185 0.99976950 0.00032595 -0.18180803 0.18939154 147.89332706 -0.03095022 -0.22967529 0.00141206
2298.24807659 0.99948074 0.00032590 -0.02399257 -0.08795426 144.22751265 -0.02074590 -0.27816772 0.00137825
2298.24877134 0.99985810 0.00032596 0.04693533 -0.59920878 140.53195430 -0.07658705 -0.26849365 0.00153266
2298.24946607 0.99972005 0.00032594 0.11262973 -0.39707314 136.80699549 -0.16875691 -0.21997070 0.00196014
2298.25016082 0.99935498 0.00032588 0.28440296 -0.39954573 133.05280625 -0.13967444 -0.21997070 0.00175955
2298.25085556 0.99985342 0.00032596 0.50861175 0.16775895 129.27061223 -0.25942843 -0.21997070 0.00219985
2298.25155031 1.00021351 0.00032602 0.11842808 0.22367518 125.46332004 0.05765692 -0.21023560 0.00106322
2298.25224506 0.99912782 0.00032584 -0.06096006 0.30859515 121.63403286 0.02038233 -0.19079590 0.00128807
2298.25363453 1.00035638 0.00032604 0.15786566 0.42353530 113.92197368 -0.00601348 -0.28784180 0.00132535
2298.25432928 0.99998402 0.00032598 0.54626143 0.30237870 110.04552601 -0.13525238 -0.17129517 0.00172059
2298.25502403 0.99988869 0.00032597 0.99989252 0.29208369 106.16079252 0.00719814 -0.22967529 0.00116784
2298.25571877 0.99983393 0.00032596 0.75063371 0.55371684 102.27227693 -0.21796840 -0.21023560 0.00205041
2298.25641352 0.99991199 0.00032597 0.80865122 0.52246378 98.38449087 -0.23430002 -0.19079590 0.00206343
2298.25710825 1.00062774 0.00032609 0.56638261 0.62401502 94.50200310 -0.27657936 -0.19079590 0.00221528
2298.25780300 1.00042905 0.00032606 0.45754808 0.87709174 90.62915161 -0.10134572 -0.18106079 0.00162393
2298.25849774 0.99993805 0.00032598 0.27440515 0.10958777 86.76976198 -0.07709576 -0.21997070 0.00152304
2298.25919249 0.99952289 0.00032591 -0.17401791 0.05950598 82.92703600 0.02683666 -0.11270142 0.00129169
2298.25988723 1.00014750 0.00032601 0.02795737 0.46972456 79.10415150 -0.18719428 -0.21997070 0.00198563
2298.26058198 1.00018330 0.00032602 0.08886917 -0.04904208 75.30429396 -0.11357589 -0.22967529 0.00174617
2298.26127671 1.00052220 0.00032607 0.07906338 0.14536033 71.53069693 -0.03707294 -0.17129517 0.00143139
2298.26197146 1.00020712 0.00032602 -0.21014639 0.29607403 67.78552215 0.05062657 -0.19079590 0.00098158
2298.26266621 0.99993466 0.00032598 -0.33482501 0.26437708 64.06939902 0.04684291 -0.15179443 0.00103083
2298.26336095 1.00027434 0.00032603 -0.06980702 0.36383773 60.38268951 0.01049237 -0.23941040 0.00136297
2298.26405570 1.00015468 0.00032601 -0.56568614 0.24768764 56.72576332 0.04299456 -0.14202881 0.00120193
2298.26475043 0.99960095 0.00032592 -0.56865237 -0.09525930 53.09904335 -0.15181995 -0.21997070 0.00198984
2298.26544518 1.00023136 0.00032602 -0.07769985 0.46735759 49.50247094 0.00066377 -0.24908447 0.00133030
2298.26613992 0.99951438 0.00032591 -0.25971308 0.85089526 45.93460048 -0.11381471 -0.25878906 0.00174136
2298.26683467 0.99988519 0.00032597 -0.50623392 0.47130854 42.39343572 -0.07791140 -0.20053101 0.00163012
2298.26752941 1.00009618 0.00032600 -0.44578387 0.38382291 38.87697283 -0.02765338 -0.19079590 0.00142205
2298.26822416 1.00051831 0.00032607 0.40988692 0.55782898 35.38321529 -0.10371678 -0.28784180 0.00170283
2298.26891889 0.99957473 0.00032592 0.30517208 -0.00514927 31.91017652 -0.13140332 -0.19079590 0.00181139
2298.26961364 1.00005223 0.00032600 0.21726623 0.10522406 28.45505731 -0.13731998 -0.26849365 0.00185610
2298.27030838 0.99980442 0.00032595 -0.68723447 0.30826682 25.01472291 0.00895990 -0.22967529 0.00128168
2298.27100313 1.00081729 0.00032612 -0.06062514 0.55978232 21.58596101 -0.21328440 -0.25878906 0.00205426
2298.27169788 1.00053745 0.00032607 0.04341290 -0.06243990 18.16556616 -0.03697717 -0.21023560 0.00150108
2298.27239261 0.99949795 0.00032590 -0.17513611 0.32523804 14.75038297 -0.12154312 -0.24908447 0.00177089
2298.27308736 1.00046150 0.00032606 -0.68168456 0.46054068 11.33704776 -0.02320670 -0.26846313 0.00149483
2298.27378210 0.99950733 0.00032591 -0.58260931 0.32705874 7.92227955 -0.04415824 -0.21997070 0.00152329
2298.27447685 0.99983408 0.00032596 -0.41886289 0.20673465 4.50273795 -0.05985753 -0.24908447 0.00158848
2298.27517159 1.00000176 0.00032599 -0.08428483 0.04074470 1.07507534 0.01196790 -0.22967529 0.00132718
2298.27586633 1.00028691 0.00032603 -0.33365359 0.43472147 357.63600732 -0.01729733 -0.22967529 0.00131770
2298.27656107 1.00021199 0.00032602 0.14225474 0.72317290 354.18219069 -0.00267099 -0.17129517 0.00122200
2298.27725582 1.00051536 0.00032607 0.21501696 -0.51500753 350.71102056 -0.06365349 -0.22967529 0.00159569
2298.27795056 1.00080198 0.00032612 0.03694505 -0.45792067 347.22001877 -0.00386201 -0.25878906 0.00141958
2298.27864531 1.00056257 0.00032608 0.19599067 0.00298505 343.70670031 -0.09483466 -0.26846313 0.00165990
2298.27934006 1.00018050 0.00032602 0.24647671 -0.45524019 340.16858724 -0.07272231 -0.21997070 0.00155358
2298.28003480 1.00076697 0.00032611 0.01186605 -0.17420566 336.60326622 -0.09017591 -0.24908447 0.00167276
2298.28072954 1.00024685 0.00032603 -0.08480123 0.14975989 333.00948556 0.04175851 -0.17129517 0.00111519
2298.28142428 1.00083931 0.00032612 0.14377558 0.27304504 329.38665587 -0.01161159 -0.19079590 0.00127526
2298.28211903 1.00046791 0.00032606 -0.08535346 0.19573501 325.73439809 -0.02280015 -0.22967529 0.00139956
2298.28281377 1.00071421 0.00032610 0.33015095 0.06745929 322.05226590 -0.14971221 -0.28784180 0.00186835
2298.28350851 1.00060435 0.00032609 -0.14291632 0.30364479 318.33988975 0.06090983 -0.22967529 0.00112316
2298.28420325 0.99917613 0.00032585 -0.24331719 0.07416204 314.59763527 0.00242786 -0.22967529 0.00138238
2298.28489800 1.00037979 0.00032605 -0.37321526 -0.41156623 310.82776764 -0.08326668 -0.24908447 0.00168553
2298.28559274 0.99972152 0.00032594 -0.48461804 -0.32109393 307.03268515 -0.18271191 -0.21997070 0.00208749
2298.28628749 1.00020659 0.00032602 -0.72936974 -0.25548447 303.21477863 -0.02038788 -0.22967529 0.00148777
2298.28698223 0.99965322 0.00032593 -0.37796914 -0.18756971 299.37644658 -0.10693736 -0.21997070 0.00182005
2298.28767697 1.00005252 0.00032600 -0.67296752 -0.67354070 295.52041295 -0.00316042 -0.28784180 0.00154627
2298.28837171 1.00057372 0.00032608 -0.58901375 -0.85660863 291.65052461 0.03983343 -0.19079590 0.00125370
2298.28906646 0.99955094 0.00032591 -0.35542240 -0.49112422 287.77121297 -0.11223209 -0.24908447 0.00179595
2298.28976121 0.99989223 0.00032597 0.18193329 -0.09577477 283.88685266 0.07823079 -0.24908447 0.00109817
2298.29045595 1.00053156 0.00032607 0.34016055 -0.06612879 280.00181062 -0.08380549 -0.24908447 0.00164507
2298.29115070 0.99999926 0.00032599 0.39893925 -0.52796893 276.12043953 -0.12652073 -0.22967529 0.00178789
2298.29184543 0.99993433 0.00032598 0.45023021 -0.46345994 272.24682257 -0.05817314 -0.23941040 0.00154221
2298.29254018 1.00011056 0.00032600 0.33367118 -0.09242919 268.38460501 -0.16553663 -0.28784180 0.00201525
