#time			flux		fluxerr		x			bg		roll		contam			bg			smear
2314.49926138 0.99988431 0.00032603 0.64534828 0.00001537 279.08597595 -0.01981798 -0.01455688 0.00114058
2314.49995611 1.00029464 0.00032610 0.75908563 0.00001551 274.56946150 -0.18497322 -0.10293579 0.00171680
2314.50065083 0.99949266 0.00032597 0.86120754 0.00001523 270.07007772 -0.01551950 0.00515747 0.00107465
2314.50620865 0.99931508 0.00032594 0.53631764 0.00001539 236.52062564 -0.16450811 -0.01455688 0.00162825
2314.50690337 0.99978636 0.00032602 0.46848959 0.00001531 232.76136260 -0.29619482 -0.01455688 0.00211856
2314.50759810 0.99992741 0.00032604 -0.28464935 0.00001520 229.10428365 -0.02535293 -0.04406738 0.00123317
2314.50829283 0.99916940 0.00032592 -0.18149532 0.00001550 225.54532574 0.05260340 -0.08331299 0.00084478
2314.50898756 0.99944376 0.00032596 -0.12372756 0.00001534 222.07951758 0.05448420 -0.07354736 0.00096608
2314.50968229 1.00089111 0.00032620 0.59317520 0.00001493 218.70059774 -0.13178346 -0.08331299 0.00158348
2314.51037700 0.99938560 0.00032595 0.30461505 0.00001548 215.40182678 -0.11019055 0.00515747 0.00148870
2314.51107173 0.99964564 0.00032600 0.33376471 0.00001551 212.17567514 -0.13421433 -0.06372070 0.00145672
2314.51176646 1.00025853 0.00032610 0.40698344 0.00001513 209.01422337 -0.12474027 -0.06372070 0.00147137
2314.51246119 1.00056011 0.00032614 0.43445676 0.00001512 205.90968366 -0.11467052 -0.04406738 0.00141702
2314.51315591 1.00023979 0.00032609 0.67855695 0.00001534 202.85376544 -0.09052515 -0.07351685 0.00135150
2314.51385064 0.99980359 0.00032602 0.51024033 0.00001521 199.83813167 -0.23604543 -0.12249756 0.00188149
2314.51454537 1.00060673 0.00032615 0.38504215 0.00001529 196.85449581 -0.05843373 -0.07351685 0.00124762
2314.51524009 0.99996303 0.00032605 0.57025096 0.00001546 193.89462155 -0.04815105 -0.07351685 0.00117982
2314.51593482 0.99984957 0.00032603 0.43659047 0.00001548 190.95017379 -0.10116985 -0.05389404 0.00141615
2314.51662954 0.99970168 0.00032600 -0.02644751 0.00001582 188.01290927 -0.13117111 -0.02441406 0.00146226
2314.51732427 0.99964398 0.00032599 -0.29382579 0.00001558 185.07443854 -0.26558595 -0.03424072 0.00203990
2314.51801900 0.99966396 0.00032600 -0.09673247 0.00001568 182.12659935 -0.02394409 -0.09310913 0.00118830
2314.51871373 0.99956988 0.00032598 -0.14631569 0.00001577 179.16105028 0.05497252 -0.07351685 0.00085248
2314.52010317 0.99958780 0.00032599 -0.06540726 0.00001599 173.14361030 -0.07430680 -0.06372070 0.00131859
2314.52079790 1.00005650 0.00032606 -0.38488453 0.00001620 170.07519122 -0.00336116 -0.07354736 0.00099734
2314.52149263 0.99863210 0.00032583 -0.24704370 0.00001701 166.95596723 -0.02770234 -0.02441406 0.00113711
2314.52218736 0.99914817 0.00032591 0.06366633 0.00001857 163.77780585 -0.06088034 -0.08331299 0.00125304
2314.52288209 0.99997861 0.00032605 0.16899501 0.00002766 160.53283000 -0.03842277 -0.08331299 0.00112755
2314.54302915 0.99948358 0.00032597 -0.12126852 0.00002656 43.68366567 -0.12284758 0.06439209 0.00147097
2314.54372388 0.99975990 0.00032601 -0.00409250 0.00002748 40.26840974 -0.05962130 0.10400391 0.00126694
2314.54441861 1.00043937 0.00032612 0.09485035 0.00002437 36.93600699 -0.12964991 0.02487183 0.00157513
2314.54511334 0.99976784 0.00032602 0.21226396 0.00001759 33.67920303 -0.06781476 0.06439209 0.00127355
2314.54580807 1.00009410 0.00032607 0.14571065 0.00001711 30.49033627 -0.13487667 0.06439209 0.00152993
2314.54650279 1.00004812 0.00032606 0.11953307 0.00001682 27.36171982 -0.11260730 0.07427979 0.00138916
2314.54719752 1.00080984 0.00032618 -0.78452639 0.00001647 24.28501385 0.05302377 -0.01455688 0.00080506
2314.54789224 1.00022995 0.00032609 -0.03780243 0.00001628 21.25206133 -0.18506885 0.08419800 0.00168987
2314.54858697 1.00017817 0.00032608 -0.23101191 0.00001622 18.25461772 0.08204256 -0.05389404 0.00072512
2314.54928169 1.00064991 0.00032616 -0.06307896 0.00001643 15.28432052 -0.08392349 0.00515747 0.00142422
2314.54997642 1.00013691 0.00032608 -0.68262011 0.00001610 12.33285900 -0.03614780 -0.01455688 0.00121098
2314.55067115 1.00023668 0.00032609 -0.75667934 0.00001558 9.39205277 0.05224706 0.01501465 0.00083099
2314.55136588 1.00054402 0.00032614 -0.28337731 0.00001551 6.45338617 -0.18785838 -0.04406738 0.00171676
2314.55206061 1.00081503 0.00032619 -0.43166796 0.00001545 3.50875381 -0.03701875 -0.05389404 0.00128597
2314.55275533 1.00101317 0.00032622 0.06574466 0.00001536 0.54982588 -0.01046476 -0.01455688 0.00113847
2314.55345005 1.00072420 0.00032617 -0.24687541 0.00001541 357.56818434 -0.02057387 -0.09310913 0.00105208
2314.55414478 1.00020415 0.00032609 0.00000000 0.00001548 354.55550987 -0.05831218 -0.09313965 0.00127470
2314.55483951 1.00038048 0.00032611 0.45160046 0.00001544 351.50354508 -0.12291489 -0.03424072 0.00149247
2314.55553424 1.00009086 0.00032607 0.08622210 0.00001554 348.40389276 -0.04530492 -0.03424072 0.00118069
2314.55622896 1.00040089 0.00032612 0.10614205 0.00001572 345.24847540 -0.09176021 -0.02441406 0.00130748
2314.55692369 1.00026141 0.00032610 0.27457211 0.00001558 342.02904418 -0.08463573 -0.05389404 0.00128892
2314.55761842 0.99981648 0.00032602 0.02910839 0.00001565 338.73775552 -0.02038149 0.03475952 0.00105111
2314.55831315 1.00060089 0.00032615 0.03787179 0.00001550 335.36715802 0.07604460 -0.07351685 0.00079601
2314.55900786 1.00067155 0.00032616 -0.30313514 0.00001566 331.91027458 0.05249032 -0.03424072 0.00083686
2314.55970259 1.00032477 0.00032611 0.14725886 0.00001546 328.36072054 0.01966655 0.00515747 0.00088153
2314.56039732 1.00036582 0.00032611 -0.31838689 0.00001544 324.71320717 -0.00948297 0.00515747 0.00106413
2314.56109205 1.00067374 0.00032616 0.23190811 0.00001536 320.96371389 -0.06736141 -0.04406738 0.00120131
2314.56178678 0.99985560 0.00032603 -0.28235408 0.00001565 317.10982188 0.05423842 -0.05389404 0.00086890
2314.56248150 0.99970818 0.00032601 -0.34222136 0.00001546 313.15083392 -0.06197154 -0.05389404 0.00129102
2314.56317623 1.00038286 0.00032612 -0.42659025 0.00001547 309.08838021 -0.16044468 -0.07351685 0.00164557
2314.56387096 1.00006715 0.00032606 -0.60137706 0.00001544 304.92372593 -0.11418105 -0.03424072 0.00148297
2314.56456568 0.99976797 0.00032602 -0.49653064 0.00001536 300.67086238 -0.18611984 0.00515747 0.00169689
2314.56526041 0.99945458 0.00032596 -0.76906896 0.00001547 296.33748294 0.05604436 -0.05389404 0.00099096
2314.56595513 0.99994483 0.00032604 -0.34850241 0.00001562 291.93123324 -0.02679108 -0.00473022 0.00123634
2314.56664986 0.99968741 0.00032600 -0.19648545 0.00001539 287.46643992 -0.01526019 -0.05389404 0.00106383
2314.56734459 0.99951994 0.00032597 0.00445206 0.00001543 282.96326112 0.07295877 0.01501465 0.00084168
2314.56803932 1.00032945 0.00032611 0.33221511 0.00001531 278.44195449 -0.13514464 -0.05389404 0.00157186
2314.56873405 1.00031160 0.00032610 0.62576661 0.00001526 273.92276847 -0.00428563 0.00515747 0.00109615
2314.56942876 0.99955079 0.00032598 0.50457017 0.00001528 269.42601556 -0.19775303 0.00515747 0.00173605
2314.57012349 0.99938022 0.00032595 -0.30328049 0.00001549 264.96954071 -0.06231300 -0.01455688 0.00126892
2314.57081822 0.99906561 0.00032590 0.00709647 0.00001548 260.56702464 0.01174880 -0.02441406 0.00102244
2314.57151295 1.00004950 0.00032606 -0.03996824 0.00001557 256.23157364 0.03743878 -0.06372070 0.00095341
2314.57220768 0.99989333 0.00032604 0.07036746 0.00001543 251.97628492 -0.02679661 -0.04406738 0.00119967
2314.57290240 1.00038618 0.00032612 -0.05207514 0.00001527 247.81433332 -0.16599468 -0.07351685 0.00163434
2314.57359713 0.99996717 0.00032605 0.12852734 0.00001537 243.75677426 -0.08840379 -0.03424072 0.00140425
2314.57429186 1.00003893 0.00032606 0.34594990 0.00001525 239.80509801 -0.06494887 0.00515747 0.00114869
2314.57498659 1.00000748 0.00032605 -0.01720603 0.00001535 235.95757945 -0.08563405 -0.03424072 0.00136646
2314.57568130 0.99957988 0.00032598 -0.18643898 0.00001552 232.21256004 -0.16907670 -0.02441406 0.00171227
2314.57637603 0.99907716 0.00032590 -0.35509810 0.00001572 228.56819329 -0.09941442 -0.09313965 0.00142314
2314.57707076 1.00044333 0.00032613 -0.09991324 0.00001541 225.02262286 -0.06431960 0.00515747 0.00122675
2314.57776549 0.99976917 0.00032602 -0.17401699 0.00001539 221.57086440 0.01136227 -0.09310913 0.00100017
2314.57846022 1.00000272 0.00032605 0.56506328 0.00001552 218.20547106 0.02359443 0.00515747 0.00088035
2314.57915494 1.00068325 0.00032616 0.27057150 0.00001508 214.91898898 -0.00692722 -0.00473022 0.00102878
2314.57984967 1.00002612 0.00032606 0.52164600 0.00001559 211.70379284 -0.13086272 -0.03424072 0.00157293
2314.58054439 1.00056318 0.00032614 0.38578625 0.00001533 208.55242746 -0.19149136 -0.06372070 0.00168776
2314.58123912 0.99972711 0.00032601 0.71415570 0.00001545 205.45710109 -0.09592977 -0.05389404 0.00129140
2314.58193385 1.00020005 0.00032609 0.77272742 0.00001534 202.40950269 -0.04479733 -0.01455688 0.00126335
2314.58262857 1.00091040 0.00032620 0.62308461 0.00001524 199.40130551 -0.15938435 -0.09313965 0.00154368
2314.58332330 0.99954472 0.00032598 0.51526231 0.00001544 196.42403679 -0.06413572 -0.00469971 0.00134732
2314.58401803 0.99994319 0.00032604 0.44902634 0.00001550 193.46937500 -0.01993291 -0.03424072 0.00109217
2314.58471276 1.00032112 0.00032611 0.44064607 0.00001560 190.52895512 0.00068990 0.00515747 0.00097390
2314.58540747 0.99969180 0.00032600 0.02288524 0.00001575 187.59452583 -0.14579710 -0.00473022 0.00154064
2314.58610220 0.99900907 0.00032589 -0.24484010 0.00001597 184.65770075 -0.15520600 -0.05389404 0.00165224
2314.58679693 0.99974087 0.00032601 0.02728844 0.00001566 181.71024698 -0.01370672 0.01501465 0.00110795
2314.58749166 1.00060012 0.00032615 -0.09083338 0.00001573 178.74387645 -0.01067565 -0.07351685 0.00112545
2314.58818639 1.00059619 0.00032615 -0.02209233 0.00001601 175.75030769 0.05016764 -0.02441406 0.00090501
2314.58888111 0.99975881 0.00032601 0.04338131 0.00001612 172.72131328 -0.14861826 0.00515747 0.00156893
2314.58957584 1.00063000 0.00032616 -0.24305919 0.00001649 169.64852502 -0.00516099 0.00515747 0.00103097
2314.59027057 0.99944730 0.00032596 -0.21893073 0.00001856 166.52372691 -0.12551443 -0.02441406 0.00154313
2314.59096530 0.99942185 0.00032596 0.24008946 0.00002089 163.33864756 -0.13821670 -0.03424072 0.00147423
2314.59166002 0.99999368 0.00032605 0.20795789 0.00003228 160.08502844 -0.04261450 0.01501465 0.00113607
2314.59235474 1.00013672 0.00032608 0.50242652 0.00003583 156.75533574 -0.15097924 -0.07354736 0.00152239
2314.59304947 1.00030088 0.00032610 -0.18988128 0.00003121 153.34314152 -0.06456508 0.02487183 0.00127335
2314.61180708 1.00009417 0.00032607 -0.14752774 0.00003056 43.17074277 -0.07148616 0.05450439 0.00130923
2314.61250181 1.00055454 0.00032614 -0.27470798 0.00002724 39.76889837 -0.11849407 0.08419800 0.00147183
2314.61319654 1.00084004 0.00032619 0.34586185 0.00002279 36.44845629 -0.10698741 0.10400391 0.00145577
2314.61389127 0.99989607 0.00032604 0.57087578 0.00001794 33.20276764 -0.10324595 0.10400391 0.00140972
2314.61458600 0.99997057 0.00032605 0.39259146 0.00001758 30.02462813 -0.11575804 0.11392212 0.00140433
2314.61528072 0.99967427 0.00032600 -0.14493222 0.00001670 26.90586429 -0.02069466 0.02487183 0.00108599
2314.61597546 1.00025877 0.00032610 -0.66102656 0.00001645 23.83799521 0.11959592 0.12387085 0.00051706
2314.61667018 1.00042617 0.00032612 0.05179275 0.00001651 20.81289540 -0.14173501 -0.01455688 0.00149107
2314.61736491 1.00009353 0.00032607 -0.00002539 0.00001624 17.82208474 -0.05164195 0.04461670 0.00116524
2314.61805963 1.00026444 0.00032610 0.06706475 0.00001610 14.85729187 -0.17464441 0.05450439 0.00161445
2314.61875435 1.00031554 0.00032610 -0.61029635 0.00001568 11.91026098 -0.03297365 -0.02441406 0.00105974
2314.61944908 1.00060228 0.00032615 -0.76214577 0.00001564 8.97260050 0.05255637 0.01501465 0.00078746
2314.62014381 1.00057941 0.00032615 -0.18513432 0.00001548 6.03606108 -0.03449330 -0.01455688 0.00116619
2314.62083854 1.00005049 0.00032606 -0.50418867 0.00001543 3.09234990 -0.06845875 -0.03424072 0.00130631
2314.62153326 1.00045114 0.00032613 -0.22515921 0.00001558 0.13321398 0.03272817 -0.07354736 0.00088644
2314.62222798 1.00019785 0.00032609 -0.28355548 0.00001554 357.15019960 -0.05626933 0.02487183 0.00117587
2314.62292271 1.00086995 0.00032619 0.13113126 0.00001522 354.13496004 -0.10893619 0.04461670 0.00130307
2314.62361745 1.00044406 0.00032613 0.36341445 0.00001574 351.07904200 -0.14252154 0.00515747 0.00146443
2314.62431217 0.99984062 0.00032603 0.12615076 0.00001565 347.97420491 -0.06119756 -0.00473022 0.00117576
2314.62500689 1.00017728 0.00032608 -0.15534794 0.00001566 344.81195001 0.08188522 -0.03424072 0.00068301
2314.62570162 1.00053332 0.00032614 0.09610683 0.00001566 341.58421887 -0.11033883 0.04461670 0.00137262
2314.62639635 1.00093619 0.00032621 0.05494441 0.00001541 338.28373731 -0.11827077 -0.03424072 0.00136085
2314.62709108 1.00106085 0.00032623 0.06802817 0.00001544 334.90325536 0.12316268 -0.03424072 0.00063748
2314.62778581 0.99989558 0.00032604 -0.31773843 0.00001566 331.43551615 -0.02084178 -0.01455688 0.00112996
2314.62848052 1.00006707 0.00032606 0.15325868 0.00001562 327.87332857 -0.05143235 -0.01455688 0.00113267
2314.62917525 1.00024920 0.00032609 -0.30408889 0.00001549 324.21031177 -0.04515588 -0.04406738 0.00115775
2314.62986998 0.99945462 0.00032596 0.27541196 0.00001564 320.44481093 -0.06799301 -0.03424072 0.00122786
2314.63056472 0.99992706 0.00032604 -0.28829514 0.00001549 316.57636186 -0.02840432 -0.03424072 0.00106123
2314.63125943 0.99945356 0.00032596 -0.42599793 0.00001552 312.60482348 -0.13625387 -0.01455688 0.00152767
2314.63195416 0.99960049 0.00032599 -0.62019059 0.00001549 308.52946729 -0.16831738 0.00515747 0.00166281
2314.63264888 1.00014699 0.00032608 -0.93710011 0.00001556 304.35063509 -0.00425100 -0.03424072 0.00112634
2314.63334361 0.99927997 0.00032594 -0.58031883 0.00001532 300.07698965 -0.13681226 -0.03424072 0.00161540
2314.63403834 0.99973795 0.00032601 -0.85926075 0.00001550 295.72330764 0.06404151 0.03475952 0.00092552
2314.63473306 1.00026762 0.00032610 -0.73569955 0.00001561 291.30458392 0.03814390 -0.03424072 0.00094115
2314.63542779 0.99895366 0.00032588 -0.40228993 0.00001667 286.83559026 -0.05794296 -0.01455688 0.00129573
2314.63612252 1.00018317 0.00032608 0.08824107 0.00001533 282.33133411 -0.00545658 -0.03424072 0.00116849
2314.63681725 0.99979267 0.00032602 0.33295253 0.00001537 277.80842711 -0.21489750 -0.01455688 0.00180980
2314.63751198 1.00031241 0.00032610 0.70691807 0.00001528 273.28636314 -0.02335345 -0.01455688 0.00116072
2314.63820670 1.00001960 0.00032606 0.50963599 0.00001538 268.78493402 -0.08242967 -0.01455688 0.00136924
2314.63890142 0.99988507 0.00032603 -0.20840012 0.00001540 264.32399623 0.09637993 -0.00473022 0.00072812
2314.63959616 1.00027264 0.00032610 0.22478847 0.00001534 259.92311811 -0.07574311 -0.04406738 0.00121001
2314.64029089 1.00045604 0.00032613 0.18484973 0.00001537 255.60021159 0.01059235 -0.05389404 0.00110312
2314.64098561 0.99989622 0.00032604 0.17146032 0.00001533 251.36355541 -0.05886700 -0.03424072 0.00126401
2314.64168034 1.00000000 0.00032605 0.17524682 0.00001532 247.21863612 -0.17832287 -0.03424072 0.00165871
2314.64237507 1.00012864 0.00032607 0.25765066 0.00001524 243.17116065 -0.07351507 0.02487183 0.00132812
2314.64306980 0.99978482 0.00032602 0.32278878 0.00001525 239.22676382 -0.11945383 -0.01455688 0.00145834
2314.64376453 0.99974232 0.00032601 -0.02101903 0.00001540 235.39061289 -0.08194264 -0.02441406 0.00133893
2314.64445924 0.99984471 0.00032603 -0.01371272 0.00001541 231.66179959 -0.14283838 -0.03424072 0.00154806
2314.64515397 0.99980052 0.00032602 -0.21059564 0.00001539 228.03485188 -0.09929832 -0.02441406 0.00139060
2314.64584870 1.00039985 0.00032612 0.10664781 0.00001523 224.50440050 0.02649671 -0.01455688 0.00086053
2314.64654343 0.99985218 0.00032603 0.07481044 0.00001542 221.06500549 -0.12603874 -0.07351685 0.00143763
2314.64723816 1.00009060 0.00032607 0.74397621 0.00001524 217.71122147 0.05250618 0.00515747 0.00076555
2314.64793288 0.99982754 0.00032602 0.18703638 0.00001533 214.43667946 -0.08533125 -0.03424072 0.00125643
2314.64862761 0.99928126 0.00032594 0.25450485 0.00001569 211.23320252 -0.09096802 -0.02441406 0.00137115
2314.64932233 0.99982545 0.00032602 0.19608661 0.00001546 208.09261881 -0.19951815 -0.01455688 0.00172664
2314.65001706 0.99984799 0.00032603 0.65164344 0.00001519 205.00669594 0.01623942 0.00515747 0.00091639
2314.65071179 1.00005254 0.00032606 0.60412310 0.00001528 201.96720814 -0.12689504 -0.05389404 0.00145764
2314.65140651 1.00091291 0.00032620 0.47675616 0.00001535 198.96595830 -0.13558344 -0.03424072 0.00146792
2314.65210124 1.00056591 0.00032615 0.56841615 0.00001549 195.99453887 -0.22019872 0.02487183 0.00185102
2314.65279597 1.00098020 0.00032621 0.42563009 0.00001560 193.04466948 -0.06458261 -0.05389404 0.00128513
2314.65349070 0.99931460 0.00032594 0.21949249 0.00001739 190.10802502 -0.05579881 -0.04406738 0.00126788
2314.65418541 0.99904352 0.00032590 0.07854344 0.00001557 187.17632365 -0.15116764 -0.03424072 0.00149698
2314.65488014 1.00004675 0.00032606 -0.39119790 0.00001533 184.24113908 -0.15567128 0.04461670 0.00161464
2314.65557487 0.99879458 0.00032586 -0.17037869 0.00001610 181.29417343 -0.02162200 -0.03424072 0.00108333
2314.65626960 0.99889974 0.00032587 -0.24320298 0.00001606 178.32706197 0.00470368 -0.03424072 0.00101837
2314.65696433 1.00003376 0.00032606 -0.12110994 0.00001626 175.33144563 -0.06013864 0.02487183 0.00113379
2314.65765905 0.99961116 0.00032599 -0.02419309 0.00001648 172.29901060 0.03219369 -0.03424072 0.00086637
2314.65835378 0.99977073 0.00032602 -0.43760149 0.00001693 169.22129880 -0.12729745 -0.02441406 0.00144024
2314.65904850 0.99959341 0.00032599 -0.30971356 0.00001707 166.09018365 -0.19013503 -0.01455688 0.00170416
2314.65974323 0.99977976 0.00032602 0.02667498 0.00001834 162.89780312 -0.12967999 0.00515747 0.00146500
2314.66043796 1.00046590 0.00032613 0.05242689 0.00002719 159.63631794 -0.05488320 -0.03424072 0.00126730
2314.66113268 1.00022867 0.00032609 0.38757232 0.00002665 156.29795043 -0.13387643 0.00515747 0.00146669
2314.66182741 0.99971031 0.00032601 -0.23485037 0.00002871 152.87475449 -0.13657439 0.01501465 0.00141156
2314.68058502 0.99988010 0.00032603 -0.12938731 0.00002554 42.65830693 -0.10718019 0.09408569 0.00142186
2314.68127975 0.99983523 0.00032603 -0.11696898 0.00002513 39.26944508 -0.12626719 0.09408569 0.00149583
2314.68197448 1.00029804 0.00032610 0.96252287 0.00002279 35.96221799 -0.15470994 0.08419800 0.00146758
2314.68266921 0.99986959 0.00032603 0.90420183 0.00001736 32.72875961 0.01608590 0.02487183 0.00087998
2314.68336392 1.00020624 0.00032609 0.41177526 0.00001718 29.56126308 -0.13642882 0.10400391 0.00143462
2314.68405865 0.99981829 0.00032602 -0.23934987 0.00001701 26.45175629 -0.04567276 0.07427979 0.00117835
2314.68475338 0.99972795 0.00032601 -0.70912802 0.00001635 23.39234626 -0.04810227 0.02487183 0.00131628
2314.68544811 1.00039800 0.00032612 -0.06222657 0.00001589 20.37472153 -0.14029647 0.08419800 0.00144620
2314.68614284 1.00003573 0.00032606 -0.13383410 0.00001627 17.39048495 0.06175956 0.02487183 0.00071615
2314.68683756 1.00018643 0.00032608 -0.07719387 0.00001583 14.43128250 -0.17588589 0.04461670 0.00173184
2314.68753229 1.00057760 0.00032615 -0.53740395 0.00001562 11.48861618 -0.04725855 -0.01455688 0.00109791
2314.68822702 1.00057918 0.00032615 -0.89436124 0.00001546 8.55414219 0.02647897 0.01501465 0.00100389
2314.68892174 1.00063899 0.00032616 -0.11087327 0.00001545 5.61952519 -0.07826869 0.03472900 0.00130460
2314.68961646 1.00003269 0.00032606 -0.40431314 0.00001560 2.67652633 -0.14023342 0.00515747 0.00155937
2314.69031119 1.00037993 0.00032611 -0.17297915 0.00001582 359.71675356 -0.04942953 0.00515747 0.00122002
2314.69170065 1.00055208 0.00032614 0.23613272 0.00001545 353.71387786 -0.06028772 0.03475952 0.00120384
2314.69239538 1.00040567 0.00032612 0.38942824 0.00001561 350.65417940 -0.11094060 -0.02441406 0.00140505
2314.69309010 1.00055448 0.00032614 -0.15652063 0.00001547 347.54459604 -0.14116418 0.00515747 0.00159262
2314.69378545 1.00045181 0.00032613 -0.35407267 0.00001551 344.37381963 -0.06375584 -0.00473022 0.00115577
2314.69448018 1.00009011 0.00032607 0.07513023 0.00001562 341.13926463 0.06482354 -0.03424072 0.00076458
2314.69517491 0.99958342 0.00032598 -0.26733175 0.00001595 337.82977844 -0.02665968 0.00515747 0.00106996
2314.69586964 1.00083189 0.00032619 -0.00718106 0.00001529 334.43754507 0.07719041 0.01501465 0.00070411
2314.69656435 1.00022808 0.00032609 -0.16363267 0.00001562 330.95685069 0.06871295 0.04461670 0.00071194
2314.69725908 1.00049305 0.00032613 0.06714918 0.00001550 327.38232789 -0.02534296 -0.03424072 0.00096846
2314.69795381 1.00026102 0.00032610 -0.06724589 0.00001562 323.70877655 0.03059201 0.00515747 0.00088111
2314.69864854 1.00080056 0.00032618 0.14191519 0.00001546 319.93094617 -0.17349756 0.04461670 0.00160817
2314.69934326 0.99971899 0.00032601 -0.32747110 0.00001569 316.04420559 0.01647849 -0.03424072 0.00097123
2314.70003799 1.00008873 0.00032607 -0.41994068 0.00001555 312.05023840 -0.25693439 0.00515747 0.00191924
2314.70073271 1.00043188 0.00032612 -0.60121650 0.00001549 307.95511476 -0.06457157 -0.01455688 0.00123889
2314.70142744 1.00031204 0.00032610 -0.63884252 0.00001538 303.76490402 -0.04529157 -0.03424072 0.00121944
2314.70212217 1.00003042 0.00032606 -0.44722674 0.00001546 299.48568372 -0.13714343 -0.05389404 0.00158995
2314.70281689 0.99978950 0.00032602 -0.70985333 0.00001550 295.12368577 0.08111478 0.02487183 0.00086312
2314.70351162 0.99948349 0.00032597 -0.56976151 0.00001613 290.69015447 -0.00205178 -0.00473022 0.00105051
2314.70420635 0.99941011 0.00032596 -0.14382620 0.00001554 286.20457730 -0.06243897 -0.01455688 0.00128454
2314.70490108 0.99977474 0.00032602 0.09109535 0.00001545 281.68706214 0.04337618 -0.01455688 0.00082962
2314.70559581 0.99946008 0.00032596 0.33092965 0.00001564 277.15770781 -0.18293378 -0.03424072 0.00165958
2314.70629052 0.99952086 0.00032597 0.71636947 0.00001540 272.63669542 -0.01451803 0.02487183 0.00104234
2314.70698525 1.00016207 0.00032608 0.39427024 0.00001536 268.14303904 -0.13501846 -0.05389404 0.00150289
2314.70767998 0.99997255 0.00032605 -0.11082883 0.00001543 263.69227626 -0.00869722 0.00515747 0.00113054
2314.70837471 0.99938415 0.00032595 0.15913800 0.00001540 259.29896826 -0.14290328 -0.00473022 0.00155076
2314.70906943 0.99975668 0.00032601 0.13681743 0.00001547 254.97773915 0.05756588 -0.01455688 0.00076176
2314.70976416 0.99936135 0.00032595 0.02592718 0.00001525 250.74300472 0.00865584 -0.01455688 0.00099994
2314.71045888 1.00054945 0.00032614 -0.08066306 0.00001530 246.60860700 -0.20015755 0.00515747 0.00178043
2314.71115361 1.00010054 0.00032607 0.05637485 0.00001523 242.57947085 -0.07087722 -0.01455688 0.00128037
2314.71184834 1.00014888 0.00032608 0.16399262 0.00001511 238.65492111 -0.08431887 -0.05389404 0.00123567
2314.71254306 0.99917774 0.00032592 -0.29643421 0.00001543 234.83426399 -0.11450514 0.02487183 0.00147268
2314.71323779 1.00010334 0.00032607 -0.13268204 0.00001528 231.11661401 -0.13972428 0.03475952 0.00148704
2314.71393252 0.99977825 0.00032602 -0.16641172 0.00001533 227.50122861 -0.03465250 -0.03424072 0.00115470
2314.71462725 1.00005493 0.00032606 -0.35115013 0.00001538 223.98481330 0.02556897 -0.01455688 0.00094007
2314.71532196 0.99996242 0.00032605 0.09423835 0.00001542 220.56036269 -0.19063709 -0.01455688 0.00166476
2314.71601669 1.00023211 0.00032609 0.61580015 0.00001522 217.22039543 -0.07921499 -0.01455688 0.00125707
2314.71671142 1.00002385 0.00032606 0.13606040 0.00001526 213.95759613 -0.03458219 -0.01455688 0.00115519
2314.71740615 1.00015161 0.00032608 0.63960412 0.00001566 210.76459808 -0.13803422 0.00515747 0.00153585
2314.71810088 0.99964941 0.00032600 0.38406243 0.00001524 207.63384590 -0.26738687 0.03472900 0.00194242
2314.71879560 0.99996594 0.00032605 0.66238523 0.00001535 204.55713913 -0.06688428 -0.01455688 0.00115212
2314.71949033 1.00004261 0.00032606 0.64174513 0.00001519 201.52595438 -0.10270102 -0.01455688 0.00128643
2314.72018505 0.99962683 0.00032599 0.38002338 0.00001522 198.53191883 -0.04350091 -0.00473022 0.00108958
2314.72087978 1.00007095 0.00032606 0.43607479 0.00001538 195.56661371 -0.13651970 -0.03424072 0.00144424
2314.72157451 0.99953898 0.00032598 0.42129514 0.00001545 192.62162002 0.02761469 -0.03424072 0.00086935
2314.72226923 0.99955003 0.00032598 0.07168228 0.00001556 189.68863958 0.04291974 0.00515747 0.00079249
2314.72296396 0.99952855 0.00032598 -0.23855367 0.00001562 186.75926116 -0.13612290 -0.02441406 0.00147508
2314.72365869 0.99969258 0.00032600 -0.47160538 0.00001566 183.82522765 -0.03052658 -0.01455688 0.00111775
2314.72435342 0.99998674 0.00032605 -0.01336728 0.00001567 180.87822681 -0.06684080 -0.01455688 0.00125436
2314.72504815 0.99970298 0.00032600 -0.19235938 0.00001577 177.90995188 -0.04316151 0.04461670 0.00120480
2314.72574286 1.00010454 0.00032607 0.04384717 0.00001633 174.91211890 -0.01490000 -0.03424072 0.00102376
2314.72643759 0.99973974 0.00032601 0.13765490 0.00001606 171.87626505 0.02197306 -0.04406738 0.00086067
2314.72713232 0.99935382 0.00032595 -0.42195101 0.00001648 168.79407547 0.00862354 0.04461670 0.00100141
2314.72782705 0.99940108 0.00032596 -0.01088392 0.00001677 165.65718053 -0.25856462 -0.00473022 0.00191728
2314.72852177 0.99978044 0.00032602 0.06953048 0.00001930 162.45727138 -0.04180262 -0.03424072 0.00113057
2314.72921650 1.00025589 0.00032609 0.34211948 0.00002407 159.18617680 -0.09264560 0.04461670 0.00137853
2314.72991122 0.99931610 0.00032594 0.73971297 0.00002571 155.83704410 -0.07889406 0.00515747 0.00121628
2314.74936356 0.99985909 0.00032603 -0.06804829 0.00002669 42.15023967 -0.19479972 0.10400391 0.00170632
2314.75005829 0.99934402 0.00032595 0.01206168 0.00002522 38.77393633 -0.14338344 0.10400391 0.00152308
2314.75075302 1.00023009 0.00032609 0.59546125 0.00002141 35.47795734 -0.16278458 0.06439209 0.00154828
2314.75144774 1.00077574 0.00032618 0.53093820 0.00001721 32.25564083 -0.09564005 0.10400391 0.00121176
2314.75214247 1.00035202 0.00032611 0.17143050 0.00001718 29.09883307 -0.04916477 0.12387085 0.00113091
2314.75353192 1.00014702 0.00032608 -0.42910509 0.00001619 22.94851526 -0.06024071 0.12387085 0.00117695
2314.75422664 0.99951846 0.00032597 -0.12212715 0.00001635 19.93836241 -0.07328507 0.08419800 0.00130488
2314.75492137 0.99965435 0.00032600 -0.12379417 0.00001608 16.96033664 0.05791166 0.11392212 0.00069830
2314.75561610 1.00052012 0.00032614 -0.33322447 0.00001593 14.00614536 -0.08981185 0.00515747 0.00137000
2314.75631083 1.00017675 0.00032608 -0.80324658 0.00001558 11.06745445 0.07085882 0.05450439 0.00075034
2314.75700556 1.00070873 0.00032617 -0.59360326 0.00001549 8.13592367 0.01763832 0.00515747 0.00086318
2314.75770028 1.00054880 0.00032614 -0.26840993 0.00001543 5.20326676 -0.03458336 -0.01455688 0.00115670
2314.75839500 1.00103271 0.00032622 -0.37329878 0.00001547 2.26104886 -0.14669397 0.01501465 0.00153586
2314.75908973 1.00068301 0.00032616 -0.13864044 0.00001542 359.30093336 -0.01678106 0.01501465 0.00096935
2314.75978446 1.00012216 0.00032607 -0.14199358 0.00001540 356.31447847 -0.06848085 0.02487183 0.00124023
2314.76047918 0.99981996 0.00032602 0.34251787 0.00001561 353.29328280 -0.12140860 -0.05389404 0.00133789
2314.76117391 1.00069697 0.00032617 0.32784829 0.00001550 350.22879863 -0.10289314 0.03472900 0.00130232
2314.76186864 1.00008034 0.00032607 -0.12000913 0.00001576 347.11262386 -0.00164013 0.01501465 0.00096965
2314.76256337 1.00101456 0.00032622 -0.16641553 0.00001564 343.93648002 -0.01908993 -0.01455688 0.00121372
2314.76325809 1.00046773 0.00032613 0.06409051 0.00001542 340.69267297 -0.00125183 0.04461670 0.00097961
2314.76395281 1.00003941 0.00032606 -0.20355759 0.00001565 337.37370017 -0.08105386 0.00515747 0.00129073
2314.76464754 1.00025543 0.00032609 -0.00916973 0.00001561 333.97189130 0.14697662 -0.01455688 0.00039720
2314.76534227 1.00053442 0.00032614 -0.17533813 0.00001565 330.47973726 0.00764538 -0.05389404 0.00091528
2314.76603700 1.00096623 0.00032621 -0.02012440 0.00001542 326.89004476 -0.07434594 0.04461670 0.00108457
2314.76673173 1.00006694 0.00032606 -0.11315336 0.00001532 323.19922197 -0.02156915 0.01501465 0.00103835
2314.76742644 0.99936281 0.00032595 -0.03425626 0.00001617 319.40581197 -0.05647415 -0.02441406 0.00114057
2314.76812117 1.00039900 0.00032612 -0.08819312 0.00001536 315.50818279 0.05473947 0.03475952 0.00076964
2314.76881590 0.99995575 0.00032605 -0.20534573 0.00001551 311.50490031 -0.21731941 0.05450439 0.00177912
2314.76951063 1.00050636 0.00032614 -0.32290388 0.00001550 307.39459906 -0.08269600 -0.03424072 0.00129792
2314.77020535 0.99982748 0.00032602 -0.60266018 0.00001551 303.18208958 -0.09761745 -0.05389404 0.00138107
2314.77090008 0.99957747 0.00032598 -0.51592899 0.00001558 298.88030485 -0.05696383 0.04461670 0.00121808
2314.77159481 0.99947126 0.00032597 -0.65661795 0.00001556 294.50298272 0.04619782 -0.01455688 0.00089118
2314.77228954 0.99942651 0.00032596 -0.45999719 0.00001556 290.06380025 0.02064292 -0.01455688 0.00096239
2314.77298426 0.99997765 0.00032605 -0.00192245 0.00001540 285.57642576 -0.02524458 -0.00473022 0.00107645
2314.77367898 1.00051571 0.00032614 0.28804208 0.00001534 281.05594237 -0.16492833 0.00515747 0.00157672
2314.77437371 0.99962148 0.00032599 0.55085377 0.00001554 276.52177880 -0.16462676 -0.01455688 0.00158785
2314.77506844 0.99988220 0.00032603 0.70229016 0.00001539 271.99458669 -0.07212336 -0.05389404 0.00118028
2314.77576317 0.99904279 0.00032590 0.10242960 0.00001532 267.49493267 -0.06581876 0.02487183 0.00121231
2314.77645789 0.99980752 0.00032602 -0.25046729 0.00001539 263.04346465 0.00458418 0.00515747 0.00095991
2314.77715261 1.00028983 0.00032610 0.04882894 0.00001536 258.65977268 -0.09968610 -0.00473022 0.00145837
2314.77784734 0.99995454 0.00032605 -0.05147914 0.00001532 254.35560326 0.09308363 -0.00473022 0.00072172
2314.77854207 0.99982427 0.00032602 -0.06877063 0.00001538 250.13811896 -0.11430300 0.02487183 0.00143859
2314.77923680 0.99946760 0.00032597 0.01220703 0.00001551 246.01442410 -0.21609416 -0.01455688 0.00177476
2314.77993152 1.00007809 0.00032607 0.43509984 0.00001518 241.99169793 -0.09974900 -0.04406738 0.00132515
2314.78062625 0.99974606 0.00032601 0.11208800 0.00001524 238.07679230 -0.04778740 0.04461670 0.00112002
2314.78132098 0.99965062 0.00032600 -0.36732016 0.00001546 234.27186363 -0.16982892 -0.02441406 0.00159940
2314.78201570 0.99992684 0.00032604 -0.31483164 0.00001531 230.57241528 -0.11539288 -0.01455688 0.00143227
2314.78271043 0.99967091 0.00032600 -0.04319607 0.00001545 226.97349812 -0.01411936 -0.00473022 0.00109487
2314.78340515 0.99914779 0.00032591 -0.00761004 0.00001549 223.47021324 -0.01864987 0.00515747 0.00104472
2314.78409988 0.99987488 0.00032603 0.52690140 0.00001535 220.05749187 -0.10961228 0.00515747 0.00136890
2314.78479461 0.99914659 0.00032591 0.60649462 0.00001554 216.72980044 -0.04772739 -0.03424072 0.00118036
2314.78548934 0.99915512 0.00032592 0.21495698 0.00001546 213.47937844 -0.00007690 0.02487183 0.00095684
2314.78618405 0.99983186 0.00032603 0.63828876 0.00001546 210.29806958 -0.19511058 0.00515747 0.00164162
2314.78687878 0.99971884 0.00032601 0.40948541 0.00001520 207.17755172 -0.25812778 0.02487183 0.00188466
2314.78757351 1.00021176 0.00032609 0.71941121 0.00001517 204.10966967 -0.06937149 -0.00473022 0.00118063
2314.78826824 0.99977665 0.00032602 0.66999937 0.00001545 201.08619716 -0.19661428 -0.01455688 0.00161714
2314.78896297 1.00052887 0.00032614 0.30013903 0.00001520 198.09881301 -0.07325341 0.05450439 0.00116573
2314.78965769 0.99990616 0.00032604 0.64102909 0.00001547 195.13918383 -0.04947877 -0.01455688 0.00109811
2314.79035242 0.99942502 0.00032596 0.50141539 0.00001549 192.19883154 0.04685271 0.00515747 0.00076075
2314.79104714 0.99996541 0.00032605 0.07783152 0.00001540 189.26942696 -0.02986589 -0.01455688 0.00109334
2314.79174187 0.99921339 0.00032592 -0.47655247 0.00001655 186.34258663 -0.04702927 -0.03424072 0.00122117
2314.79243660 0.99993839 0.00032604 -0.39890022 0.00001561 183.40992768 -0.11382706 -0.02441406 0.00139538
2314.79313132 0.99965806 0.00032600 0.04222839 0.00001565 180.46310405 0.09284686 0.00515747 0.00058302
2314.79382605 0.99952910 0.00032598 -0.01239661 0.00001590 177.49362682 -0.03797595 -0.01455688 0.00115258
2314.79452078 0.99930366 0.00032594 0.10461899 0.00001594 174.49314900 -0.05595418 -0.05389404 0.00121240
2314.79521551 0.99982103 0.00032602 0.08712245 0.00001614 171.45328053 -0.13827099 0.05450439 0.00139145
2314.79591022 0.99912104 0.00032591 -0.29214982 0.00001685 168.36574924 0.00983615 -0.01455688 0.00099629
2314.79660495 0.99971707 0.00032601 0.12388493 0.00001699 165.22236882 -0.12760270 -0.00473022 0.00150745
2314.79729968 0.99984333 0.00032603 -0.06899682 0.00002041 162.01515670 -0.09417909 0.04461670 0.00128054
2314.79799441 1.00002645 0.00032606 0.23250163 0.00002609 158.73607409 -0.17497992 0.02487183 0.00159215
2314.79868914 1.00109022 0.00032623 0.43429846 0.00002701 155.37708867 -0.06863062 0.06439209 0.00118518
2314.81814148 0.99996136 0.00032605 0.04494411 0.00002630 41.64151386 -0.13742984 0.12387085 0.00148584
2314.81883619 1.00060434 0.00032615 -0.36103897 0.00002413 38.27911107 -0.04128934 0.06439209 0.00112143
2314.81953092 1.00051766 0.00032614 0.19460223 0.00002138 34.99630463 -0.18935356 0.12387085 0.00163390
2314.82022565 0.99968038 0.00032600 0.44673659 0.00001845 31.78537787 -0.10152276 0.11392212 0.00128769
2314.82092038 0.99995835 0.00032605 0.32000866 0.00001830 28.63855034 -0.09989522 0.08419800 0.00130286
2314.82161510 1.00040888 0.00032612 -0.49790140 0.00001665 25.54805231 -0.13419913 0.05450439 0.00140815
2314.82230983 1.00083165 0.00032619 -0.53409525 0.00001635 22.50555970 -0.06760670 0.06439209 0.00120489
2314.82300455 0.99961883 0.00032599 -0.12003688 0.00001656 19.50269344 -0.06625474 0.06439209 0.00121758
2314.82369928 1.00036861 0.00032611 0.04676123 0.00001584 16.53102644 -0.05499355 0.00515747 0.00111890
2314.82439401 1.00013884 0.00032608 -0.32841935 0.00001582 13.58212558 -0.14991748 0.04461670 0.00154468
2314.82508873 1.00068012 0.00032616 -0.65385733 0.00001554 10.64761371 0.05257295 0.06439209 0.00086958
2314.82578346 1.00009077 0.00032607 -0.39090412 0.00001550 7.71898224 -0.05122683 0.02487183 0.00108582
2314.82647819 0.99987876 0.00032603 -0.31418091 0.00001564 4.78790403 -0.04736059 0.07427979 0.00117311
2314.82717292 1.00039994 0.00032612 -0.16019425 0.00001544 1.84599836 -0.17752114 0.06439209 0.00160626
2314.82786763 1.00096005 0.00032621 -0.33061719 0.00001537 358.88493885 -0.07683731 0.02487183 0.00128559
2314.82856236 1.00034192 0.00032611 0.07946536 0.00001554 355.89624995 -0.09577269 -0.01455688 0.00125482
2314.82995182 1.00038531 0.00032612 0.32261145 0.00001558 349.80263491 -0.19517266 0.02487183 0.00172272
2314.83064655 1.00002430 0.00032606 -0.18819643 0.00001594 346.68097704 0.02389417 0.00515747 0.00086273
2314.83203599 1.00062093 0.00032615 0.42729629 0.00001571 340.24619422 -0.14683900 0.00515747 0.00139162
2314.83273072 1.00040785 0.00032612 -0.14291568 0.00001542 336.91646238 -0.10225530 0.03472900 0.00131773
2314.83342545 1.00082613 0.00032619 0.02876638 0.00001549 333.50244350 0.11149615 -0.02441406 0.00050305
2314.83412017 1.00089661 0.00032620 -0.03221601 0.00001559 329.99828354 -0.01760512 0.05450439 0.00097242
2314.83481490 0.99992156 0.00032604 -0.09922131 0.00001549 326.39795759 0.02605873 -0.00473022 0.00077993
2314.83550963 1.00018670 0.00032608 0.24667850 0.00001553 322.69561051 -0.23856785 0.05450439 0.00181739
2314.83620435 1.00065717 0.00032616 0.00116033 0.00001541 318.88547223 -0.00153717 0.04461670 0.00094701
2314.83689908 1.00036406 0.00032611 -0.23947281 0.00001550 314.96632151 -0.00973321 -0.00473022 0.00104105
2314.83759380 0.99996780 0.00032605 -0.36292030 0.00001533 310.94255395 -0.10886863 0.03472900 0.00140214
2314.83828853 1.00029926 0.00032610 -0.50122264 0.00001553 306.81868836 -0.15005218 -0.01455688 0.00153042
2314.83898326 1.00040437 0.00032612 -0.47329970 0.00001538 302.59945343 -0.12734253 0.06439209 0.00146589
2314.83967799 0.99944919 0.00032596 -0.58168837 0.00001556 298.28950489 -0.06075093 0.01501465 0.00129213
2314.84106743 0.99981001 0.00032602 -0.41492225 0.00001546 289.43908960 -0.09732516 0.00515747 0.00131771
2314.84176216 1.00033045 0.00032611 -0.20064561 0.00001536 284.93594928 0.01718719 0.06439209 0.00101276
2314.84245689 1.00051057 0.00032614 0.23710749 0.00001536 280.40705284 -0.15788837 0.01501465 0.00150678
2314.84315162 0.99995295 0.00032605 0.60399595 0.00001551 275.87202405 -0.06212428 -0.01455688 0.00120075
2314.84384634 1.00029572 0.00032610 0.63497466 0.00001538 271.35030545 -0.06788024 0.06439209 0.00120881
2314.84454107 0.99954258 0.00032598 0.06914778 0.00001541 266.85888611 -0.17683572 0.05450439 0.00157273
2314.84523579 0.99994163 0.00032604 -0.09824032 0.00001541 262.41389223 0.08862876 -0.00473022 0.00066072
2314.84593052 1.00003488 0.00032606 0.01847686 0.00001537 258.03135695 -0.10494796 0.00515747 0.00142594
2314.84662525 0.99992662 0.00032604 0.03971596 0.00001538 253.72732253 -0.07659485 0.03475952 0.00126169
2314.84731997 0.99973887 0.00032601 -0.10895513 0.00001549 249.51767926 -0.12729003 -0.01455688 0.00144485
2314.84801470 0.99938824 0.00032595 0.13011371 0.00001548 245.41124223 -0.19624999 -0.02441406 0.00170744
2314.84870943 1.00006654 0.00032606 0.54629590 0.00001515 241.40884420 -0.09300059 0.01501465 0.00129281
2314.84940416 0.99974636 0.00032601 0.13936865 0.00001534 237.51076075 -0.02761101 -0.01455688 0.00107344
2314.85009887 1.00000279 0.00032605 -0.04611855 0.00001554 233.71733811 -0.15198918 0.04461670 0.00151826
2314.85079360 1.00004929 0.00032606 -0.21990029 0.00001530 230.02872352 -0.10225700 0.00515747 0.00131856
2314.85148833 0.99981280 0.00032602 -0.05385215 0.00001559 226.44360584 -0.06006323 0.02487183 0.00112373
2314.85218306 0.99999374 0.00032605 -0.19394145 0.00001549 222.95570104 0.02284414 -0.02441406 0.00087713
2314.85287779 1.00014496 0.00032608 0.62599524 0.00001525 219.55783085 -0.11448135 -0.01455688 0.00127974
2314.85357251 0.99991705 0.00032604 0.43913281 0.00001544 216.24286477 -0.16664382 0.00515747 0.00160222
2314.85426723 0.99968509 0.00032600 0.13056241 0.00001542 213.00351167 0.05442956 0.01501465 0.00070462
2314.85496197 1.00006622 0.00032606 0.58079470 0.00001532 209.83249733 -0.20227171 -0.00473022 0.00170092
2314.85565669 1.00045466 0.00032613 0.58399883 0.00001522 206.72190405 -0.21204128 0.00515747 0.00172000
2314.85635142 1.00010088 0.00032607 0.80537703 0.00001531 203.66311915 -0.00898938 0.02487183 0.00100628
2314.85704614 1.00036124 0.00032611 0.60792784 0.00001532 200.64778208 -0.05155926 0.01501465 0.00113375
2314.85774087 1.00022174 0.00032609 0.25284913 0.00001534 197.66733439 -0.02104101 -0.01455688 0.00107730
2314.85843559 0.99973692 0.00032601 0.81844822 0.00001551 194.71336520 -0.00223303 0.00515747 0.00094873
2314.85913032 0.99973290 0.00032601 0.55362555 0.00001545 191.77746786 -0.16690740 0.00515747 0.00157022
2314.85982504 0.99926961 0.00032593 0.00607650 0.00001564 188.85133628 -0.06008002 0.06439209 0.00112883
2314.86051977 1.00026888 0.00032610 -0.19948063 0.00001562 185.92652511 -0.08288976 0.00515747 0.00121780
2314.86121450 0.99958900 0.00032599 -0.12679640 0.00001559 182.99473622 -0.27415229 -0.00473022 0.00191904
2314.86190923 0.99878974 0.00032586 -0.03188084 0.00001595 180.04761778 0.02833060 -0.00473022 0.00086413
2314.86260396 1.00006489 0.00032606 0.15853798 0.00001597 177.07680345 -0.05680179 -0.04406738 0.00113859
2314.86329867 0.99955986 0.00032598 0.01581503 0.00001653 174.07391259 -0.12026102 0.03475952 0.00142367
2314.86399340 0.99986811 0.00032603 -0.10600333 0.00001620 171.03040857 -0.28556776 0.01501465 0.00194499
2314.86468813 0.99958952 0.00032599 -0.23683636 0.00001694 167.93789939 0.01188079 0.02487183 0.00101012
2314.86538286 0.99950961 0.00032597 -0.18157629 0.00001706 164.78794922 -0.25074012 0.02487183 0.00189579
2314.86607758 0.99922952 0.00032593 -0.09970776 0.00002330 161.57228014 -0.00166449 0.08419800 0.00103017
2314.86677231 0.99967064 0.00032600 0.26854325 0.00002706 158.28332794 -0.10881071 0.03472900 0.00133675
2314.86746703 1.00018663 0.00032608 0.30905247 0.00002805 154.91410437 -0.10531389 0.00515747 0.00119971
2314.88691938 1.00026265 0.00032610 0.08726279 0.00002722 41.13721571 -0.16196107 0.04461670 0.00156597
2314.88761411 0.99936245 0.00032595 0.07740703 0.00002607 37.78643371 -0.13922714 0.14373779 0.00141822
2314.88830883 1.00072487 0.00032617 0.47433948 0.00002224 34.51519058 -0.02498762 0.10400391 0.00090221
2314.88900356 1.00064426 0.00032616 0.54703577 0.00001923 31.31570227 -0.13330133 0.09408569 0.00139387
2314.88969828 1.00071816 0.00032617 0.50400602 0.00001728 28.17966870 -0.11276016 0.06439209 0.00130411
2314.89039301 1.00047171 0.00032613 -0.85931240 0.00001674 25.09873721 0.00391048 0.06439209 0.00097068
2314.89108774 0.99973935 0.00032601 -0.59114358 0.00001648 22.06454867 -0.22066477 0.07427979 0.00180076
2314.89178246 1.00025511 0.00032609 -0.15258004 0.00001591 19.06879988 -0.04885140 0.02487183 0.00112402
2314.89247719 1.00012366 0.00032607 -0.10261231 0.00001561 16.10301921 -0.15891604 0.11392212 0.00164448
2314.89317192 1.00075875 0.00032618 -0.81621921 0.00001556 13.15887874 -0.00482024 0.09408569 0.00094345
2314.89386665 1.00000508 0.00032605 -1.07813750 0.00001558 10.22799347 0.08993405 0.06439209 0.00066680
2314.89456137 1.00038944 0.00032612 -0.59802625 0.00001566 7.30198431 -0.15154565 0.07427979 0.00162299
2314.89525609 1.00085805 0.00032619 -0.48863334 0.00001570 4.37251529 -0.04061619 0.09408569 0.00124921
2314.89595082 0.99992877 0.00032604 -0.09887309 0.00001571 1.43108295 0.00369648 -0.04406738 0.00091993
2314.89664555 1.00049187 0.00032613 -0.37535997 0.00001563 358.46926394 -0.13114111 -0.01455688 0.00146556
2314.89734028 1.00074484 0.00032617 -0.02841662 0.00001579 355.47856991 0.00139736 0.04461670 0.00095510
2314.89872972 1.00030319 0.00032610 -0.00164545 0.00001549 349.37667407 -0.07676136 0.02487183 0.00136211
2314.89942445 0.99945810 0.00032596 -0.03432286 0.00001558 346.24850623 -0.00860802 0.00515747 0.00096575
2314.90011918 1.00068735 0.00032616 0.08220780 0.00001566 343.05804234 -0.11138373 0.08419800 0.00134797
2314.90081391 1.00017058 0.00032608 0.21928545 0.00001558 339.79744776 -0.14320470 0.06439209 0.00143413
2314.90150863 1.00028745 0.00032610 0.01293407 0.00001553 336.45893893 -0.03765307 -0.01455688 0.00105684
2314.90220336 1.00042654 0.00032612 -0.22181555 0.00001555 333.03456847 0.06105622 0.08419800 0.00066492
2314.90289808 1.00055870 0.00032614 -0.03386204 0.00001529 329.51664873 -0.01248927 -0.00473022 0.00094914
2314.90359281 0.99989361 0.00032604 -0.26449688 0.00001560 325.89988144 0.02828714 0.02487183 0.00084250
2314.90428753 1.00049603 0.00032613 0.20534608 0.00001534 322.18169176 -0.08972625 0.05450439 0.00124414
2314.90498226 1.00027646 0.00032610 -0.10454097 0.00001546 318.35944196 0.02946799 0.08419800 0.00086001
2314.90567699 1.00017724 0.00032608 -0.03236750 0.00001529 314.43068802 0.02653727 0.02487183 0.00087633
2314.90637172 0.99987343 0.00032603 -0.35474829 0.00001532 310.39292333 -0.10426992 0.00515747 0.00129519
2314.90706644 0.99975084 0.00032601 -0.67287402 0.00001524 306.24727068 -0.03829276 0.04461670 0.00118075
2314.90776116 0.99991483 0.00032604 -0.57617819 0.00001529 302.00453176 -0.05648398 0.05450439 0.00130377
2314.90845589 0.99981283 0.00032602 -0.69806862 0.00001551 297.67687833 -0.10618799 0.02487183 0.00143736
2314.90984535 0.99975456 0.00032601 -0.70134667 0.00001555 288.81629053 0.01953360 0.03472900 0.00102493
2314.91054007 0.99960292 0.00032599 -0.02585538 0.00001561 284.30883457 0.08044582 0.04461670 0.00070031
2314.91123479 1.00059763 0.00032615 0.43695549 0.00001532 279.77286967 -0.16672933 -0.03424072 0.00153408
2314.91192952 0.99992003 0.00032604 0.49867685 0.00001544 275.22963238 -0.03545358 -0.01455688 0.00105057
2314.91262425 0.99948248 0.00032597 0.82918719 0.00001550 270.70028502 -0.11250680 0.03475952 0.00131009
2314.91331898 0.99967617 0.00032600 -0.13868369 0.00001544 266.20599945 -0.07533328 0.05450439 0.00125991
2314.91401370 0.99953449 0.00032598 -0.20866064 0.00001536 261.76778589 -0.00370808 0.08419800 0.00099621
2314.91470843 0.99949394 0.00032597 -0.19328223 0.00001534 257.40062927 -0.03455677 0.06439209 0.00125696
2314.91540315 0.99991319 0.00032604 0.03382971 0.00001528 253.11357045 -0.01723911 0.02487183 0.00106721
2314.91609788 0.99914170 0.00032591 0.02568762 0.00001528 248.91527075 0.03303326 -0.03424072 0.00082849
2314.91679261 0.99989407 0.00032604 0.03780003 0.00001538 244.81440008 -0.14732739 0.00515747 0.00144844
2314.91748733 1.00007639 0.00032607 0.48663153 0.00001515 240.81967914 -0.09492749 -0.01455688 0.00119349
2314.91818206 0.99922962 0.00032593 -0.02358906 0.00001543 236.93638500 -0.02613929 0.01501465 0.00107747
2314.91887679 0.99996426 0.00032605 0.01182673 0.00001526 233.16153630 -0.06384363 0.03475952 0.00125202
2314.91957152 0.99974420 0.00032601 -0.33546538 0.00001537 229.49073611 -0.14684240 0.04461670 0.00157571
2314.92026623 0.99981899 0.00032602 -0.09338844 0.00001536 225.91963869 0.02993234 0.02487183 0.00088642
2314.92096096 0.99947927 0.00032597 -0.05519634 0.00001567 222.44372528 -0.09419682 -0.03424072 0.00132805
2314.92165569 1.00027515 0.00032610 0.85761297 0.00001524 219.05831681 -0.04045541 0.01501465 0.00103285
2314.92235042 0.99969376 0.00032600 0.49178801 0.00001525 215.75627104 -0.25512279 0.02487183 0.00180396
2314.92304515 1.00002982 0.00032606 0.29282356 0.00001529 212.52942338 -0.00961758 -0.01455688 0.00088491
2314.92373986 1.00042887 0.00032612 0.62837436 0.00001513 209.36965112 -0.08423223 0.02487183 0.00118029
2314.92443459 0.99984069 0.00032603 0.63153287 0.00001557 206.26867961 -0.13614793 0.06439209 0.00133756
2314.92512932 0.99987993 0.00032603 0.67794637 0.00001575 203.21838233 -0.13443892 0.02487183 0.00140202
2314.92582405 1.00021068 0.00032609 0.61347096 0.00001554 200.21046019 -0.03858765 -0.02441406 0.00100446
2314.92651877 1.00011093 0.00032607 0.50525319 0.00001534 197.23652739 -0.18034158 0.02487183 0.00163081
2314.92721350 0.99957362 0.00032598 0.53915876 0.00001552 194.28804724 -0.05309813 0.00515747 0.00112711
2314.92790822 0.99900212 0.00032589 0.46993277 0.00001602 191.35663286 -0.01762276 0.04461670 0.00092105
2314.92860295 1.00000225 0.00032605 0.02445574 0.00001595 188.43384279 -0.04773894 0.04461670 0.00109383
2314.92929768 0.99976106 0.00032601 -0.25019341 0.00001580 185.51124626 -0.14311830 0.03472900 0.00145897
2314.92999240 0.99989322 0.00032604 -0.20333991 0.00001550 182.58046795 -0.12173282 0.03475952 0.00135624
2314.93068713 0.99904223 0.00032590 -0.14216606 0.00001595 179.63299291 0.06704357 -0.01455688 0.00067928
2314.93138186 0.99953404 0.00032598 -0.00049399 0.00001578 176.66044752 0.01152463 0.00515747 0.00093770
2314.93207659 1.00047245 0.00032613 -0.00846893 0.00001617 173.65441514 -0.06779204 0.01501465 0.00121329
2314.93277131 0.99937795 0.00032595 -0.23999829 0.00001646 170.60649247 -0.15043960 0.01501465 0.00147079
2314.93346603 0.99954554 0.00032598 -0.35617315 0.00001711 167.50846789 0.01672764 0.03472900 0.00096667
2314.93416076 0.99992325 0.00032604 0.23732550 0.00001767 164.35203014 -0.18386363 0.08419800 0.00163573
2314.93485549 0.99967569 0.00032600 0.13856340 0.00002518 161.12901865 -0.07976356 0.08419800 0.00122467
2314.93555022 1.00063586 0.00032616 0.35235685 0.00002900 157.83122783 -0.20945900 -0.02441406 0.00165466
2314.95569727 1.00039711 0.00032612 0.17706227 0.00002852 40.63296793 -0.15077321 0.14373779 0.00144169
2314.95639200 0.99980670 0.00032602 0.18015415 0.00002534 37.29627455 -0.09966107 0.09408569 0.00134391
2314.95708673 0.99888745 0.00032587 0.67221822 0.00002034 34.03737709 -0.16621084 0.09408569 0.00136705
2314.95778146 0.99955431 0.00032598 0.42991168 0.00001753 30.84860787 -0.20217763 0.13378906 0.00162496
2314.95847617 1.00034468 0.00032611 0.38697139 0.00001788 27.72233850 -0.07568276 0.06439209 0.00123750
2314.95917090 0.99970318 0.00032600 -0.64172930 0.00001667 24.65039098 -0.13615526 0.08419800 0.00150190
2314.95986563 1.00052654 0.00032614 0.02849498 0.00001599 21.62435436 -0.19659779 0.03475952 0.00160812
2314.96056036 0.99996722 0.00032605 -0.16748077 0.00001584 18.63575471 -0.04273806 0.11392212 0.00105690
2314.96125509 1.00056141 0.00032614 -0.01438846 0.00001578 15.67611201 -0.00680890 0.02487183 0.00096924
2314.96194980 1.00005487 0.00032606 -0.61974810 0.00001569 12.73700153 -0.01598015 0.04461670 0.00111359
2314.96264453 1.00045970 0.00032613 -0.95076475 0.00001561 9.80986334 0.07924189 0.01501465 0.00063296
2314.96333926 0.99981656 0.00032602 -0.58836647 0.00001559 6.88633598 -0.09259394 0.01501465 0.00130086
2314.96403399 1.00016501 0.00032608 -0.57692759 0.00001530 3.95800911 -0.14789852 0.02487183 0.00155567
2314.96472871 1.00060638 0.00032615 -0.26522679 0.00001551 1.01652620 -0.06445171 -0.01455688 0.00121049
2314.96542344 1.00025353 0.00032609 -0.56923266 0.00001542 358.05338276 -0.10118666 0.03472900 0.00133918
2314.96611816 1.00076103 0.00032618 0.00859603 0.00001539 355.06021217 -0.04978515 0.04461670 0.00114213
2314.96750762 1.00059247 0.00032615 -0.14072862 0.00001541 348.94999098 -0.02912765 -0.03424072 0.00105644
2314.96820234 1.00008977 0.00032607 0.00445274 0.00001627 345.81607063 -0.02706461 -0.02441406 0.00098593
2314.96889707 1.00027954 0.00032610 0.21229603 0.00001561 342.61823899 -0.08970396 0.02487183 0.00121460
2314.96959180 0.99990267 0.00032604 0.22651935 0.00001574 339.34813546 -0.07928188 0.03475952 0.00125457
2314.97028652 1.00039664 0.00032612 0.13012578 0.00001543 335.99832345 -0.09745622 0.01501465 0.00128614
2314.97098124 1.00057403 0.00032615 -0.12383529 0.00001538 332.56237687 0.06898543 0.02487183 0.00064697
2314.97167597 1.00052867 0.00032614 0.19749928 0.00001546 329.03373475 -0.05154778 0.06439209 0.00100817
2314.97237070 0.99991082 0.00032604 -0.16739947 0.00001543 325.40600277 0.03196181 -0.00473022 0.00081271
2314.97306543 1.00010909 0.00032607 0.28200892 0.00001560 321.67274698 -0.09801468 -0.01455688 0.00123839
2314.97376016 0.99996928 0.00032605 -0.20683744 0.00001561 317.83016696 0.00342581 0.01501465 0.00090398
2314.97445487 0.99990417 0.00032604 -0.20453986 0.00001556 313.88071517 -0.11465478 0.00515747 0.00133602
2314.97514960 0.99964847 0.00032600 -0.42054088 0.00001547 309.82751833 -0.09526648 0.06439209 0.00128699
2314.97584433 0.99980292 0.00032602 -0.45848960 0.00001545 305.67390939 0.00715738 0.04461670 0.00088729
2314.97653906 0.99922542 0.00032593 -0.36164950 0.00001545 301.42314763 -0.10308360 0.04461670 0.00130730
2314.97723378 1.00040417 0.00032612 -0.81345542 0.00001537 297.08018844 0.01111408 0.03472900 0.00100713
2314.97862323 0.99971583 0.00032601 -0.56779136 0.00001551 288.18125213 -0.03645250 0.01501465 0.00113449
2314.97931796 0.99980340 0.00032602 -0.07548499 0.00001563 283.66319398 0.05943310 -0.01455688 0.00071463
2314.98001269 1.00034291 0.00032611 0.06606764 0.00001540 279.12464267 -0.11086753 0.02487183 0.00139391
2314.98070741 0.99953792 0.00032598 0.27029102 0.00001540 274.58457302 -0.06356934 0.02487183 0.00123915
2314.98140214 1.00017452 0.00032608 0.68673076 0.00001524 270.06102114 -0.16694564 0.04461670 0.00146855
2314.98209687 1.00000384 0.00032605 -0.13242745 0.00001542 265.57159865 0.00667087 0.05450439 0.00101312
2314.98279159 1.00008348 0.00032607 0.10813978 0.00001524 261.13380600 -0.00582208 -0.01455688 0.00101498
2314.98348631 1.00010745 0.00032607 0.10579321 0.00001553 256.76522301 -0.05717942 0.04461670 0.00117477
2314.98418104 1.00066459 0.00032616 0.10198628 0.00001517 252.48319127 0.04856867 0.00515747 0.00086325
2314.98487577 0.99971534 0.00032601 0.09940589 0.00001529 248.30078738 -0.21967625 0.04461670 0.00179328
2314.98557050 0.99970776 0.00032601 -0.02703978 0.00001531 244.22076103 -0.07345880 -0.01455688 0.00125431
2314.98626523 0.99943032 0.00032596 0.17643807 0.00001529 240.24442219 -0.04965325 0.04461670 0.00109762
2314.98695994 0.99910502 0.00032591 -0.11096211 0.00001533 236.37315360 -0.09387417 0.00515747 0.00133138
2314.98765467 0.99993179 0.00032604 -0.29901357 0.00001540 232.60813554 -0.01280059 -0.03424072 0.00099102
2314.98834940 1.00022888 0.00032609 -0.43574790 0.00001519 228.94991022 -0.15651455 0.00515747 0.00157922
2314.98904413 1.00011724 0.00032607 -0.07200961 0.00001528 225.39379257 0.03992395 -0.01455688 0.00085887
2314.98973885 0.99942466 0.00032596 -0.17680322 0.00001532 221.93321059 -0.12482581 0.00515747 0.00137382
2314.99043357 1.00036739 0.00032611 0.56319541 0.00001525 218.56141521 -0.09718502 0.00515747 0.00130607
2314.99112830 0.99964080 0.00032599 0.18614238 0.00001544 215.27182712 -0.02758334 -0.01455688 0.00113170
2314.99182303 1.00002505 0.00032606 0.25649321 0.00001534 212.05775753 -0.13330117 0.02487183 0.00138461
2314.99251776 1.00060300 0.00032615 0.46419310 0.00001506 208.91135355 -0.09835827 -0.01455688 0.00122144
2314.99321248 1.00015771 0.00032608 0.59481612 0.00001512 205.82374678 0.00357712 -0.01455688 0.00088163
2314.99390721 0.99982149 0.00032602 0.71316943 0.00001533 202.78586710 -0.09687879 -0.00473022 0.00131654
2314.99460193 1.00090953 0.00032620 0.53189409 0.00001558 199.78880617 -0.24539369 0.00515747 0.00181974
2314.99529666 0.99920089 0.00032592 0.49520766 0.00001577 196.82359862 -0.00833224 0.01501465 0.00100328
2314.99599139 0.99982972 0.00032603 0.53829335 0.00001593 193.88153717 -0.02584172 0.04461670 0.00104383
2314.99668611 1.00054222 0.00032614 0.49132928 0.00001551 190.95452352 -0.09341324 0.02487183 0.00117917
2314.99738084 1.00021563 0.00032609 -0.03020822 0.00001576 188.03439372 -0.14226275 -0.03424072 0.00141230
2314.99807557 0.99968526 0.00032600 -0.37725159 0.00001565 185.11313112 -0.19666542 -0.00473022 0.00167874
2314.99877030 0.99931313 0.00032594 -0.14734665 0.00001564 182.18266530 -0.10655968 0.02487183 0.00135929
2314.99946501 0.99994180 0.00032604 -0.13597339 0.00001560 179.23492185 0.04848317 0.05450439 0.00075484
2315.00015974 1.00027154 0.00032610 0.16784561 0.00001610 176.26131309 -0.10519118 -0.03424072 0.00124857
2315.00085447 0.99966399 0.00032600 -0.09132295 0.00001611 173.25327291 -0.03572042 0.00515747 0.00101509
2315.00154920 0.99949863 0.00032597 -0.45158271 0.00001666 170.20217961 -0.09760856 0.01501465 0.00124979
2315.00224393 0.99963162 0.00032599 -0.43097752 0.00001668 167.09941752 -0.07009396 -0.01455688 0.00123822
2315.00293864 0.99968495 0.00032600 0.09122651 0.00001826 163.93645124 -0.19712556 -0.03424072 0.00162891
2315.00363337 0.99986656 0.00032603 0.04302483 0.00002821 160.70522950 -0.06275997 0.01501465 0.00117895
2315.00432810 1.00025363 0.00032609 0.31555516 0.00003205 157.39844125 -0.17131488 0.07427979 0.00164632
2315.00502283 0.99975881 0.00032601 0.10995596 0.00003495 154.00873884 -0.07479261 0.06439209 0.00118884
